7 0.701172 0.000000 0.643750 0.000000 0.629687 0.026562 0.621875 0.029687 0.621875 0.187500 0.626563 0.187500 0.643750 0.209375 0.660937 0.218750 0.664062 0.226562 0.700000 0.226562 0.703125 0.218750 0.732812 0.204687 0.795312 0.217188 0.809375 0.196875 0.832812 0.104688 0.839063 0.103125 0.839063 0.096875 0.832812 0.095312 0.828125 0.076563 0.807813 0.054688 0.768750 0.039062 0.728125 0.029687 0.720313 0.023438 0.709375 0.000000
1 0.349948 0.003125 0.121875 0.003125 0.121875 0.276562 0.146875 0.276562 0.151562 0.268750 0.206250 0.254688 0.317188 0.243750 0.342187 0.229687 0.353125 0.210938 0.357812 0.187500 0.364063 0.185938 0.364063 0.010937 0.357812 0.009375 0.357812 0.003125
2 0.574805 0.003125 0.390625 0.003125 0.390625 0.009375 0.384375 0.010937 0.384375 0.223438 0.390625 0.225000 0.414062 0.257812 0.429688 0.265625 0.457813 0.270313 0.528125 0.265625 0.571875 0.251563 0.596875 0.225000 0.601562 0.225000 0.601562 0.118750 0.595313 0.117188 0.595313 0.084375 0.601562 0.082812 0.601562 0.054688 0.595313 0.053125 0.593750 0.028125 0.582812 0.003125
0 0.160938 0.684375 0.121875 0.684375 0.121875 0.993750 0.129688 0.998437 0.334375 0.998437 0.353125 0.975000 0.364063 0.950000 0.370312 0.948438 0.370312 0.757812 0.362500 0.754687 0.353125 0.734375 0.326562 0.714063 0.246875 0.709375 0.171875 0.692187 0.168750 0.684375
0 0.356250 0.003125 0.121875 0.003125 0.121875 0.289062 0.140625 0.289062 0.142187 0.282813 0.160938 0.276562 0.220312 0.265625 0.317188 0.254688 0.343750 0.242188 0.357812 0.229687 0.364063 0.215625 0.370312 0.214062 0.370312 0.023438 0.364063 0.021875 0.364063 0.017188 0.370312 0.015625 0.364063 0.014063 0.364063 0.003125
4 0.796514 0.240625 0.698438 0.240625 0.693750 0.248438 0.628125 0.270313 0.578125 0.312500 0.578125 0.632812 0.615625 0.662500 0.637500 0.690625 0.664062 0.701562 0.665625 0.707812 0.689063 0.696875 0.764062 0.689063 0.796875 0.670312 0.837500 0.656250 0.843750 0.645312 0.834375 0.618750 0.829688 0.553125 0.839063 0.523438 0.848437 0.510938 0.851562 0.475000 0.857812 0.473438 0.850000 0.464062 0.850000 0.437500 0.857812 0.432812 0.857812 0.398438 0.851562 0.396875 0.843750 0.370312 0.843750 0.281250 0.826562 0.260937 0.804688 0.245312 0.804688 0.240625
0 0.592014 0.003125 0.384375 0.003125 0.384375 0.242188 0.426563 0.270313 0.462500 0.276562 0.464062 0.282813 0.493750 0.282813 0.495312 0.276562 0.567187 0.260937 0.595313 0.239063 0.604688 0.217188 0.607812 0.134375 0.607812 0.050000 0.600000 0.003125
0 0.794866 0.234375 0.687500 0.234375 0.682813 0.242188 0.607812 0.271875 0.585938 0.298438 0.578125 0.301563 0.578125 0.667188 0.582812 0.667188 0.596875 0.687500 0.615625 0.703125 0.673438 0.723437 0.746875 0.728125 0.810937 0.721875 0.835938 0.709375 0.856250 0.679688 0.862500 0.306250 0.845313 0.267188 0.828125 0.251563 0.806250 0.242188 0.803125 0.234375
1 0.153125 0.684375 0.121875 0.684375 0.121875 0.943750 0.132812 0.945312 0.164062 0.970313 0.198437 0.970313 0.207813 0.976562 0.207813 0.982812 0.234375 0.982812 0.234375 0.976562 0.242188 0.970313 0.295312 0.970313 0.303125 0.964063 0.276562 0.951562 0.295312 0.931250 0.353125 0.921875 0.360938 0.912500 0.359375 0.746875 0.345313 0.726562 0.321875 0.714063 0.217188 0.704688 0.164062 0.692187 0.160938 0.684375
0 0.370245 0.271875 0.196875 0.271875 0.193750 0.279687 0.121875 0.307812 0.121875 0.660937 0.214062 0.687500 0.276562 0.700000 0.281250 0.707812 0.337500 0.707812 0.342187 0.700000 0.404687 0.687500 0.515625 0.675000 0.534375 0.667188 0.551562 0.651563 0.562500 0.626563 0.564063 0.587500 0.570312 0.585938 0.562500 0.542188 0.564063 0.459375 0.570312 0.457813 0.570312 0.346875 0.562500 0.343750 0.548438 0.321875 0.529687 0.309375 0.484375 0.300000 0.442188 0.298438 0.382812 0.279687 0.378125 0.271875
0 0.804552 0.000000 0.629687 0.000000 0.628125 0.004687 0.621875 0.004687 0.621875 0.193750 0.626563 0.193750 0.645312 0.215625 0.662500 0.225000 0.754687 0.223438 0.768750 0.226562 0.770312 0.232813 0.815625 0.232813 0.817187 0.226562 0.835938 0.217188 0.856250 0.192188 0.864062 0.189062 0.864062 0.075000 0.857812 0.073438 0.845313 0.042188 0.812500 0.000000
8 0.789844 0.803125 0.746875 0.803125 0.746875 0.807813 0.740625 0.814063 0.729688 0.823438 0.721875 0.825000 0.721875 0.878125 0.728125 0.879687 0.732812 0.889062 0.748437 0.906250 0.771875 0.914062 0.773438 0.920312 0.784375 0.920312 0.785937 0.914062 0.796875 0.912500 0.807813 0.904687 0.818750 0.890625 0.832812 0.864062 0.839063 0.862500 0.839063 0.848437 0.834375 0.848437 0.823438 0.829688 0.798438 0.809375 0.798438 0.803125
0 0.545038 0.690625 0.415625 0.690625 0.415625 0.695312 0.384375 0.721875 0.384375 0.965625 0.415625 0.987500 0.418750 0.995313 0.543750 0.995313 0.545312 0.989062 0.575000 0.976562 0.598437 0.945312 0.607812 0.940625 0.607812 0.753125 0.600000 0.750000 0.582812 0.715625 0.554688 0.696875 0.553125 0.690625
0 0.813992 0.734375 0.648438 0.734375 0.623437 0.765625 0.615625 0.768750 0.615625 0.950000 0.650000 0.973437 0.654687 0.982812 0.710938 0.982812 0.712500 0.976562 0.790625 0.971875 0.815625 0.959375 0.826562 0.946875 0.842187 0.918750 0.851562 0.887500 0.857812 0.885938 0.857812 0.776563 0.850000 0.773438 0.821875 0.734375
2 0.418750 0.690625 0.417187 0.692187 0.417187 0.695312 0.406250 0.706250 0.404687 0.706250 0.396875 0.714063 0.390625 0.714063 0.390625 0.923438 0.392188 0.925000 0.392188 0.946875 0.393750 0.948438 0.393750 0.953125 0.395313 0.954688 0.395313 0.957812 0.396875 0.959375 0.396875 0.962500 0.398438 0.964063 0.398438 0.965625 0.401562 0.968750 0.401562 0.970313 0.410938 0.979688 0.412500 0.979688 0.414062 0.981250 0.415625 0.981250 0.417187 0.982812 0.418750 0.982812 0.420312 0.984375 0.421875 0.984375 0.423438 0.985938 0.429688 0.985938 0.431250 0.987500 0.437500 0.987500 0.439063 0.989062 0.457813 0.989062 0.459375 0.987500 0.468750 0.987500 0.470313 0.989062 0.478125 0.989062 0.479687 0.987500 0.487500 0.987500 0.489063 0.985938 0.523438 0.985938 0.525000 0.984375 0.542188 0.984375 0.543750 0.982812 0.550000 0.982812 0.551562 0.981250 0.554688 0.981250 0.556250 0.979688 0.559375 0.979688 0.560937 0.978125 0.562500 0.978125 0.564063 0.976562 0.565625 0.976562 0.567187 0.975000 0.568750 0.975000 0.570312 0.973437 0.571875 0.973437 0.575000 0.970313 0.576562 0.970313 0.582812 0.964063 0.582812 0.962500 0.590625 0.954688 0.590625 0.953125 0.593750 0.950000 0.593750 0.948438 0.595313 0.946875 0.595313 0.945312 0.596875 0.943750 0.596875 0.939063 0.598437 0.937500 0.598437 0.921875 0.600000 0.920312 0.600000 0.912500 0.598437 0.912500 0.596875 0.910937 0.595313 0.910937 0.593750 0.909375 0.593750 0.832812 0.595313 0.831250 0.596875 0.831250 0.598437 0.829688 0.600000 0.829688 0.600000 0.756250 0.598437 0.756250 0.596875 0.754687 0.595313 0.754687 0.593750 0.753125 0.593750 0.751563 0.592187 0.750000 0.592187 0.746875 0.590625 0.745313 0.590625 0.740625 0.589063 0.739062 0.589063 0.735938 0.587500 0.734375 0.587500 0.729688 0.585938 0.728125 0.585938 0.725000 0.584375 0.723437 0.584375 0.720313 0.582812 0.720313 0.575000 0.712500 0.573438 0.712500 0.565625 0.704688 0.564063 0.704688 0.562500 0.703125 0.559375 0.703125 0.557813 0.701562 0.556250 0.701562 0.554688 0.700000 0.551562 0.700000 0.550000 0.698438 0.546875 0.698438 0.543750 0.695312 0.543750 0.693750 0.542188 0.692187 0.542188 0.690625
5 0.128125 0.473438 0.126562 0.487500 0.167187 0.528125 0.181250 0.531250 0.181250 0.539062 0.250000 0.584375 0.256250 0.579688 0.281250 0.595313 0.362500 0.603125 0.406250 0.592187 0.390625 0.550000 0.210938 0.398438 0.190625 0.396875
5 0.328125 0.273438 0.259375 0.337500 0.240625 0.340625 0.242188 0.354687 0.325000 0.435937 0.335938 0.439063 0.421875 0.517188 0.479687 0.535937 0.507812 0.564063 0.543750 0.554688 0.548438 0.545312 0.545312 0.521875 0.406250 0.343750 0.379688 0.321875 0.343750 0.278125
5 0.125000 0.351562 0.123438 0.445312 0.128125 0.456250 0.189062 0.400000 0.195312 0.387500 0.156250 0.353125
5 0.125000 0.503125 0.126562 0.632812 0.176563 0.635938 0.192188 0.632812 0.210938 0.617188 0.228125 0.620313 0.237500 0.635938 0.243750 0.635938 0.256250 0.632812 0.254688 0.625000 0.276562 0.612500 0.271875 0.598437 0.234375 0.582812 0.135937 0.504687 0.126562 0.498437
5 0.387500 0.318750 0.382812 0.320312 0.385937 0.325000 0.526563 0.492188 0.534375 0.476562 0.539062 0.418750 0.540625 0.342187 0.535937 0.323437 0.462500 0.326562 0.434375 0.310937
