6 0.014063 0.259375 0.018750 0.287500 0.000000 0.307812 0.004687 0.368750 0.053125 0.426563 0.067187 0.435937 0.095312 0.439063 0.184375 0.428125 0.201563 0.420312 0.215625 0.393750 0.220312 0.293750 0.232813 0.240625 0.232813 0.232813 0.209375 0.204687 0.190625 0.201563 0.185938 0.195312 0.159375 0.193750 0.135937 0.201563 0.131250 0.210938 0.101562 0.215625 0.096875 0.223438 0.051562 0.229687 0.042188 0.240625 0.023438 0.243750
2 0.629687 0.456250 0.626563 0.518750 0.632812 0.545312 0.651563 0.590625 0.681250 0.614062 0.851562 0.615625 0.909375 0.601562 0.937500 0.573438 0.940625 0.529687 0.928125 0.443750 0.898438 0.409375 0.768750 0.404687 0.670312 0.417187 0.653125 0.425000
2 0.017188 0.496875 0.020313 0.618750 0.043750 0.640625 0.084375 0.650000 0.204687 0.643750 0.231250 0.621875 0.243750 0.573438 0.243750 0.515625 0.232813 0.473438 0.217188 0.460938 0.071875 0.465625 0.032813 0.475000
7 0.721875 0.664062 0.712500 0.770312 0.725000 0.806250 0.745313 0.834375 0.787500 0.862500 0.840625 0.871875 0.862500 0.871875 0.923438 0.842187 0.925000 0.814063 0.901563 0.650000 0.778125 0.648438 0.726562 0.654687
8 0.067187 0.751563 0.081250 0.848437 0.103125 0.871875 0.192188 0.834375 0.204687 0.726562 0.181250 0.698438 0.132812 0.714063
1 0.604688 0.175000 0.603125 0.206250 0.640625 0.350000 0.668750 0.381250 0.692187 0.384375 0.865625 0.365625 0.907813 0.337500 0.917188 0.303125 0.906250 0.192188 0.879687 0.148438 0.796875 0.126562 0.712500 0.126562 0.643750 0.139063 0.610938 0.160938
4 0.235937 0.689063 0.226562 0.762500 0.275000 0.848437 0.307812 0.871875 0.657813 0.875000 0.668750 0.867188 0.687500 0.781250 0.671875 0.706250 0.650000 0.650000 0.632812 0.626563 0.617188 0.618750 0.570312 0.612500 0.354687 0.620313 0.292187 0.632812 0.257812 0.648438 0.242188 0.667188
5 0.368750 0.257812 0.378125 0.310937 0.568750 0.503125 0.581250 0.507812 0.598437 0.443750 0.604688 0.385937 0.589063 0.284375 0.575000 0.254688 0.506250 0.162500 0.490625 0.159375 0.412500 0.175000
5 0.287500 0.371875 0.282813 0.418750 0.434375 0.570312 0.454688 0.579688 0.518750 0.570312 0.539062 0.556250 0.539062 0.546875 0.432812 0.426563 0.345313 0.337500 0.320312 0.335938
0 0.568750 0.606250 0.567187 0.607812 0.560937 0.607812 0.559375 0.609375 0.542188 0.609375 0.540625 0.610938 0.517188 0.610938 0.515625 0.612500 0.465625 0.612500 0.464062 0.614062 0.454688 0.614062 0.453125 0.615625 0.351562 0.615625 0.350000 0.617188 0.329688 0.617188 0.328125 0.618750 0.293750 0.618750 0.292187 0.620313 0.279687 0.620313 0.278125 0.621875 0.273438 0.621875 0.271875 0.623437 0.268750 0.623437 0.267188 0.625000 0.265625 0.625000 0.264062 0.626563 0.262500 0.626563 0.259375 0.629687 0.257812 0.629687 0.245312 0.642188 0.245312 0.643750 0.242188 0.646875 0.242188 0.648438 0.240625 0.650000 0.240625 0.651563 0.239063 0.653125 0.239063 0.656250 0.237500 0.657813 0.237500 0.660937 0.235937 0.662500 0.235937 0.671875 0.234375 0.673438 0.234375 0.676562 0.232813 0.678125 0.232813 0.681250 0.231250 0.682813 0.231250 0.692187 0.229687 0.693750 0.229687 0.706250 0.228125 0.707812 0.228125 0.714063 0.226562 0.715625 0.226562 0.720313 0.225000 0.721875 0.225000 0.728125 0.223438 0.729688 0.223438 0.735938 0.221875 0.737500 0.221875 0.790625 0.223438 0.792188 0.223438 0.812500 0.225000 0.814063 0.225000 0.820312 0.226562 0.821875 0.226562 0.826562 0.228125 0.828125 0.228125 0.832812 0.229687 0.834375 0.229687 0.839063 0.231250 0.840625 0.231250 0.845313 0.232813 0.846875 0.232813 0.851562 0.234375 0.853125 0.234375 0.854688 0.235937 0.856250 0.235937 0.857812 0.237500 0.859375 0.237500 0.860938 0.239063 0.862500 0.239063 0.864062 0.243750 0.868750 0.243750 0.870313 0.250000 0.876563 0.289062 0.876563 0.290625 0.878125 0.296875 0.878125 0.298438 0.879687 0.401562 0.879687 0.403125 0.881250 0.450000 0.881250 0.451562 0.882812 0.482812 0.882812 0.484375 0.881250 0.498437 0.881250 0.500000 0.879687 0.507812 0.879687 0.509375 0.881250 0.517188 0.881250 0.518750 0.882812 0.559375 0.882812 0.560937 0.881250 0.568750 0.881250 0.570312 0.879687 0.573438 0.879687 0.575000 0.878125 0.585938 0.878125 0.587500 0.879687 0.592187 0.879687 0.593750 0.881250 0.635938 0.881250 0.637500 0.879687 0.642188 0.879687 0.643750 0.878125 0.645312 0.878125 0.646875 0.876563 0.648438 0.876563 0.650000 0.875000 0.651563 0.875000 0.653125 0.873437 0.654687 0.873437 0.657813 0.870313 0.659375 0.870313 0.662500 0.867188 0.664062 0.867188 0.673438 0.857812 0.673438 0.856250 0.676562 0.853125 0.676562 0.851562 0.678125 0.850000 0.678125 0.848437 0.679688 0.846875 0.679688 0.845313 0.681250 0.843750 0.681250 0.840625 0.682813 0.839063 0.682813 0.835938 0.684375 0.834375 0.684375 0.707812 0.682813 0.706250 0.682813 0.700000 0.681250 0.698438 0.681250 0.693750 0.679688 0.692187 0.679688 0.689063 0.678125 0.687500 0.678125 0.685937 0.676562 0.684375 0.676562 0.682813 0.675000 0.681250 0.675000 0.678125 0.673438 0.676562 0.673438 0.675000 0.671875 0.673438 0.671875 0.671875 0.670312 0.670312 0.670312 0.668750 0.667188 0.665625 0.667188 0.664062 0.660937 0.657813 0.660937 0.656250 0.657813 0.653125 0.657813 0.651563 0.651563 0.645312 0.651563 0.643750 0.648438 0.640625 0.648438 0.639062 0.626563 0.617188 0.625000 0.617188 0.621875 0.614062 0.620313 0.614062 0.618750 0.612500 0.617188 0.612500 0.615625 0.610938 0.614062 0.610938 0.612500 0.609375 0.607812 0.609375 0.606250 0.607812 0.600000 0.607812 0.598437 0.606250
0 0.484375 0.128125 0.482812 0.129688 0.476562 0.129688 0.475000 0.131250 0.471875 0.131250 0.470313 0.132812 0.468750 0.132812 0.467187 0.134375 0.448437 0.134375 0.446875 0.135937 0.439063 0.135937 0.437500 0.137500 0.425000 0.137500 0.423438 0.139063 0.412500 0.139063 0.410938 0.140625 0.395313 0.140625 0.393750 0.142187 0.385937 0.142187 0.384375 0.143750 0.381250 0.143750 0.379688 0.145313 0.373437 0.145313 0.371875 0.146875 0.368750 0.146875 0.367188 0.148438 0.360938 0.148438 0.359375 0.150000 0.354687 0.150000 0.353125 0.151562 0.351562 0.150000 0.323437 0.150000 0.321875 0.151562 0.318750 0.151562 0.317188 0.153125 0.314063 0.153125 0.312500 0.154688 0.310937 0.154688 0.309375 0.156250 0.307812 0.156250 0.306250 0.157812 0.304688 0.157812 0.303125 0.159375 0.301563 0.159375 0.300000 0.160938 0.296875 0.160938 0.295312 0.162500 0.293750 0.162500 0.292187 0.164062 0.290625 0.164062 0.289062 0.165625 0.287500 0.165625 0.284375 0.168750 0.282813 0.168750 0.270313 0.181250 0.270313 0.182812 0.267188 0.185938 0.267188 0.187500 0.265625 0.189062 0.265625 0.190625 0.264062 0.192188 0.264062 0.193750 0.262500 0.195312 0.262500 0.198437 0.260937 0.200000 0.260937 0.206250 0.259375 0.207813 0.259375 0.215625 0.256250 0.218750 0.256250 0.220312 0.253125 0.223438 0.253125 0.225000 0.251563 0.226562 0.251563 0.228125 0.250000 0.229687 0.250000 0.232813 0.248438 0.234375 0.248438 0.239063 0.246875 0.240625 0.246875 0.250000 0.245312 0.251563 0.245312 0.254688 0.243750 0.256250 0.243750 0.257812 0.242188 0.259375 0.242188 0.264062 0.240625 0.265625 0.240625 0.281250 0.239063 0.282813 0.239063 0.284375 0.237500 0.285938 0.237500 0.289062 0.235937 0.290625 0.235937 0.293750 0.234375 0.295312 0.234375 0.310937 0.232813 0.312500 0.232813 0.315625 0.231250 0.317188 0.231250 0.320312 0.229687 0.321875 0.229687 0.326562 0.228125 0.328125 0.228125 0.335938 0.226562 0.337500 0.226562 0.360938 0.228125 0.362500 0.228125 0.370312 0.229687 0.371875 0.229687 0.375000 0.231250 0.376563 0.231250 0.379688 0.232813 0.381250 0.232813 0.382812 0.234375 0.384375 0.234375 0.385937 0.235937 0.387500 0.235937 0.417187 0.237500 0.418750 0.237500 0.428125 0.239063 0.429688 0.239063 0.434375 0.240625 0.435937 0.240625 0.440625 0.242188 0.442188 0.242188 0.445312 0.243750 0.446875 0.243750 0.448437 0.245312 0.450000 0.245312 0.462500 0.246875 0.464062 0.246875 0.468750 0.248438 0.470313 0.248438 0.476562 0.250000 0.478125 0.250000 0.484375 0.251563 0.485938 0.251563 0.495312 0.253125 0.496875 0.253125 0.526563 0.254688 0.528125 0.254688 0.540625 0.256250 0.542188 0.256250 0.546875 0.257812 0.548438 0.257812 0.551562 0.259375 0.553125 0.259375 0.557813 0.260937 0.559375 0.260937 0.562500 0.262500 0.564063 0.262500 0.567187 0.264062 0.568750 0.264062 0.571875 0.265625 0.573438 0.265625 0.576562 0.267188 0.578125 0.267188 0.579688 0.270313 0.582812 0.270313 0.584375 0.273438 0.587500 0.273438 0.589063 0.281250 0.596875 0.282813 0.596875 0.287500 0.601562 0.289062 0.601562 0.290625 0.603125 0.292187 0.603125 0.293750 0.604688 0.295312 0.604688 0.296875 0.606250 0.298438 0.606250 0.300000 0.607812 0.303125 0.607812 0.304688 0.609375 0.314063 0.609375 0.315625 0.610938 0.325000 0.610938 0.326562 0.609375 0.334375 0.609375 0.335938 0.607812 0.339062 0.607812 0.340625 0.606250 0.343750 0.606250 0.345313 0.604688 0.360938 0.604688 0.362500 0.603125 0.421875 0.603125 0.423438 0.604688 0.510938 0.604688 0.512500 0.603125 0.548438 0.603125 0.550000 0.601562 0.553125 0.601562 0.554688 0.600000 0.557813 0.600000 0.559375 0.598437 0.562500 0.598437 0.564063 0.596875 0.567187 0.596875 0.568750 0.595313 0.571875 0.595313 0.573438 0.593750 0.575000 0.593750 0.576562 0.592187 0.578125 0.592187 0.579688 0.590625 0.581250 0.590625 0.584375 0.587500 0.585938 0.587500 0.596875 0.576562 0.596875 0.575000 0.600000 0.571875 0.600000 0.570312 0.601562 0.568750 0.601562 0.567187 0.603125 0.565625 0.603125 0.564063 0.604688 0.562500 0.604688 0.560937 0.606250 0.559375 0.606250 0.556250 0.607812 0.554688 0.607812 0.551562 0.609375 0.550000 0.609375 0.518750 0.607812 0.517188 0.607812 0.514062 0.606250 0.512500 0.606250 0.509375 0.604688 0.507812 0.604688 0.501563 0.603125 0.500000 0.603125 0.490625 0.604688 0.489063 0.604688 0.448437 0.606250 0.446875 0.606250 0.435937 0.607812 0.434375 0.607812 0.415625 0.609375 0.414062 0.609375 0.378125 0.610938 0.376563 0.610938 0.360938 0.612500 0.359375 0.612500 0.290625 0.610938 0.289062 0.610938 0.285938 0.609375 0.284375 0.609375 0.281250 0.607812 0.279687 0.607812 0.278125 0.606250 0.276562 0.606250 0.273438 0.604688 0.271875 0.604688 0.268750 0.603125 0.267188 0.603125 0.257812 0.601562 0.256250 0.601562 0.251563 0.600000 0.250000 0.600000 0.246875 0.598437 0.245312 0.598437 0.240625 0.596875 0.239063 0.596875 0.235937 0.595313 0.234375 0.595313 0.229687 0.593750 0.228125 0.593750 0.225000 0.592187 0.223438 0.592187 0.220312 0.590625 0.218750 0.590625 0.217188 0.589063 0.215625 0.589063 0.212500 0.587500 0.210938 0.587500 0.209375 0.584375 0.206250 0.584375 0.204687 0.581250 0.201563 0.581250 0.200000 0.573438 0.192188 0.573438 0.190625 0.571875 0.189062 0.571875 0.187500 0.570312 0.185938 0.570312 0.184375 0.568750 0.182812 0.568750 0.181250 0.567187 0.179688 0.567187 0.178125 0.565625 0.176563 0.565625 0.175000 0.564063 0.173437 0.564063 0.171875 0.560937 0.168750 0.560937 0.167187 0.548438 0.154688 0.546875 0.154688 0.532813 0.140625 0.531250 0.140625 0.528125 0.137500 0.526563 0.137500 0.525000 0.135937 0.523438 0.135937 0.521875 0.134375 0.520312 0.134375 0.518750 0.132812 0.515625 0.132812 0.514062 0.131250 0.510938 0.131250 0.509375 0.129688 0.503125 0.129688 0.501563 0.128125
0 0.167187 0.446875 0.165625 0.448437 0.157812 0.448437 0.156250 0.450000 0.153125 0.450000 0.151562 0.451562 0.150000 0.451562 0.148438 0.453125 0.139063 0.453125 0.137500 0.451562 0.106250 0.451562 0.104688 0.453125 0.096875 0.453125 0.095312 0.454688 0.090625 0.454688 0.089063 0.456250 0.081250 0.456250 0.079687 0.457813 0.040625 0.457813 0.039062 0.459375 0.035937 0.459375 0.034375 0.460938 0.031250 0.460938 0.029687 0.462500 0.028125 0.462500 0.026562 0.464062 0.025000 0.464062 0.021875 0.467187 0.020313 0.467187 0.007812 0.479687 0.007812 0.481250 0.004687 0.484375 0.004687 0.485938 0.003125 0.487500 0.003125 0.489063 0.001563 0.490625 0.001563 0.493750 0.000000 0.495312 0.000000 0.537500 0.001563 0.539062 0.001563 0.601562 0.003125 0.603125 0.003125 0.606250 0.004687 0.607812 0.004687 0.610938 0.006250 0.612500 0.006250 0.614062 0.007812 0.615625 0.007812 0.617188 0.010937 0.620313 0.010937 0.621875 0.023438 0.634375 0.025000 0.634375 0.028125 0.637500 0.029687 0.637500 0.031250 0.639062 0.032813 0.639062 0.034375 0.640625 0.037500 0.640625 0.039062 0.642188 0.042188 0.642188 0.043750 0.643750 0.053125 0.643750 0.054688 0.645312 0.057813 0.645312 0.059375 0.646875 0.060937 0.646875 0.062500 0.648438 0.065625 0.648438 0.067187 0.650000 0.075000 0.650000 0.076563 0.651563 0.110937 0.651563 0.112500 0.653125 0.115625 0.653125 0.117188 0.654687 0.123438 0.654687 0.125000 0.656250 0.140625 0.656250 0.142187 0.657813 0.173437 0.657813 0.175000 0.656250 0.181250 0.656250 0.182812 0.654687 0.185938 0.654687 0.187500 0.653125 0.189062 0.653125 0.190625 0.651563 0.192188 0.651563 0.193750 0.650000 0.195312 0.650000 0.196875 0.648438 0.200000 0.648438 0.201563 0.646875 0.203125 0.646875 0.204687 0.645312 0.206250 0.645312 0.207813 0.643750 0.209375 0.643750 0.210938 0.642188 0.212500 0.642188 0.215625 0.639062 0.217188 0.639062 0.226562 0.629687 0.226562 0.628125 0.229687 0.625000 0.229687 0.623437 0.232813 0.620313 0.232813 0.618750 0.234375 0.617188 0.234375 0.615625 0.235937 0.614062 0.235937 0.610938 0.237500 0.609375 0.237500 0.606250 0.239063 0.604688 0.239063 0.600000 0.240625 0.598437 0.240625 0.593750 0.242188 0.592187 0.242188 0.576562 0.243750 0.575000 0.243750 0.568750 0.245312 0.567187 0.245312 0.514062 0.243750 0.512500 0.243750 0.507812 0.242188 0.506250 0.242188 0.495312 0.240625 0.493750 0.240625 0.487500 0.239063 0.485938 0.239063 0.482812 0.237500 0.481250 0.237500 0.479687 0.235937 0.478125 0.235937 0.476562 0.234375 0.475000 0.234375 0.473438 0.231250 0.470313 0.231250 0.468750 0.220312 0.457813 0.218750 0.457813 0.215625 0.454688 0.214062 0.454688 0.212500 0.453125 0.210938 0.453125 0.209375 0.451562 0.206250 0.451562 0.204687 0.450000 0.201563 0.450000 0.200000 0.448437 0.193750 0.448437 0.192188 0.446875
0 0.164062 0.173437 0.162500 0.175000 0.140625 0.175000 0.139063 0.176563 0.131250 0.176563 0.129688 0.178125 0.126562 0.178125 0.125000 0.179688 0.121875 0.179688 0.120313 0.181250 0.118750 0.181250 0.117188 0.182812 0.115625 0.182812 0.114062 0.184375 0.112500 0.184375 0.110937 0.185938 0.076563 0.185938 0.075000 0.187500 0.070312 0.187500 0.068750 0.189062 0.065625 0.189062 0.064062 0.190625 0.062500 0.190625 0.060937 0.192188 0.059375 0.192188 0.057813 0.193750 0.056250 0.193750 0.053125 0.196875 0.051562 0.196875 0.050000 0.198437 0.048438 0.198437 0.046875 0.200000 0.045312 0.200000 0.043750 0.201563 0.042188 0.201563 0.039062 0.204687 0.037500 0.204687 0.032813 0.209375 0.031250 0.209375 0.023438 0.217188 0.021875 0.217188 0.015625 0.223438 0.015625 0.225000 0.010937 0.229687 0.010937 0.231250 0.009375 0.232813 0.009375 0.234375 0.007812 0.235937 0.007812 0.237500 0.006250 0.239063 0.006250 0.240625 0.004687 0.242188 0.004687 0.245312 0.003125 0.246875 0.003125 0.250000 0.001563 0.251563 0.001563 0.282813 0.000000 0.284375 0.000000 0.428125 0.001563 0.429688 0.001563 0.431250 0.004687 0.434375 0.004687 0.435937 0.012500 0.443750 0.014063 0.443750 0.017188 0.446875 0.018750 0.446875 0.021875 0.450000 0.025000 0.450000 0.026562 0.451562 0.028125 0.451562 0.029687 0.453125 0.032813 0.453125 0.034375 0.454688 0.042188 0.454688 0.043750 0.456250 0.068750 0.456250 0.070312 0.454688 0.078125 0.454688 0.079687 0.453125 0.082812 0.453125 0.084375 0.451562 0.114062 0.451562 0.115625 0.450000 0.134375 0.450000 0.135937 0.448437 0.145313 0.448437 0.146875 0.446875 0.156250 0.446875 0.157812 0.445312 0.162500 0.445312 0.164062 0.443750 0.170313 0.443750 0.171875 0.442188 0.176563 0.442188 0.178125 0.440625 0.179688 0.440625 0.181250 0.439063 0.182812 0.439063 0.184375 0.437500 0.185938 0.437500 0.187500 0.435937 0.189062 0.435937 0.192188 0.432812 0.193750 0.432812 0.209375 0.417187 0.209375 0.415625 0.212500 0.412500 0.212500 0.410938 0.214062 0.409375 0.214062 0.407813 0.215625 0.406250 0.215625 0.404687 0.217188 0.403125 0.217188 0.401562 0.218750 0.400000 0.218750 0.395313 0.220312 0.393750 0.220312 0.353125 0.218750 0.351562 0.218750 0.343750 0.220312 0.342187 0.220312 0.339062 0.221875 0.337500 0.221875 0.328125 0.223438 0.326562 0.223438 0.309375 0.225000 0.307812 0.225000 0.303125 0.226562 0.301563 0.226562 0.292187 0.228125 0.290625 0.228125 0.276562 0.229687 0.275000 0.229687 0.265625 0.228125 0.264062 0.228125 0.262500 0.229687 0.260937 0.229687 0.259375 0.231250 0.257812 0.231250 0.256250 0.232813 0.254688 0.232813 0.253125 0.234375 0.251563 0.234375 0.250000 0.235937 0.248438 0.235937 0.245312 0.237500 0.243750 0.237500 0.237500 0.239063 0.235937 0.239063 0.223438 0.237500 0.221875 0.237500 0.215625 0.235937 0.214062 0.235937 0.210938 0.234375 0.209375 0.234375 0.206250 0.232813 0.204687 0.232813 0.203125 0.229687 0.200000 0.229687 0.198437 0.226562 0.195312 0.226562 0.193750 0.218750 0.185938 0.217188 0.185938 0.214062 0.182812 0.212500 0.182812 0.209375 0.179688 0.206250 0.179688 0.204687 0.178125 0.203125 0.178125 0.201563 0.176563 0.198437 0.176563 0.196875 0.175000 0.189062 0.175000 0.187500 0.173437
0 0.027364 0.471064 0.202813 0.452356 0.233736 0.475130 0.245130 0.543450 0.233736 0.611772 0.210950 0.639425 0.030288 0.652439 0.005873 0.619905 0.000991 0.510917 0.018894 0.476756
0 0.876563 0.121875 0.875000 0.123438 0.785937 0.123438 0.784375 0.125000 0.657813 0.125000 0.656250 0.126562 0.639062 0.126562 0.637500 0.128125 0.632812 0.128125 0.631250 0.129688 0.629687 0.129688 0.628125 0.131250 0.626563 0.131250 0.625000 0.132812 0.623437 0.132812 0.621875 0.134375 0.620313 0.134375 0.618750 0.135937 0.617188 0.135937 0.614062 0.139063 0.610938 0.139063 0.609375 0.140625 0.607812 0.140625 0.604688 0.143750 0.603125 0.143750 0.600000 0.146875 0.598437 0.146875 0.596875 0.148438 0.596875 0.156250 0.595313 0.157812 0.595313 0.159375 0.593750 0.160938 0.593750 0.162500 0.590625 0.165625 0.590625 0.181250 0.592187 0.182812 0.592187 0.185938 0.593750 0.187500 0.593750 0.190625 0.595313 0.192188 0.595313 0.193750 0.596875 0.195312 0.596875 0.196875 0.598437 0.198437 0.598437 0.200000 0.600000 0.201563 0.600000 0.207813 0.601562 0.209375 0.601562 0.214062 0.603125 0.215625 0.603125 0.218750 0.604688 0.220312 0.604688 0.223438 0.606250 0.225000 0.606250 0.226562 0.607812 0.228125 0.607812 0.234375 0.609375 0.235937 0.609375 0.243750 0.610938 0.245312 0.610938 0.246875 0.612500 0.248438 0.612500 0.250000 0.614062 0.251563 0.614062 0.254688 0.615625 0.256250 0.615625 0.257812 0.617188 0.259375 0.617188 0.265625 0.618750 0.267188 0.618750 0.273438 0.620313 0.275000 0.620313 0.278125 0.621875 0.279687 0.621875 0.307812 0.620313 0.309375 0.621875 0.310937 0.621875 0.318750 0.623437 0.320312 0.623437 0.323437 0.625000 0.325000 0.625000 0.329688 0.626563 0.331250 0.626563 0.335938 0.628125 0.337500 0.628125 0.340625 0.629687 0.342187 0.629687 0.345313 0.631250 0.346875 0.631250 0.348438 0.632812 0.350000 0.632812 0.351562 0.634375 0.353125 0.634375 0.354687 0.635938 0.356250 0.635938 0.357812 0.637500 0.359375 0.637500 0.360938 0.639062 0.362500 0.639062 0.364063 0.643750 0.368750 0.643750 0.370312 0.650000 0.376563 0.651563 0.376563 0.654687 0.379688 0.656250 0.379688 0.659375 0.382812 0.660937 0.382812 0.662500 0.384375 0.664062 0.384375 0.665625 0.385937 0.668750 0.385937 0.670312 0.387500 0.676562 0.387500 0.678125 0.389062 0.703125 0.389062 0.704688 0.387500 0.720313 0.387500 0.721875 0.385937 0.734375 0.385937 0.735938 0.387500 0.740625 0.387500 0.742188 0.389062 0.771875 0.389062 0.773438 0.387500 0.798438 0.387500 0.800000 0.385937 0.806250 0.385937 0.807813 0.384375 0.812500 0.384375 0.814063 0.382812 0.837500 0.382812 0.839063 0.381250 0.845313 0.381250 0.846875 0.379688 0.868750 0.379688 0.870313 0.378125 0.876563 0.378125 0.878125 0.376563 0.881250 0.376563 0.882812 0.375000 0.884375 0.375000 0.885938 0.373437 0.887500 0.373437 0.889062 0.371875 0.890625 0.371875 0.892188 0.370312 0.893750 0.370312 0.895312 0.368750 0.896875 0.368750 0.898438 0.367188 0.900000 0.367188 0.907813 0.359375 0.909375 0.359375 0.912500 0.356250 0.914062 0.356250 0.918750 0.351562 0.920312 0.351562 0.921875 0.350000 0.921875 0.348438 0.928125 0.342187 0.928125 0.340625 0.929688 0.339062 0.929688 0.337500 0.931250 0.335938 0.931250 0.334375 0.932813 0.332813 0.932813 0.331250 0.934375 0.329688 0.934375 0.326562 0.935937 0.325000 0.935937 0.317188 0.937500 0.315625 0.937500 0.257812 0.935937 0.256250 0.935937 0.251563 0.934375 0.250000 0.934375 0.242188 0.932813 0.240625 0.932813 0.234375 0.931250 0.232813 0.931250 0.226562 0.929688 0.225000 0.929688 0.218750 0.928125 0.217188 0.928125 0.212500 0.926562 0.210938 0.926562 0.204687 0.925000 0.203125 0.925000 0.154688 0.923438 0.153125 0.923438 0.151562 0.921875 0.150000 0.921875 0.148438 0.920312 0.146875 0.920312 0.145313 0.917188 0.142187 0.917188 0.140625 0.909375 0.132812 0.907813 0.132812 0.903125 0.128125 0.901563 0.128125 0.900000 0.126562 0.898438 0.126562 0.896875 0.125000 0.895312 0.125000 0.893750 0.123438 0.890625 0.123438 0.889062 0.121875
0 0.832812 0.392188 0.831250 0.393750 0.787500 0.393750 0.785937 0.395313 0.781250 0.395313 0.779687 0.396875 0.776563 0.396875 0.775000 0.398438 0.771875 0.398438 0.770312 0.400000 0.690625 0.400000 0.689063 0.401562 0.682813 0.401562 0.681250 0.403125 0.678125 0.403125 0.676562 0.404687 0.675000 0.404687 0.673438 0.406250 0.671875 0.406250 0.670312 0.407813 0.668750 0.407813 0.667188 0.409375 0.665625 0.409375 0.664062 0.410938 0.662500 0.410938 0.660937 0.412500 0.659375 0.412500 0.657813 0.414062 0.656250 0.414062 0.650000 0.420312 0.648438 0.420312 0.642188 0.426563 0.640625 0.426563 0.639062 0.428125 0.639062 0.429688 0.632812 0.435937 0.632812 0.437500 0.631250 0.439063 0.631250 0.440625 0.629687 0.442188 0.629687 0.443750 0.628125 0.445312 0.628125 0.446875 0.626563 0.448437 0.626563 0.451562 0.625000 0.453125 0.625000 0.456250 0.623437 0.457813 0.623437 0.467187 0.621875 0.468750 0.621875 0.498437 0.623437 0.500000 0.623437 0.509375 0.625000 0.510938 0.625000 0.532813 0.626563 0.534375 0.626563 0.546875 0.628125 0.548438 0.628125 0.553125 0.629687 0.554688 0.629687 0.559375 0.631250 0.560937 0.631250 0.562500 0.632812 0.564063 0.632812 0.567187 0.635938 0.570312 0.635938 0.571875 0.639062 0.575000 0.639062 0.578125 0.640625 0.579688 0.640625 0.581250 0.642188 0.582812 0.642188 0.584375 0.643750 0.585938 0.643750 0.587500 0.646875 0.590625 0.646875 0.592187 0.648438 0.593750 0.648438 0.595313 0.662500 0.609375 0.664062 0.609375 0.667188 0.612500 0.668750 0.612500 0.670312 0.614062 0.671875 0.614062 0.673438 0.615625 0.675000 0.615625 0.676562 0.617188 0.679688 0.617188 0.681250 0.618750 0.687500 0.618750 0.689063 0.620313 0.721875 0.620313 0.723437 0.618750 0.734375 0.618750 0.735938 0.620313 0.740625 0.620313 0.742188 0.621875 0.748437 0.621875 0.750000 0.623437 0.756250 0.623437 0.757812 0.625000 0.792188 0.625000 0.793750 0.623437 0.798438 0.623437 0.800000 0.621875 0.803125 0.621875 0.804688 0.620313 0.857812 0.620313 0.859375 0.618750 0.871875 0.618750 0.873437 0.617188 0.882812 0.617188 0.884375 0.615625 0.890625 0.615625 0.892188 0.614062 0.895312 0.614062 0.896875 0.612500 0.900000 0.612500 0.901563 0.610938 0.907813 0.610938 0.909375 0.609375 0.912500 0.609375 0.914062 0.607812 0.917188 0.607812 0.918750 0.606250 0.920312 0.606250 0.921875 0.604688 0.923438 0.604688 0.926562 0.601562 0.928125 0.601562 0.939063 0.590625 0.939063 0.589063 0.942187 0.585938 0.942187 0.584375 0.943750 0.582812 0.943750 0.581250 0.945312 0.579688 0.945312 0.578125 0.946875 0.576562 0.946875 0.575000 0.948438 0.573438 0.948438 0.570312 0.950000 0.568750 0.950000 0.564063 0.951562 0.562500 0.951562 0.528125 0.950000 0.526563 0.950000 0.521875 0.948438 0.520312 0.948438 0.517188 0.946875 0.515625 0.946875 0.509375 0.948438 0.507812 0.948438 0.489063 0.946875 0.487500 0.946875 0.482812 0.945312 0.481250 0.945312 0.478125 0.943750 0.476562 0.943750 0.475000 0.942187 0.473438 0.942187 0.471875 0.940625 0.470313 0.940625 0.468750 0.942187 0.467187 0.942187 0.464062 0.943750 0.462500 0.943750 0.456250 0.945312 0.454688 0.945312 0.440625 0.943750 0.439063 0.943750 0.432812 0.942187 0.431250 0.942187 0.428125 0.940625 0.426563 0.940625 0.425000 0.939063 0.423438 0.939063 0.421875 0.937500 0.420312 0.937500 0.418750 0.935937 0.417187 0.935937 0.415625 0.921875 0.401562 0.920312 0.401562 0.917188 0.398438 0.915625 0.398438 0.914062 0.396875 0.910937 0.396875 0.909375 0.395313 0.907813 0.395313 0.906250 0.393750 0.901563 0.393750 0.900000 0.392188
0 0.876563 0.639062 0.875000 0.640625 0.870313 0.640625 0.868750 0.642188 0.753125 0.642188 0.751563 0.643750 0.750000 0.643750 0.748437 0.645312 0.745313 0.645312 0.743750 0.646875 0.742188 0.646875 0.740625 0.648438 0.737500 0.648438 0.735938 0.650000 0.734375 0.650000 0.732812 0.651563 0.729688 0.651563 0.728125 0.653125 0.725000 0.653125 0.723437 0.654687 0.720313 0.654687 0.718750 0.656250 0.717187 0.656250 0.715625 0.657813 0.714063 0.657813 0.712500 0.659375 0.710938 0.659375 0.707812 0.662500 0.706250 0.662500 0.703125 0.665625 0.703125 0.667188 0.701562 0.668750 0.701562 0.671875 0.700000 0.673438 0.700000 0.679688 0.698438 0.681250 0.698438 0.685937 0.696875 0.687500 0.696875 0.723437 0.698438 0.725000 0.698438 0.728125 0.700000 0.729688 0.700000 0.732812 0.701562 0.734375 0.701562 0.739062 0.703125 0.740625 0.703125 0.746875 0.704688 0.748437 0.704688 0.756250 0.706250 0.757812 0.706250 0.762500 0.707812 0.764062 0.707812 0.831250 0.709375 0.832812 0.709375 0.842187 0.710938 0.843750 0.710938 0.848437 0.712500 0.850000 0.712500 0.854688 0.714063 0.856250 0.714063 0.857812 0.715625 0.859375 0.715625 0.860938 0.717187 0.862500 0.717187 0.865625 0.718750 0.867188 0.718750 0.868750 0.720313 0.868750 0.725000 0.873437 0.726562 0.873437 0.728125 0.875000 0.731250 0.875000 0.732812 0.876563 0.745313 0.876563 0.746875 0.875000 0.748437 0.876563 0.810937 0.876563 0.812500 0.875000 0.873437 0.875000 0.875000 0.876563 0.945312 0.876563 0.946875 0.875000 0.946875 0.873437 0.948438 0.871875 0.948438 0.870313 0.950000 0.868750 0.950000 0.867188 0.953125 0.864062 0.953125 0.862500 0.956250 0.859375 0.956250 0.857812 0.959375 0.854688 0.959375 0.851562 0.960938 0.850000 0.960938 0.848437 0.962500 0.846875 0.962500 0.845313 0.964063 0.843750 0.964063 0.842187 0.965625 0.840625 0.965625 0.839063 0.967187 0.837500 0.967187 0.834375 0.968750 0.832812 0.968750 0.831250 0.970313 0.829688 0.970313 0.826562 0.971875 0.825000 0.971875 0.814063 0.973437 0.812500 0.973437 0.804688 0.975000 0.803125 0.975000 0.775000 0.973437 0.773438 0.973437 0.767188 0.971875 0.765625 0.971875 0.759375 0.970313 0.757812 0.970313 0.748437 0.968750 0.746875 0.968750 0.740625 0.967187 0.739062 0.967187 0.735938 0.968750 0.734375 0.968750 0.731250 0.967187 0.729688 0.967187 0.720313 0.965625 0.718750 0.965625 0.707812 0.964063 0.706250 0.964063 0.693750 0.962500 0.692187 0.962500 0.681250 0.960938 0.679688 0.960938 0.676562 0.959375 0.675000 0.959375 0.673438 0.957812 0.671875 0.957812 0.670312 0.956250 0.668750 0.956250 0.667188 0.954688 0.665625 0.954688 0.664062 0.942187 0.651563 0.940625 0.651563 0.937500 0.648438 0.935937 0.648438 0.932813 0.645312 0.931250 0.645312 0.929688 0.643750 0.928125 0.643750 0.926562 0.642188 0.923438 0.642188 0.921875 0.640625 0.917188 0.640625 0.915625 0.639062 0.895312 0.639062 0.893750 0.640625 0.887500 0.640625 0.885938 0.639062
0 0.053125 0.657813 0.051562 0.659375 0.046875 0.659375 0.045312 0.660937 0.043750 0.660937 0.042188 0.662500 0.039062 0.662500 0.035937 0.665625 0.034375 0.665625 0.031250 0.668750 0.029687 0.668750 0.020313 0.678125 0.020313 0.679688 0.017188 0.682813 0.017188 0.684375 0.015625 0.685937 0.015625 0.687500 0.014063 0.689063 0.014063 0.690625 0.012500 0.692187 0.012500 0.695312 0.010937 0.696875 0.010937 0.700000 0.009375 0.701562 0.009375 0.746875 0.010937 0.748437 0.010937 0.754687 0.012500 0.756250 0.012500 0.807813 0.014063 0.809375 0.014063 0.814063 0.015625 0.815625 0.015625 0.817187 0.017188 0.818750 0.017188 0.821875 0.020313 0.825000 0.020313 0.829688 0.021875 0.831250 0.021875 0.834375 0.023438 0.835938 0.023438 0.839063 0.025000 0.840625 0.025000 0.842187 0.026562 0.843750 0.026562 0.845313 0.029687 0.848437 0.029687 0.850000 0.034375 0.854688 0.034375 0.856250 0.039062 0.860938 0.039062 0.862500 0.043750 0.867188 0.045312 0.867188 0.050000 0.871875 0.051562 0.871875 0.053125 0.873437 0.054688 0.873437 0.056250 0.875000 0.057813 0.875000 0.059375 0.876563 0.060937 0.875000 0.193750 0.875000 0.203125 0.865625 0.203125 0.864062 0.206250 0.860938 0.206250 0.859375 0.207813 0.857812 0.207813 0.856250 0.209375 0.854688 0.209375 0.853125 0.210938 0.851562 0.210938 0.848437 0.212500 0.846875 0.212500 0.843750 0.214062 0.842187 0.214062 0.795312 0.212500 0.793750 0.212500 0.789062 0.210938 0.787500 0.210938 0.779687 0.209375 0.778125 0.209375 0.740625 0.207813 0.739062 0.207813 0.734375 0.206250 0.732812 0.207813 0.731250 0.207813 0.726562 0.209375 0.725000 0.209375 0.706250 0.207813 0.704688 0.207813 0.700000 0.206250 0.698438 0.206250 0.695312 0.204687 0.693750 0.204687 0.692187 0.203125 0.690625 0.203125 0.689063 0.201563 0.687500 0.201563 0.685937 0.196875 0.681250 0.196875 0.679688 0.190625 0.673438 0.189062 0.673438 0.184375 0.668750 0.182812 0.668750 0.181250 0.667188 0.179688 0.667188 0.178125 0.665625 0.176563 0.665625 0.175000 0.664062 0.171875 0.664062 0.170313 0.662500 0.167187 0.662500 0.165625 0.660937 0.146875 0.660937 0.145313 0.659375 0.109375 0.659375 0.107813 0.657813
