6 0.633437 0.553125 0.598437 0.553125 0.595313 0.560937 0.570312 0.576562 0.562500 0.592187 0.560937 0.642188 0.553125 0.648438 0.553125 0.750000 0.559375 0.750000 0.565625 0.757812 0.570312 0.804688 0.600000 0.835938 0.598437 0.845313 0.582812 0.857812 0.584375 0.878125 0.592187 0.898438 0.614062 0.926562 0.621875 0.926562 0.625000 0.918750 0.648438 0.909375 0.701562 0.875000 0.721875 0.881250 0.750000 0.915625 0.750000 0.926562 0.757812 0.926562 0.753125 0.906250 0.784375 0.900000 0.803125 0.884375 0.825000 0.882812 0.835938 0.864062 0.839063 0.829688 0.845313 0.828125 0.845313 0.801562 0.839063 0.800000 0.835938 0.775000 0.839063 0.689063 0.834375 0.671875 0.825000 0.651563 0.800000 0.631250 0.782813 0.621875 0.678125 0.590625 0.642188 0.559375 0.642188 0.553125
4 0.641667 0.040625 0.625000 0.040625 0.625000 0.046875 0.609375 0.056250 0.545312 0.060937 0.495312 0.079687 0.471875 0.098437 0.471875 0.145313 0.478125 0.146875 0.471875 0.148438 0.471875 0.218750 0.476562 0.218750 0.479687 0.226562 0.479687 0.267188 0.478125 0.278125 0.471875 0.279687 0.471875 0.312500 0.479687 0.315625 0.496875 0.340625 0.518750 0.351562 0.520312 0.357812 0.537500 0.357812 0.539062 0.351562 0.564063 0.343750 0.718750 0.262500 0.770312 0.246875 0.820312 0.215625 0.839063 0.189062 0.845313 0.187500 0.845313 0.164062 0.837500 0.159375 0.837500 0.126562 0.821875 0.101562 0.826562 0.059375 0.751563 0.065625 0.709375 0.054688 0.660937 0.054688 0.650000 0.046875 0.650000 0.040625
4 0.791406 0.259375 0.765625 0.259375 0.760938 0.268750 0.725000 0.289062 0.654687 0.320312 0.609375 0.354687 0.581250 0.368750 0.567187 0.390625 0.559375 0.393750 0.559375 0.484375 0.564063 0.484375 0.578125 0.503125 0.654687 0.542188 0.692187 0.554688 0.762500 0.589063 0.784375 0.593750 0.803125 0.592187 0.821875 0.579688 0.857812 0.532813 0.856250 0.417187 0.857812 0.378125 0.864062 0.376563 0.864062 0.362500 0.857812 0.360938 0.853125 0.342187 0.837500 0.317188 0.818750 0.298438 0.800000 0.259375
5 0.499583 0.778125 0.384375 0.778125 0.384375 0.851562 0.510938 0.851562 0.510938 0.846875 0.517188 0.840625 0.518750 0.831250 0.512500 0.790625 0.507812 0.782813 0.507812 0.778125
0 0.539553 0.053084 0.523697 0.052747 0.504687 0.054688 0.476562 0.084375 0.471875 0.084375 0.471875 0.326562 0.498437 0.350000 0.518750 0.357812 0.520312 0.364063 0.535937 0.364063 0.537500 0.357812 0.554688 0.354687 0.673438 0.298438 0.823438 0.220312 0.851562 0.196875 0.856673 0.139405 0.849927 0.083392 0.832812 0.065625 0.792188 0.053125 0.690625 0.051562 0.676184 0.052409 0.665052 0.054097 0.651558 0.053422 0.640625 0.053125 0.631250 0.050000 0.621195 0.051059 0.595892 0.050047 0.585772 0.051397 0.578688 0.051734 0.573964 0.052072 0.565194 0.054434 0.551698 0.053759 0.544277 0.051734
5 0.505958 0.721875 0.384375 0.721875 0.384375 0.779687 0.393750 0.781250 0.515625 0.779687 0.521875 0.773438 0.526563 0.773438 0.526563 0.740625 0.521875 0.740625 0.518750 0.737500 0.514062 0.728125 0.514062 0.721875
5 0.309041 0.703125 0.203125 0.703125 0.203125 0.789062 0.223438 0.789062 0.225000 0.782813 0.235937 0.781250 0.326562 0.782813 0.334375 0.773438 0.339062 0.773438 0.339062 0.714063 0.321875 0.710938 0.317188 0.707812 0.317188 0.703125
0 0.805625 0.253125 0.777056 0.255912 0.768750 0.260937 0.740625 0.276562 0.587500 0.353125 0.565625 0.376563 0.562156 0.384628 0.559375 0.495312 0.585938 0.515625 0.628125 0.537500 0.796875 0.600000 0.823438 0.595313 0.840625 0.582812 0.859375 0.557813 0.861734 0.547822 0.861059 0.341836 0.859036 0.322723 0.854688 0.303125 0.846875 0.284375 0.818750 0.262500 0.814063 0.253125
5 0.319952 0.778125 0.221875 0.778125 0.221875 0.782813 0.215625 0.784375 0.215625 0.854688 0.229687 0.857812 0.271875 0.850000 0.323437 0.850000 0.325000 0.851562 0.331250 0.850000 0.332813 0.843750 0.339062 0.842187 0.339062 0.829688 0.332813 0.828125 0.332813 0.806250 0.328125 0.778125
0 0.629687 0.546875 0.590625 0.546875 0.590625 0.553125 0.570312 0.570312 0.559375 0.590625 0.554688 0.701562 0.553048 0.716509 0.554059 0.762400 0.554688 0.771875 0.559375 0.856250 0.565625 0.881250 0.582812 0.904687 0.607812 0.918750 0.654256 0.921086 0.666402 0.920748 0.706250 0.920312 0.749392 0.921761 0.796961 0.921761 0.828673 0.917373 0.848577 0.901852 0.863758 0.873231 0.863422 0.681080 0.857812 0.656250 0.820312 0.626563 0.654687 0.562500 0.639062 0.554688 0.637500 0.546875
3 0.413750 0.071875 0.300000 0.071875 0.295312 0.084375 0.253125 0.098437 0.220312 0.115625 0.214062 0.132812 0.218750 0.145313 0.217188 0.176563 0.203125 0.196875 0.190625 0.203125 0.190625 0.229687 0.196875 0.229687 0.215625 0.246875 0.239063 0.259375 0.376563 0.307812 0.406250 0.310937 0.432812 0.298438 0.445312 0.275000 0.451562 0.273438 0.451562 0.121875 0.445312 0.120313 0.440625 0.101562 0.421875 0.078125 0.421875 0.071875
5 0.266517 0.309375 0.215625 0.309375 0.204687 0.331250 0.198437 0.410938 0.190625 0.460938 0.184375 0.462500 0.184375 0.682813 0.201563 0.682813 0.207813 0.675000 0.242188 0.670312 0.331250 0.668750 0.339062 0.660937 0.345313 0.560937 0.343750 0.512500 0.339062 0.501563 0.346875 0.501563 0.345313 0.484375 0.357812 0.453125 0.353125 0.426563 0.357812 0.398438 0.364063 0.396875 0.364063 0.385937 0.357812 0.384375 0.364063 0.382812 0.364063 0.367188 0.310937 0.331250 0.276562 0.317188 0.275000 0.309375
0 0.247545 0.284375 0.195312 0.284375 0.195312 0.290625 0.176563 0.309375 0.164378 0.333283 0.159375 0.345313 0.159375 0.881250 0.172144 0.901734 0.186483 0.910100 0.196875 0.914062 0.509375 0.914062 0.526563 0.893750 0.539062 0.859375 0.531250 0.593750 0.537500 0.537500 0.537500 0.464062 0.539062 0.454688 0.539216 0.450305 0.540228 0.433095 0.539062 0.426563 0.528125 0.396875 0.496875 0.375000 0.262500 0.293750 0.256250 0.284375
5 0.327758 0.671875 0.196875 0.671875 0.196875 0.703125 0.281250 0.706250 0.292187 0.707812 0.293750 0.714063 0.334375 0.714063 0.334375 0.707812 0.337500 0.703125 0.335938 0.671875
5 0.507670 0.646875 0.428125 0.646875 0.428125 0.651563 0.423438 0.654687 0.390625 0.654687 0.390625 0.723437 0.489063 0.725000 0.500000 0.723437 0.507812 0.718750 0.528125 0.692187 0.525000 0.670312 0.520312 0.656250 0.515625 0.651563 0.515625 0.646875
0 0.410706 0.046875 0.201563 0.046875 0.196042 0.053455 0.179314 0.076162 0.171875 0.084375 0.171875 0.223438 0.188873 0.241689 0.215625 0.254688 0.371875 0.312500 0.387225 0.317580 0.406344 0.318775 0.418750 0.314063 0.435937 0.304688 0.448437 0.290625 0.456250 0.264062 0.458322 0.132334 0.457813 0.123438 0.454688 0.100000 0.445312 0.078125 0.418750 0.046875
