1 0.559375 0.607812 0.564063 0.893750 0.579688 0.907813 0.603125 0.915625 0.673438 0.915625 0.684375 0.910937 0.726562 0.915625 0.734375 0.910937 0.740625 0.915625 0.796875 0.917188 0.829688 0.892188 0.835938 0.867188 0.831250 0.835938 0.839063 0.698438 0.837500 0.681250 0.821875 0.656250 0.617188 0.571875 0.584375 0.576562 0.568750 0.589063
4 0.560937 0.415625 0.557813 0.489063 0.570312 0.515625 0.592187 0.529687 0.778125 0.603125 0.807813 0.600000 0.823438 0.587500 0.846875 0.553125 0.848437 0.337500 0.807813 0.307812 0.751563 0.310937 0.712500 0.300000 0.695312 0.326562 0.678125 0.337500 0.639062 0.340625 0.584375 0.376563
4 0.471875 0.125000 0.468750 0.239063 0.476562 0.267188 0.473438 0.329688 0.485938 0.353125 0.506250 0.367188 0.543750 0.365625 0.660937 0.312500 0.809375 0.234375 0.817187 0.223438 0.815625 0.214062 0.825000 0.209375 0.820312 0.196875 0.825000 0.195312 0.826562 0.160938 0.818750 0.117188 0.804688 0.101562 0.792188 0.070312 0.776563 0.057813 0.732812 0.075000 0.709375 0.064062 0.660937 0.064062 0.614062 0.068750 0.585938 0.081250 0.578125 0.078125 0.553906 0.085938 0.535937 0.081250 0.514062 0.089063 0.507812 0.085938 0.473438 0.117188
3 0.195312 0.107813 0.193750 0.165625 0.185938 0.187500 0.193750 0.198437 0.181250 0.206250 0.190625 0.253125 0.240625 0.279687 0.275000 0.287500 0.362500 0.325000 0.401562 0.328125 0.420312 0.323437 0.435937 0.309375 0.442188 0.293750 0.442188 0.259375 0.432812 0.110937 0.392188 0.096875 0.354687 0.101562 0.348438 0.095312 0.284375 0.098437 0.271875 0.092188 0.239063 0.098437 0.229687 0.093750
5 0.326562 0.532813 0.325000 0.643750 0.329688 0.670312 0.337500 0.678125 0.334375 0.693750 0.462500 0.693750 0.504687 0.678125 0.510938 0.657813 0.528125 0.646875 0.532813 0.629687 0.517188 0.601562 0.514062 0.556250 0.496875 0.521875 0.465625 0.493750 0.428125 0.442188 0.389062 0.409375 0.359375 0.393750 0.354687 0.396875 0.365625 0.428125 0.364063 0.451562 0.353125 0.479687 0.339062 0.493750 0.335938 0.520312
5 0.162500 0.635938 0.160938 0.660937 0.168750 0.667188 0.271875 0.670312 0.287500 0.496875 0.268750 0.462500 0.267188 0.415625 0.278125 0.387500 0.310937 0.365625 0.279687 0.340625 0.246875 0.337500 0.234375 0.356250 0.189062 0.498437
5 0.328125 0.689063 0.326562 0.762500 0.332813 0.768750 0.437500 0.775000 0.498437 0.771875 0.520312 0.760938 0.518750 0.706250 0.507812 0.684375 0.389062 0.689063 0.331250 0.681250
5 0.164062 0.723437 0.160938 0.748437 0.167187 0.762500 0.262500 0.762500 0.271875 0.712500 0.270313 0.678125 0.248438 0.668750 0.178125 0.671875
5 0.332813 0.814063 0.328125 0.870313 0.462500 0.889062 0.490625 0.890625 0.512500 0.882812 0.504687 0.826562 0.400000 0.814063
5 0.193750 0.823438 0.192188 0.871875 0.196875 0.878125 0.256250 0.867188 0.256250 0.817187 0.214062 0.814063
5 0.329688 0.771875 0.326562 0.809375 0.334375 0.817187 0.384375 0.815625 0.500000 0.829688 0.514062 0.817187 0.504687 0.775000
5 0.184375 0.767188 0.181250 0.815625 0.185938 0.820312 0.259375 0.815625 0.262500 0.765625
0 0.773438 0.057813 0.771875 0.059375 0.768750 0.059375 0.767188 0.060937 0.765625 0.060937 0.764062 0.062500 0.762500 0.062500 0.760938 0.064062 0.759375 0.064062 0.757812 0.065625 0.750000 0.065625 0.748437 0.064062 0.742188 0.064062 0.740625 0.065625 0.729688 0.065625 0.728125 0.067187 0.715625 0.067187 0.714063 0.068750 0.709375 0.068750 0.707812 0.070312 0.703125 0.070312 0.701562 0.071875 0.700000 0.070312 0.695312 0.070312 0.693750 0.068750 0.640625 0.068750 0.639062 0.067187 0.629687 0.067187 0.628125 0.065625 0.623437 0.065625 0.621875 0.064062 0.614062 0.064062 0.612500 0.062500 0.573438 0.062500 0.571875 0.064062 0.564063 0.064062 0.562500 0.065625 0.557813 0.065625 0.556250 0.067187 0.554688 0.067187 0.553125 0.068750 0.551562 0.068750 0.550000 0.070312 0.548438 0.070312 0.546875 0.071875 0.545312 0.070312 0.542188 0.070312 0.540625 0.068750 0.537500 0.068750 0.535937 0.067187 0.510938 0.067187 0.509375 0.068750 0.506250 0.068750 0.504687 0.070312 0.501563 0.070312 0.500000 0.071875 0.498437 0.071875 0.496875 0.073438 0.495312 0.073438 0.493750 0.075000 0.492188 0.075000 0.489063 0.078125 0.487500 0.078125 0.475000 0.090625 0.475000 0.092188 0.473438 0.093750 0.473438 0.095312 0.470313 0.098437 0.470313 0.100000 0.468750 0.101562 0.468750 0.104688 0.467187 0.106250 0.467187 0.107813 0.465625 0.109375 0.465625 0.112500 0.464062 0.114062 0.464062 0.117188 0.462500 0.118750 0.462500 0.121875 0.460938 0.123438 0.460938 0.128125 0.459375 0.129688 0.459375 0.134375 0.457813 0.135937 0.457813 0.175000 0.459375 0.176563 0.459375 0.181250 0.460938 0.182812 0.460938 0.185938 0.462500 0.187500 0.462500 0.282813 0.464062 0.284375 0.464062 0.301563 0.465625 0.303125 0.465625 0.320312 0.467187 0.321875 0.467187 0.329688 0.468750 0.331250 0.468750 0.335938 0.470313 0.337500 0.470313 0.339062 0.471875 0.340625 0.471875 0.342187 0.473438 0.343750 0.473438 0.345313 0.475000 0.346875 0.475000 0.348438 0.478125 0.351562 0.478125 0.353125 0.489063 0.364063 0.490625 0.364063 0.493750 0.367188 0.495312 0.367188 0.496875 0.368750 0.498437 0.368750 0.500000 0.370312 0.501563 0.370312 0.503125 0.371875 0.504687 0.371875 0.506250 0.373437 0.510938 0.373437 0.512500 0.375000 0.521875 0.375000 0.523438 0.376563 0.526563 0.376563 0.528125 0.375000 0.537500 0.375000 0.539062 0.373437 0.543750 0.373437 0.545312 0.371875 0.548438 0.371875 0.550000 0.370312 0.551562 0.370312 0.553125 0.368750 0.554688 0.368750 0.557813 0.365625 0.559375 0.365625 0.565625 0.359375 0.568750 0.359375 0.570312 0.357812 0.573438 0.357812 0.575000 0.356250 0.579688 0.356250 0.581250 0.354687 0.585938 0.354687 0.587500 0.353125 0.590625 0.353125 0.592187 0.351562 0.593750 0.351562 0.595313 0.350000 0.596875 0.350000 0.598437 0.348438 0.600000 0.348438 0.601562 0.346875 0.603125 0.346875 0.604688 0.345313 0.606250 0.345313 0.609375 0.342187 0.610938 0.342187 0.614062 0.339062 0.615625 0.339062 0.617188 0.337500 0.618750 0.337500 0.620313 0.335938 0.623437 0.335938 0.625000 0.334375 0.628125 0.334375 0.629687 0.332813 0.631250 0.332813 0.632812 0.331250 0.634375 0.331250 0.635938 0.329688 0.637500 0.329688 0.639062 0.328125 0.640625 0.328125 0.642188 0.326562 0.645312 0.326562 0.646875 0.325000 0.651563 0.325000 0.653125 0.323437 0.657813 0.323437 0.659375 0.321875 0.665625 0.321875 0.667188 0.320312 0.671875 0.320312 0.673438 0.318750 0.676562 0.318750 0.678125 0.317188 0.679688 0.317188 0.681250 0.315625 0.682813 0.315625 0.684375 0.314063 0.685937 0.314063 0.687500 0.312500 0.689063 0.312500 0.690625 0.310937 0.692187 0.310937 0.693750 0.309375 0.695312 0.309375 0.698438 0.306250 0.700000 0.306250 0.715625 0.290625 0.717187 0.290625 0.718750 0.289062 0.720313 0.289062 0.721875 0.287500 0.723437 0.287500 0.728125 0.282813 0.729688 0.282813 0.732812 0.279687 0.734375 0.279687 0.737500 0.276562 0.739062 0.276562 0.740625 0.275000 0.746875 0.275000 0.748437 0.273438 0.751563 0.273438 0.753125 0.271875 0.756250 0.271875 0.757812 0.270313 0.759375 0.270313 0.760938 0.268750 0.762500 0.268750 0.764062 0.267188 0.765625 0.267188 0.767188 0.265625 0.768750 0.265625 0.770312 0.264062 0.773438 0.264062 0.775000 0.262500 0.776563 0.262500 0.778125 0.260937 0.779687 0.260937 0.781250 0.259375 0.782813 0.259375 0.784375 0.257812 0.785937 0.257812 0.787500 0.256250 0.789062 0.256250 0.790625 0.254688 0.795312 0.254688 0.796875 0.253125 0.798438 0.253125 0.800000 0.251563 0.803125 0.251563 0.804688 0.250000 0.806250 0.250000 0.809375 0.246875 0.810937 0.246875 0.815625 0.242188 0.817187 0.242188 0.826562 0.232813 0.826562 0.231250 0.831250 0.226562 0.831250 0.225000 0.834375 0.221875 0.834375 0.220312 0.835938 0.218750 0.835938 0.217188 0.837500 0.215625 0.837500 0.214062 0.839063 0.212500 0.839063 0.209375 0.840625 0.207813 0.840625 0.204687 0.842187 0.203125 0.842187 0.193750 0.843750 0.192188 0.843750 0.175000 0.842187 0.173437 0.842187 0.164062 0.840625 0.162500 0.840625 0.156250 0.842187 0.154688 0.842187 0.145313 0.843750 0.143750 0.843750 0.137500 0.845313 0.135937 0.845313 0.132812 0.846875 0.131250 0.846875 0.125000 0.848437 0.123438 0.848437 0.121875 0.846875 0.120313 0.846875 0.118750 0.845313 0.117188 0.845313 0.115625 0.843750 0.114062 0.843750 0.112500 0.840625 0.109375 0.840625 0.104688 0.839063 0.103125 0.839063 0.101562 0.837500 0.100000 0.837500 0.098437 0.835938 0.096875 0.835938 0.095312 0.834375 0.093750 0.834375 0.092188 0.831250 0.089063 0.831250 0.087500 0.820312 0.076563 0.818750 0.076563 0.815625 0.073438 0.814063 0.073438 0.812500 0.071875 0.810937 0.071875 0.809375 0.070312 0.807813 0.070312 0.806250 0.068750 0.804688 0.068750 0.803125 0.067187 0.798438 0.067187 0.796875 0.065625 0.787500 0.065625 0.784375 0.062500 0.784375 0.060937 0.782813 0.059375 0.781250 0.059375 0.779687 0.057813
0 0.217188 0.057813 0.215625 0.059375 0.209375 0.059375 0.207813 0.060937 0.204687 0.060937 0.203125 0.062500 0.201563 0.062500 0.200000 0.064062 0.198437 0.064062 0.196875 0.065625 0.195312 0.065625 0.193750 0.067187 0.192188 0.067187 0.189062 0.070312 0.187500 0.070312 0.178125 0.079687 0.178125 0.081250 0.175000 0.084375 0.175000 0.085938 0.173437 0.087500 0.173437 0.089063 0.171875 0.090625 0.171875 0.092188 0.170313 0.093750 0.170313 0.095312 0.168750 0.096875 0.168750 0.100000 0.167187 0.101562 0.167187 0.107813 0.165625 0.109375 0.165625 0.164062 0.164062 0.165625 0.164062 0.173437 0.162500 0.175000 0.162500 0.196875 0.160938 0.198437 0.160938 0.221875 0.162500 0.223438 0.162500 0.228125 0.164062 0.229687 0.164062 0.232813 0.165625 0.234375 0.165625 0.235937 0.167187 0.237500 0.167187 0.239063 0.168750 0.240625 0.168750 0.242188 0.171875 0.245312 0.171875 0.246875 0.185938 0.260937 0.187500 0.260937 0.189062 0.262500 0.190625 0.262500 0.192188 0.264062 0.193750 0.264062 0.195312 0.265625 0.196875 0.265625 0.198437 0.267188 0.201563 0.267188 0.203125 0.268750 0.207813 0.268750 0.209375 0.270313 0.212500 0.270313 0.215625 0.273438 0.217188 0.273438 0.218750 0.275000 0.220312 0.275000 0.223438 0.278125 0.225000 0.278125 0.226562 0.279687 0.228125 0.279687 0.229687 0.281250 0.231250 0.281250 0.232813 0.282813 0.235937 0.282813 0.237500 0.284375 0.240625 0.284375 0.242188 0.285938 0.246875 0.285938 0.248438 0.287500 0.250000 0.287500 0.251563 0.289062 0.253125 0.289062 0.254688 0.290625 0.257812 0.290625 0.259375 0.292187 0.260937 0.292187 0.262500 0.293750 0.264062 0.293750 0.265625 0.295312 0.267188 0.295312 0.270313 0.298438 0.271875 0.298438 0.273438 0.300000 0.275000 0.300000 0.276562 0.301563 0.278125 0.301563 0.279687 0.303125 0.281250 0.303125 0.284375 0.306250 0.285938 0.306250 0.287500 0.307812 0.289062 0.307812 0.290625 0.309375 0.293750 0.309375 0.295312 0.310937 0.298438 0.310937 0.300000 0.312500 0.306250 0.312500 0.307812 0.314063 0.314063 0.314063 0.315625 0.315625 0.321875 0.315625 0.325000 0.318750 0.326562 0.318750 0.328125 0.320312 0.329688 0.320312 0.331250 0.321875 0.334375 0.321875 0.335938 0.323437 0.340625 0.323437 0.342187 0.325000 0.346875 0.325000 0.348438 0.326562 0.350000 0.326562 0.351562 0.328125 0.354687 0.328125 0.356250 0.329688 0.362500 0.329688 0.364063 0.331250 0.370312 0.331250 0.371875 0.332813 0.376563 0.332813 0.378125 0.334375 0.398438 0.334375 0.400000 0.332813 0.404687 0.332813 0.406250 0.331250 0.409375 0.331250 0.410938 0.329688 0.412500 0.329688 0.414062 0.328125 0.415625 0.328125 0.417187 0.326562 0.418750 0.326562 0.420312 0.325000 0.421875 0.325000 0.426563 0.320312 0.428125 0.320312 0.437500 0.310937 0.437500 0.309375 0.442188 0.304688 0.442188 0.303125 0.443750 0.301563 0.443750 0.300000 0.445312 0.298438 0.445312 0.296875 0.446875 0.295312 0.446875 0.292187 0.448437 0.290625 0.448437 0.287500 0.450000 0.285938 0.450000 0.282813 0.451562 0.281250 0.451562 0.275000 0.453125 0.273438 0.453125 0.248438 0.451562 0.246875 0.451562 0.240625 0.450000 0.239063 0.450000 0.234375 0.448437 0.232813 0.448437 0.229687 0.446875 0.228125 0.446875 0.226562 0.445312 0.225000 0.445312 0.223438 0.446875 0.221875 0.446875 0.218750 0.448437 0.217188 0.448437 0.214062 0.450000 0.212500 0.450000 0.204687 0.451562 0.203125 0.451562 0.153125 0.450000 0.151562 0.450000 0.143750 0.448437 0.142187 0.448437 0.132812 0.450000 0.131250 0.450000 0.123438 0.448437 0.121875 0.448437 0.114062 0.446875 0.112500 0.446875 0.107813 0.445312 0.106250 0.445312 0.104688 0.443750 0.103125 0.443750 0.101562 0.442188 0.100000 0.442188 0.098437 0.440625 0.096875 0.440625 0.095312 0.437500 0.092188 0.437500 0.090625 0.426563 0.079687 0.425000 0.079687 0.421875 0.076563 0.420312 0.076563 0.418750 0.075000 0.417187 0.075000 0.415625 0.073438 0.414062 0.073438 0.412500 0.071875 0.409375 0.071875 0.407813 0.070312 0.403125 0.070312 0.401562 0.068750 0.370312 0.068750 0.368750 0.067187 0.365625 0.067187 0.364063 0.065625 0.353125 0.065625 0.351562 0.064062 0.331250 0.064062 0.329688 0.062500 0.315625 0.062500 0.314063 0.060937 0.285938 0.060937 0.284375 0.062500 0.262500 0.062500 0.260937 0.060937 0.256250 0.060937 0.254688 0.059375 0.248438 0.059375 0.246875 0.057813
0 0.795312 0.271875 0.793750 0.273438 0.773438 0.273438 0.771875 0.275000 0.768750 0.275000 0.767188 0.276562 0.765625 0.276562 0.764062 0.278125 0.762500 0.278125 0.760938 0.279687 0.759375 0.279687 0.756250 0.282813 0.754687 0.282813 0.751563 0.285938 0.750000 0.285938 0.748437 0.287500 0.743750 0.287500 0.742188 0.289062 0.739062 0.289062 0.737500 0.290625 0.734375 0.290625 0.732812 0.292187 0.731250 0.292187 0.729688 0.293750 0.728125 0.293750 0.726562 0.295312 0.725000 0.295312 0.723437 0.296875 0.721875 0.296875 0.718750 0.300000 0.717187 0.300000 0.715625 0.301563 0.712500 0.301563 0.710938 0.303125 0.709375 0.303125 0.707812 0.304688 0.706250 0.304688 0.704688 0.306250 0.703125 0.306250 0.700000 0.309375 0.698438 0.309375 0.695312 0.312500 0.693750 0.312500 0.690625 0.315625 0.687500 0.315625 0.684375 0.318750 0.682813 0.318750 0.679688 0.321875 0.678125 0.321875 0.673438 0.326562 0.671875 0.326562 0.670312 0.328125 0.668750 0.328125 0.667188 0.329688 0.665625 0.329688 0.662500 0.332813 0.660937 0.332813 0.659375 0.334375 0.653125 0.334375 0.651563 0.335938 0.645312 0.335938 0.643750 0.337500 0.640625 0.337500 0.637500 0.340625 0.634375 0.340625 0.631250 0.343750 0.629687 0.343750 0.628125 0.345313 0.625000 0.345313 0.623437 0.346875 0.621875 0.346875 0.620313 0.348438 0.618750 0.348438 0.615625 0.351562 0.614062 0.351562 0.612500 0.353125 0.610938 0.353125 0.607812 0.356250 0.606250 0.356250 0.603125 0.359375 0.601562 0.359375 0.600000 0.360938 0.598437 0.360938 0.596875 0.362500 0.595313 0.362500 0.592187 0.365625 0.590625 0.365625 0.589063 0.367188 0.587500 0.367188 0.581250 0.373437 0.579688 0.373437 0.575000 0.378125 0.573438 0.378125 0.568750 0.382812 0.568750 0.384375 0.562500 0.390625 0.562500 0.392188 0.560937 0.393750 0.560937 0.395313 0.557813 0.398438 0.557813 0.401562 0.556250 0.403125 0.556250 0.406250 0.554688 0.407813 0.554688 0.445312 0.553125 0.446875 0.553125 0.490625 0.554688 0.492188 0.554688 0.498437 0.556250 0.500000 0.556250 0.503125 0.557813 0.504687 0.557813 0.506250 0.559375 0.507812 0.559375 0.509375 0.562500 0.512500 0.562500 0.514062 0.567187 0.518750 0.568750 0.518750 0.581250 0.531250 0.582812 0.531250 0.587500 0.535937 0.589063 0.535937 0.590625 0.537500 0.592187 0.537500 0.595313 0.540625 0.596875 0.540625 0.598437 0.542188 0.600000 0.542188 0.601562 0.543750 0.603125 0.543750 0.604688 0.545312 0.607812 0.545312 0.609375 0.546875 0.612500 0.546875 0.614062 0.548438 0.615625 0.548438 0.617188 0.550000 0.618750 0.550000 0.620313 0.551562 0.623437 0.551562 0.625000 0.553125 0.628125 0.553125 0.629687 0.554688 0.634375 0.554688 0.635938 0.556250 0.639062 0.556250 0.640625 0.557813 0.643750 0.557813 0.645312 0.559375 0.651563 0.559375 0.653125 0.560937 0.654687 0.560937 0.656250 0.562500 0.657813 0.562500 0.659375 0.564063 0.662500 0.564063 0.664062 0.565625 0.667188 0.565625 0.668750 0.567187 0.673438 0.567187 0.675000 0.568750 0.676562 0.568750 0.678125 0.570312 0.681250 0.570312 0.682813 0.571875 0.687500 0.571875 0.689063 0.573438 0.690625 0.573438 0.692187 0.575000 0.695312 0.575000 0.696875 0.576562 0.698438 0.576562 0.700000 0.578125 0.701562 0.578125 0.703125 0.579688 0.704688 0.579688 0.706250 0.581250 0.707812 0.581250 0.709375 0.582812 0.710938 0.582812 0.712500 0.584375 0.714063 0.584375 0.715625 0.585938 0.717187 0.585938 0.718750 0.587500 0.720313 0.587500 0.721875 0.589063 0.726562 0.589063 0.728125 0.590625 0.731250 0.590625 0.732812 0.592187 0.735938 0.592187 0.737500 0.593750 0.740625 0.593750 0.742188 0.595313 0.743750 0.595313 0.745313 0.596875 0.746875 0.596875 0.748437 0.598437 0.751563 0.598437 0.753125 0.600000 0.756250 0.600000 0.757812 0.601562 0.762500 0.601562 0.764062 0.603125 0.767188 0.603125 0.768750 0.604688 0.771875 0.604688 0.773438 0.606250 0.778125 0.606250 0.779687 0.607812 0.781250 0.607812 0.782813 0.609375 0.785937 0.609375 0.787500 0.610938 0.792188 0.610938 0.793750 0.612500 0.817187 0.612500 0.818750 0.610938 0.821875 0.610938 0.823438 0.609375 0.825000 0.609375 0.826562 0.607812 0.828125 0.607812 0.831250 0.604688 0.832812 0.604688 0.839063 0.598437 0.839063 0.596875 0.840625 0.595313 0.840625 0.593750 0.842187 0.592187 0.842187 0.589063 0.845313 0.585938 0.845313 0.584375 0.848437 0.581250 0.848437 0.579688 0.850000 0.578125 0.850000 0.576562 0.851562 0.575000 0.851562 0.564063 0.853125 0.562500 0.853125 0.560937 0.854688 0.559375 0.854688 0.556250 0.856250 0.554688 0.856250 0.445312 0.857812 0.443750 0.857812 0.393750 0.856250 0.392188 0.856250 0.351562 0.854688 0.350000 0.854688 0.337500 0.853125 0.335938 0.853125 0.329688 0.851562 0.328125 0.851562 0.325000 0.850000 0.323437 0.850000 0.320312 0.848437 0.318750 0.848437 0.317188 0.846875 0.315625 0.846875 0.314063 0.845313 0.312500 0.845313 0.310937 0.843750 0.309375 0.843750 0.307812 0.840625 0.304688 0.840625 0.303125 0.837500 0.300000 0.837500 0.298438 0.835938 0.296875 0.835938 0.295312 0.832812 0.292187 0.832812 0.290625 0.821875 0.279687 0.820312 0.279687 0.818750 0.278125 0.815625 0.278125 0.814063 0.276562 0.812500 0.276562 0.810937 0.275000 0.806250 0.275000 0.804688 0.273438 0.796875 0.273438
0 0.596875 0.564063 0.595313 0.565625 0.590625 0.565625 0.589063 0.567187 0.585938 0.567187 0.584375 0.568750 0.582812 0.568750 0.579688 0.571875 0.578125 0.571875 0.570312 0.579688 0.568750 0.579688 0.562500 0.585938 0.562500 0.587500 0.559375 0.590625 0.559375 0.592187 0.557813 0.593750 0.557813 0.596875 0.556250 0.598437 0.556250 0.620313 0.554688 0.621875 0.554688 0.690625 0.553125 0.692187 0.553125 0.718750 0.554688 0.720313 0.554688 0.732812 0.553125 0.734375 0.553125 0.760938 0.554688 0.762500 0.554688 0.817187 0.556250 0.818750 0.556250 0.839063 0.554688 0.840625 0.554688 0.876563 0.556250 0.878125 0.556250 0.882812 0.557813 0.884375 0.557813 0.889062 0.559375 0.890625 0.559375 0.895312 0.560937 0.896875 0.560937 0.900000 0.562500 0.901563 0.562500 0.903125 0.564063 0.904687 0.564063 0.906250 0.565625 0.907813 0.565625 0.909375 0.575000 0.918750 0.576562 0.918750 0.578125 0.920312 0.579688 0.920312 0.582812 0.923438 0.584375 0.923438 0.587500 0.926562 0.589063 0.926562 0.590625 0.928125 0.592187 0.928125 0.593750 0.929688 0.598437 0.929688 0.600000 0.931250 0.618750 0.931250 0.620313 0.929688 0.621875 0.931250 0.628125 0.931250 0.629687 0.932813 0.650000 0.932813 0.651563 0.934375 0.673438 0.934375 0.675000 0.932813 0.685937 0.932813 0.687500 0.934375 0.710938 0.934375 0.712500 0.935937 0.720313 0.935937 0.721875 0.937500 0.765625 0.937500 0.767188 0.939063 0.785937 0.939063 0.787500 0.937500 0.800000 0.937500 0.801562 0.935937 0.806250 0.935937 0.807813 0.934375 0.814063 0.934375 0.815625 0.932813 0.818750 0.932813 0.820312 0.931250 0.823438 0.931250 0.825000 0.929688 0.826562 0.929688 0.828125 0.928125 0.829688 0.928125 0.831250 0.926562 0.832812 0.926562 0.842187 0.917188 0.842187 0.915625 0.843750 0.914062 0.843750 0.912500 0.845313 0.910937 0.845313 0.909375 0.846875 0.907813 0.846875 0.906250 0.848437 0.904687 0.848437 0.900000 0.850000 0.898438 0.850000 0.892188 0.851562 0.890625 0.851562 0.882812 0.853125 0.881250 0.853125 0.818750 0.851562 0.817187 0.851562 0.810937 0.850000 0.809375 0.850000 0.798438 0.851562 0.796875 0.851562 0.790625 0.853125 0.789062 0.853125 0.767188 0.854688 0.765625 0.854688 0.690625 0.853125 0.689063 0.853125 0.681250 0.851562 0.679688 0.851562 0.676562 0.850000 0.675000 0.850000 0.673438 0.848437 0.671875 0.848437 0.670312 0.845313 0.667188 0.845313 0.665625 0.837500 0.657813 0.837500 0.656250 0.832812 0.651563 0.832812 0.650000 0.826562 0.643750 0.825000 0.643750 0.821875 0.640625 0.820312 0.640625 0.818750 0.639062 0.815625 0.639062 0.814063 0.637500 0.807813 0.637500 0.806250 0.635938 0.803125 0.635938 0.801562 0.634375 0.800000 0.634375 0.798438 0.632812 0.796875 0.632812 0.795312 0.631250 0.793750 0.631250 0.792188 0.629687 0.789062 0.629687 0.787500 0.628125 0.784375 0.628125 0.782813 0.626563 0.779687 0.626563 0.778125 0.625000 0.770312 0.625000 0.768750 0.623437 0.764062 0.623437 0.762500 0.621875 0.759375 0.621875 0.757812 0.620313 0.756250 0.620313 0.754687 0.618750 0.753125 0.618750 0.751563 0.617188 0.750000 0.617188 0.748437 0.615625 0.746875 0.615625 0.745313 0.614062 0.740625 0.614062 0.739062 0.612500 0.735938 0.612500 0.734375 0.610938 0.732812 0.610938 0.731250 0.609375 0.728125 0.609375 0.726562 0.607812 0.725000 0.607812 0.723437 0.606250 0.720313 0.606250 0.718750 0.604688 0.715625 0.604688 0.714063 0.603125 0.712500 0.603125 0.710938 0.601562 0.707812 0.601562 0.703125 0.596875 0.701562 0.596875 0.700000 0.595313 0.698438 0.595313 0.695312 0.592187 0.693750 0.592187 0.692187 0.590625 0.690625 0.590625 0.689063 0.589063 0.685937 0.589063 0.684375 0.587500 0.679688 0.587500 0.678125 0.585938 0.670312 0.585938 0.668750 0.584375 0.667188 0.584375 0.664062 0.581250 0.660937 0.581250 0.659375 0.579688 0.657813 0.579688 0.656250 0.578125 0.654687 0.578125 0.653125 0.576562 0.651563 0.576562 0.650000 0.575000 0.646875 0.575000 0.645312 0.573438 0.637500 0.573438 0.635938 0.571875 0.632812 0.571875 0.631250 0.570312 0.626563 0.570312 0.625000 0.568750 0.623437 0.568750 0.621875 0.567187 0.618750 0.567187 0.617188 0.565625 0.612500 0.565625 0.610938 0.564063
0 0.198437 0.301563 0.196875 0.303125 0.192188 0.303125 0.190625 0.304688 0.189062 0.304688 0.187500 0.306250 0.185938 0.306250 0.184375 0.307812 0.182812 0.307812 0.181250 0.309375 0.179688 0.309375 0.168750 0.320312 0.168750 0.321875 0.165625 0.325000 0.165625 0.326562 0.164062 0.328125 0.164062 0.331250 0.162500 0.332813 0.162500 0.337500 0.160938 0.339062 0.160938 0.353125 0.159375 0.354687 0.159375 0.385937 0.157812 0.387500 0.157812 0.435937 0.156250 0.437500 0.156250 0.504687 0.157812 0.506250 0.157812 0.550000 0.156250 0.551562 0.156250 0.560937 0.154688 0.562500 0.154688 0.576562 0.153125 0.578125 0.153125 0.657813 0.151562 0.659375 0.151562 0.670312 0.150000 0.671875 0.150000 0.873437 0.148438 0.875000 0.148438 0.915625 0.150000 0.917188 0.150000 0.918750 0.154688 0.923438 0.156250 0.923438 0.157812 0.925000 0.159375 0.925000 0.160938 0.926562 0.167187 0.926562 0.168750 0.928125 0.173437 0.928125 0.175000 0.929688 0.176563 0.929688 0.178125 0.931250 0.181250 0.931250 0.182812 0.932813 0.189062 0.932813 0.190625 0.934375 0.198437 0.934375 0.200000 0.935937 0.203125 0.935937 0.204687 0.937500 0.206250 0.937500 0.207813 0.939063 0.242188 0.939063 0.243750 0.940625 0.273438 0.940625 0.275000 0.939063 0.329688 0.939063 0.331250 0.940625 0.375000 0.940625 0.376563 0.942187 0.384375 0.942187 0.385937 0.943750 0.457813 0.943750 0.459375 0.942187 0.464062 0.942187 0.465625 0.940625 0.470313 0.940625 0.471875 0.939063 0.482812 0.939063 0.484375 0.937500 0.487500 0.937500 0.489063 0.935937 0.492188 0.935937 0.493750 0.934375 0.495312 0.934375 0.496875 0.932813 0.498437 0.932813 0.500000 0.931250 0.501563 0.931250 0.504687 0.928125 0.506250 0.928125 0.507812 0.926562 0.509375 0.926562 0.512500 0.923438 0.514062 0.923438 0.523438 0.914062 0.523438 0.912500 0.526563 0.909375 0.526563 0.907813 0.529687 0.904687 0.529687 0.903125 0.531250 0.901563 0.531250 0.898438 0.532813 0.896875 0.532813 0.892188 0.534375 0.890625 0.534375 0.879687 0.535937 0.878125 0.535937 0.865625 0.537500 0.864062 0.537500 0.798438 0.535937 0.796875 0.535937 0.787500 0.534375 0.785937 0.534375 0.771875 0.532813 0.770312 0.532813 0.760938 0.534375 0.759375 0.534375 0.715625 0.532813 0.714063 0.532813 0.659375 0.531250 0.657813 0.531250 0.584375 0.532813 0.582812 0.532813 0.509375 0.534375 0.507812 0.534375 0.484375 0.532813 0.482812 0.532813 0.473438 0.531250 0.471875 0.531250 0.428125 0.529687 0.426563 0.529687 0.423438 0.528125 0.421875 0.528125 0.418750 0.526563 0.417187 0.526563 0.415625 0.525000 0.414062 0.525000 0.412500 0.520312 0.407813 0.520312 0.406250 0.515625 0.401562 0.514062 0.401562 0.509375 0.396875 0.507812 0.396875 0.506250 0.395313 0.504687 0.395313 0.503125 0.393750 0.501563 0.393750 0.500000 0.392188 0.496875 0.392188 0.495312 0.390625 0.487500 0.390625 0.485938 0.389062 0.467187 0.389062 0.465625 0.387500 0.462500 0.387500 0.460938 0.385937 0.459375 0.385937 0.456250 0.382812 0.454688 0.382812 0.448437 0.376563 0.446875 0.376563 0.443750 0.373437 0.442188 0.373437 0.440625 0.371875 0.437500 0.371875 0.435937 0.370312 0.434375 0.370312 0.432812 0.368750 0.431250 0.368750 0.429688 0.367188 0.426563 0.367188 0.425000 0.365625 0.421875 0.365625 0.420312 0.364063 0.418750 0.364063 0.417187 0.362500 0.415625 0.362500 0.414062 0.360938 0.409375 0.360938 0.407813 0.359375 0.404687 0.359375 0.403125 0.357812 0.398438 0.357812 0.396875 0.356250 0.393750 0.356250 0.392188 0.354687 0.390625 0.354687 0.389062 0.353125 0.385937 0.353125 0.384375 0.351562 0.382812 0.351562 0.379688 0.348438 0.378125 0.348438 0.376563 0.346875 0.375000 0.346875 0.373437 0.345313 0.371875 0.345313 0.370312 0.343750 0.367188 0.343750 0.365625 0.342187 0.364063 0.342187 0.362500 0.340625 0.360938 0.340625 0.359375 0.339062 0.356250 0.339062 0.354687 0.337500 0.353125 0.337500 0.351562 0.335938 0.348438 0.335938 0.346875 0.334375 0.342187 0.334375 0.340625 0.332813 0.335938 0.332813 0.334375 0.331250 0.328125 0.331250 0.326562 0.329688 0.320312 0.329688 0.318750 0.328125 0.317188 0.328125 0.315625 0.326562 0.310937 0.326562 0.307812 0.323437 0.304688 0.323437 0.303125 0.321875 0.301563 0.321875 0.300000 0.320312 0.293750 0.320312 0.292187 0.318750 0.289062 0.318750 0.287500 0.317188 0.285938 0.317188 0.284375 0.315625 0.282813 0.315625 0.281250 0.314063 0.279687 0.314063 0.278125 0.312500 0.276562 0.312500 0.273438 0.309375 0.271875 0.309375 0.270313 0.307812 0.268750 0.307812 0.267188 0.306250 0.264062 0.306250 0.262500 0.304688 0.257812 0.304688 0.256250 0.303125 0.215625 0.303125 0.214062 0.301563
