2 0.766406 0.309375 0.706250 0.309375 0.706250 0.314063 0.692187 0.323437 0.560937 0.387500 0.534375 0.409375 0.534375 0.512500 0.570312 0.537500 0.746875 0.600000 0.751563 0.607812 0.756250 0.601562 0.773438 0.598437 0.784375 0.590625 0.800000 0.565625 0.796875 0.389062 0.785937 0.331250 0.775000 0.309375
6 0.598437 0.578125 0.559375 0.578125 0.539062 0.614062 0.539062 0.659375 0.535937 0.673438 0.528125 0.676562 0.528125 0.714063 0.534375 0.715625 0.539062 0.729688 0.534375 0.760938 0.528125 0.765625 0.534375 0.767188 0.537500 0.778125 0.540625 0.843750 0.548438 0.867188 0.582812 0.903125 0.615625 0.917188 0.635938 0.914062 0.678125 0.889062 0.701562 0.914062 0.743750 0.909375 0.773438 0.900000 0.807813 0.876563 0.821875 0.859375 0.823438 0.820312 0.814063 0.801562 0.821875 0.773438 0.821875 0.750000 0.812500 0.718750 0.810937 0.682813 0.770312 0.637500 0.737500 0.621875 0.695312 0.617188 0.659375 0.600000 0.609375 0.585938 0.606250 0.578125
0 0.779687 0.290625 0.717187 0.290625 0.710938 0.301563 0.565625 0.378125 0.528125 0.404687 0.528125 0.514062 0.534375 0.514062 0.546875 0.528125 0.565625 0.539062 0.754687 0.606250 0.759375 0.614062 0.771875 0.614062 0.771875 0.607812 0.785937 0.593750 0.796875 0.590625 0.814063 0.562500 0.820312 0.560937 0.820312 0.418750 0.814063 0.417187 0.812500 0.407813 0.810937 0.337500 0.807813 0.323437 0.787500 0.296875 0.787500 0.290625
4 0.503750 0.096875 0.468750 0.096875 0.454688 0.129688 0.446875 0.132812 0.446875 0.353125 0.481250 0.379688 0.509375 0.382812 0.525000 0.378125 0.759375 0.257812 0.779687 0.245312 0.793750 0.226562 0.801562 0.223438 0.801562 0.198437 0.793750 0.193750 0.784375 0.137500 0.767188 0.118750 0.751563 0.110937 0.720313 0.104688 0.715625 0.096875 0.693750 0.096875 0.692187 0.103125 0.681250 0.104688 0.639062 0.104688 0.632812 0.096875 0.582812 0.096875 0.581250 0.103125 0.565625 0.107813 0.531250 0.110937 0.514062 0.104688 0.512500 0.096875
0 0.762331 0.090625 0.475000 0.090625 0.450000 0.123438 0.440625 0.128125 0.440625 0.356250 0.478125 0.385937 0.517188 0.385937 0.787500 0.242188 0.801562 0.221875 0.807813 0.220312 0.807813 0.137500 0.800000 0.134375 0.792188 0.115625 0.770312 0.096875 0.770312 0.090625
0 0.613477 0.571875 0.554688 0.571875 0.539062 0.596875 0.534375 0.621875 0.528125 0.623437 0.528125 0.848437 0.534375 0.850000 0.542188 0.890625 0.562500 0.914062 0.609375 0.925000 0.642188 0.921875 0.718750 0.932813 0.720313 0.926562 0.764062 0.925000 0.803125 0.914062 0.820312 0.895312 0.826562 0.878125 0.832812 0.876563 0.832812 0.729688 0.826562 0.728125 0.823438 0.690625 0.815625 0.668750 0.787500 0.640625 0.631250 0.582812 0.621875 0.571875
3 0.285938 0.103125 0.262500 0.103125 0.259375 0.110937 0.232813 0.123438 0.189062 0.160938 0.171875 0.165625 0.171875 0.271875 0.178125 0.271875 0.209375 0.293750 0.278125 0.321875 0.359375 0.343750 0.364063 0.351562 0.384375 0.351562 0.385937 0.345313 0.401562 0.339062 0.420312 0.312500 0.426563 0.310937 0.426563 0.248438 0.420312 0.246875 0.420312 0.192188 0.426563 0.190625 0.426563 0.184375 0.420312 0.182812 0.414062 0.165625 0.371875 0.159375 0.325000 0.140625 0.306250 0.126562 0.293750 0.103125
0 0.381250 0.096875 0.193750 0.096875 0.167187 0.131250 0.159375 0.134375 0.159375 0.271875 0.210938 0.303125 0.348438 0.348438 0.379688 0.351562 0.407813 0.337500 0.417187 0.328125 0.426563 0.301563 0.432812 0.300000 0.432812 0.214062 0.426563 0.212500 0.420312 0.135937 0.389062 0.103125 0.389062 0.096875
0 0.243403 0.328125 0.178125 0.328125 0.178125 0.334375 0.160938 0.354687 0.153125 0.356250 0.153125 0.892188 0.162500 0.893750 0.173437 0.904687 0.184375 0.932813 0.464062 0.932813 0.467187 0.925000 0.500000 0.901563 0.509375 0.882812 0.512500 0.862500 0.509375 0.448437 0.495312 0.423438 0.475000 0.409375 0.270313 0.343750 0.254688 0.335938 0.251563 0.328125
5 0.334375 0.417187 0.353125 0.453125 0.353125 0.492188 0.329688 0.546875 0.342187 0.706250 0.367188 0.684375 0.387500 0.685937 0.390625 0.692187 0.418750 0.678125 0.479687 0.665625 0.487500 0.668750 0.487500 0.675000 0.496875 0.660937 0.496875 0.639062 0.470313 0.570312 0.345313 0.415625
5 0.187500 0.423438 0.182812 0.493750 0.185938 0.637500 0.190625 0.639062 0.187500 0.701562 0.206250 0.701562 0.209375 0.693750 0.223438 0.700000 0.229687 0.689063 0.248438 0.689063 0.260937 0.692187 0.265625 0.706250 0.276562 0.704688 0.289062 0.695312 0.287500 0.545312 0.262500 0.506250 0.257812 0.454688 0.275000 0.412500 0.298438 0.395313 0.317188 0.398438 0.323437 0.385937 0.243750 0.340625 0.203125 0.340625 0.195312 0.351562
5 0.187500 0.732812 0.185938 0.765625 0.193750 0.792188 0.292187 0.782813 0.292187 0.717187 0.246875 0.710938 0.204687 0.715625 0.189062 0.718750 0.192188 0.731250
5 0.346875 0.781250 0.346875 0.843750 0.354687 0.851562 0.498437 0.835938 0.496875 0.765625
5 0.204687 0.795312 0.210938 0.876563 0.295312 0.857812 0.292187 0.784375 0.271875 0.782813
5 0.342187 0.714063 0.345313 0.779687 0.418750 0.776563 0.490625 0.765625 0.496875 0.754687 0.493750 0.703125 0.431250 0.703125
