1 0.188802 0.528125 0.003125 0.528125 0.003125 0.876563 0.220312 0.876563 0.220312 0.870313 0.234375 0.853125 0.240625 0.832812 0.221875 0.815625 0.221875 0.798438 0.229687 0.782813 0.246875 0.776563 0.248438 0.767188 0.223438 0.668750 0.221875 0.565625 0.215625 0.550000 0.196875 0.528125
8 0.820089 0.171875 0.771875 0.171875 0.770312 0.179688 0.751563 0.192188 0.746875 0.192188 0.746875 0.229687 0.751563 0.229687 0.759375 0.240625 0.773438 0.253125 0.798438 0.264062 0.800000 0.270313 0.870313 0.270313 0.870313 0.225000 0.864062 0.223438 0.856250 0.204687 0.828125 0.176563 0.828125 0.171875
0 0.696766 0.121875 0.253125 0.121875 0.253125 0.248438 0.260937 0.251563 0.270313 0.271875 0.282813 0.284375 0.321875 0.295312 0.506250 0.295312 0.640625 0.301563 0.681250 0.298438 0.701562 0.290625 0.714063 0.278125 0.725000 0.231250 0.732812 0.226562 0.732812 0.203125 0.726562 0.201563 0.720313 0.162500 0.704688 0.121875
0 0.184309 0.515625 0.003125 0.515625 0.003125 0.876563 0.218750 0.875000 0.234375 0.860938 0.250000 0.826562 0.257812 0.823438 0.257812 0.771875 0.251563 0.770312 0.243750 0.748437 0.226562 0.676562 0.223438 0.571875 0.214062 0.539062 0.192188 0.520312 0.192188 0.515625
2 0.943500 0.303125 0.750000 0.303125 0.750000 0.307812 0.734375 0.318750 0.734375 0.412500 0.740625 0.414062 0.753125 0.440625 0.773438 0.460938 0.804688 0.476562 0.806250 0.482812 0.901563 0.482812 0.903125 0.476562 0.912500 0.475000 0.998437 0.475000 0.998437 0.351562 0.973437 0.323437 0.951562 0.307812 0.951562 0.303125
0 0.217077 0.278125 0.003125 0.278125 0.003125 0.495312 0.195312 0.489063 0.220312 0.482812 0.239063 0.471875 0.260937 0.442188 0.270313 0.398438 0.276562 0.396875 0.276562 0.370312 0.270313 0.368750 0.257812 0.315625 0.225000 0.278125
7 0.144420 0.121875 0.092188 0.121875 0.089063 0.129688 0.026562 0.176563 0.023438 0.193750 0.015625 0.196875 0.015625 0.256250 0.071875 0.262500 0.134375 0.257812 0.170313 0.245312 0.204687 0.220312 0.217188 0.206250 0.220312 0.182812 0.226562 0.181250 0.226562 0.157812 0.187500 0.150000 0.167187 0.140625 0.153125 0.128125 0.153125 0.121875
0 0.231198 0.121875 0.003125 0.121875 0.003125 0.259375 0.042188 0.259375 0.068750 0.264062 0.167187 0.264062 0.198437 0.254688 0.217188 0.237500 0.225000 0.223438 0.229687 0.165625 0.232813 0.153125 0.239063 0.151562 0.239063 0.142187 0.232813 0.140625 0.239063 0.139063 0.239063 0.121875
2 0.221875 0.296875 0.003125 0.296875 0.003125 0.495312 0.176563 0.495312 0.178125 0.489063 0.214062 0.482812 0.243750 0.465625 0.254688 0.451562 0.264062 0.425000 0.270313 0.423438 0.270313 0.353125 0.262500 0.350000 0.250000 0.320312 0.229687 0.296875
0 0.963889 0.284375 0.756250 0.284375 0.756250 0.290625 0.732812 0.317188 0.728125 0.317188 0.728125 0.392188 0.734375 0.393750 0.750000 0.437500 0.776563 0.465625 0.803125 0.478125 0.998437 0.478125 0.998437 0.306250 0.975000 0.292187 0.971875 0.284375
0 0.902913 0.121875 0.734375 0.121875 0.734375 0.165625 0.740625 0.167187 0.743750 0.179688 0.743750 0.220312 0.760938 0.248438 0.793750 0.267188 0.848437 0.270313 0.850000 0.276562 0.948438 0.276562 0.948438 0.271875 0.967187 0.253125 0.976562 0.250000 0.976562 0.223438 0.968750 0.220312 0.946875 0.167187 0.910937 0.128125 0.910937 0.121875
6 0.990550 0.503125 0.832812 0.503125 0.828125 0.512500 0.803125 0.528125 0.803125 0.610938 0.809375 0.612500 0.812500 0.631250 0.810937 0.703125 0.809375 0.712500 0.803125 0.714063 0.803125 0.775000 0.810937 0.778125 0.820312 0.803125 0.834375 0.820312 0.850000 0.834375 0.876563 0.846875 0.910937 0.850000 0.968750 0.840625 0.998437 0.840625 0.998437 0.503125
0 0.990312 0.496875 0.835938 0.496875 0.832812 0.504687 0.809375 0.521875 0.803125 0.521875 0.803125 0.782813 0.810937 0.785937 0.829688 0.817187 0.853125 0.839063 0.870313 0.846875 0.901563 0.851562 0.903125 0.857812 0.968750 0.857812 0.970313 0.851562 0.998437 0.850000 0.998437 0.496875
0 0.638898 0.309375 0.343750 0.309375 0.343750 0.314063 0.326562 0.323437 0.303125 0.351562 0.292187 0.378125 0.290625 0.434375 0.276562 0.504687 0.267188 0.531250 0.259375 0.534375 0.259375 0.690625 0.267188 0.693750 0.282813 0.765625 0.320312 0.837500 0.348438 0.870313 0.410938 0.876563 0.690625 0.870313 0.740625 0.842187 0.756250 0.818750 0.775000 0.750000 0.787500 0.662500 0.784375 0.607812 0.770312 0.564063 0.768750 0.534375 0.728125 0.439063 0.703125 0.353125 0.678125 0.326562 0.648438 0.315625 0.646875 0.309375
5 0.612500 0.371875 0.610938 0.378125 0.590625 0.384375 0.539062 0.392188 0.432812 0.390625 0.362500 0.378125 0.339062 0.379688 0.326562 0.387500 0.321875 0.432812 0.315625 0.434375 0.315625 0.601562 0.323437 0.607812 0.332813 0.710938 0.328125 0.771875 0.334375 0.789062 0.351562 0.795312 0.350000 0.807813 0.359375 0.807813 0.359375 0.803125 0.351562 0.795312 0.353125 0.757812 0.348438 0.740625 0.353125 0.717187 0.348438 0.701562 0.360938 0.690625 0.370312 0.670312 0.387500 0.659375 0.368750 0.626563 0.381250 0.606250 0.429688 0.665625 0.493750 0.720313 0.553125 0.762500 0.609375 0.781250 0.682813 0.782813 0.700000 0.793750 0.731250 0.778125 0.728125 0.740625 0.707812 0.701562 0.770312 0.689063 0.770312 0.671875 0.762500 0.668750 0.718750 0.568750 0.673438 0.426563 0.665625 0.410938 0.621875 0.378125 0.620313 0.371875
4 0.690497 0.121875 0.309375 0.121875 0.307812 0.128125 0.298438 0.131250 0.276562 0.128125 0.267188 0.134375 0.260937 0.148438 0.253125 0.151562 0.253125 0.231250 0.260937 0.234375 0.278125 0.276562 0.312500 0.292187 0.676562 0.301563 0.690625 0.296875 0.707812 0.282813 0.718750 0.223438 0.726562 0.217188 0.726562 0.195312 0.718750 0.190625 0.698438 0.121875
5 0.614062 0.371875 0.609375 0.379688 0.543750 0.396875 0.540625 0.403125 0.514062 0.396875 0.418750 0.393750 0.357812 0.378125 0.339062 0.379688 0.326562 0.387500 0.321875 0.435937 0.309375 0.443750 0.309375 0.564063 0.314063 0.564063 0.317188 0.571875 0.325000 0.637500 0.326562 0.781250 0.339062 0.814063 0.335938 0.840625 0.342187 0.848437 0.398438 0.848437 0.417187 0.842187 0.434375 0.850000 0.435937 0.857812 0.442188 0.857812 0.446875 0.840625 0.442188 0.832812 0.409375 0.829688 0.367188 0.814063 0.362500 0.789062 0.370312 0.782813 0.434375 0.784375 0.454688 0.776563 0.489063 0.776563 0.520312 0.784375 0.543750 0.775000 0.564063 0.779687 0.582812 0.771875 0.612500 0.779687 0.689063 0.784375 0.689063 0.696875 0.643750 0.690625 0.551562 0.701562 0.535937 0.684375 0.492188 0.670312 0.482812 0.675000 0.487500 0.690625 0.495312 0.704688 0.517188 0.721875 0.514062 0.728125 0.501563 0.725000 0.426563 0.657813 0.387500 0.609375 0.382812 0.596875 0.392188 0.579688 0.390625 0.557813 0.396875 0.528125 0.379688 0.501563 0.378125 0.464062 0.404687 0.437500 0.425000 0.434375 0.442188 0.451562 0.453125 0.437500 0.481250 0.443750 0.501563 0.434375 0.520312 0.435937 0.529687 0.426563 0.540625 0.426563 0.553125 0.435937 0.564063 0.409375 0.557813 0.403125 0.573438 0.398438 0.590625 0.414062 0.665625 0.435937 0.675000 0.464062 0.671875 0.473438 0.678125 0.476562 0.684375 0.495312 0.689063 0.495312 0.689063 0.459375 0.681250 0.456250 0.665625 0.415625 0.640625 0.398438 0.620313 0.371875
