8 0.839063 0.128125 0.745313 0.128125 0.742188 0.135937 0.734375 0.135937 0.734359 0.163536 0.739062 0.176563 0.743750 0.185938 0.748437 0.228125 0.754687 0.246875 0.776563 0.268750 0.803125 0.279687 0.921875 0.281250 0.928125 0.278125 0.931250 0.273438 0.928125 0.226562 0.903125 0.167187 0.890625 0.151562 0.870313 0.140625 0.850000 0.135937 0.846875 0.128125
2 0.930087 0.320337 0.920941 0.315933 0.907730 0.317966 0.891469 0.316270 0.874869 0.317966 0.855220 0.317966 0.833539 0.317627 0.810841 0.317966 0.789498 0.317288 0.768834 0.316609 0.752658 0.319406 0.747237 0.324828 0.740123 0.325844 0.739700 0.335588 0.734025 0.349227 0.735042 0.373964 0.739445 0.400397 0.742495 0.418017 0.750000 0.435937 0.770312 0.459375 0.801562 0.475000 0.832184 0.476558 0.978531 0.475203 0.994792 0.475203 0.998437 0.473438 0.998437 0.456564 0.997841 0.448092 0.995809 0.437927 0.991066 0.428437 0.989033 0.420644 0.989372 0.410817 0.983952 0.405395 0.980903 0.394552 0.977516 0.386417 0.972434 0.376930 0.971756 0.367780 0.968030 0.359986 0.967187 0.346875 0.956850 0.339992 0.952108 0.328131 0.938895 0.323727
4 0.617031 0.123327 0.314688 0.122884 0.313937 0.125886 0.312125 0.129062 0.294937 0.136875 0.284000 0.165000 0.277750 0.166563 0.277750 0.222812 0.285562 0.227500 0.293375 0.260313 0.305875 0.282187 0.326187 0.296250 0.344938 0.300937 0.643375 0.307188 0.693375 0.302500 0.705875 0.291563 0.712125 0.275938 0.719938 0.272813 0.719938 0.194687 0.712125 0.191562 0.696500 0.154062 0.687125 0.144687 0.665250 0.135313 0.629312 0.129062 0.626656 0.123702
0 0.682166 0.123639 0.286945 0.123639 0.282986 0.136213 0.276636 0.164450 0.278400 0.230453 0.284752 0.250572 0.299445 0.281452 0.318195 0.298639 0.332258 0.304889 0.363508 0.308014 0.395937 0.307553 0.679105 0.310856 0.694945 0.309144 0.706736 0.306734 0.716888 0.300459 0.728672 0.285402 0.729812 0.279694 0.730981 0.263472 0.733748 0.232106 0.729798 0.199234 0.724411 0.179023 0.720747 0.166275 0.709258 0.142981 0.698819 0.130519
7 0.143437 0.140625 0.110937 0.140625 0.110937 0.145313 0.092188 0.164062 0.084375 0.178125 0.064062 0.196875 0.059375 0.214062 0.053125 0.215625 0.053125 0.262500 0.087500 0.267188 0.212500 0.267188 0.235937 0.259375 0.253125 0.245312 0.256250 0.237500 0.256250 0.193750 0.245312 0.175000 0.228125 0.164062 0.189062 0.164062 0.160938 0.156250 0.153125 0.150000 0.151562 0.140625
3 0.156145 0.296875 0.045312 0.296875 0.042188 0.304688 0.003125 0.325000 0.003125 0.485938 0.225000 0.485938 0.268750 0.475000 0.292187 0.457813 0.303125 0.429688 0.307812 0.392188 0.314063 0.390625 0.314063 0.378125 0.307812 0.376563 0.301563 0.346875 0.290625 0.326562 0.268750 0.309375 0.260937 0.296875 0.192188 0.296875 0.192188 0.301563 0.184375 0.304688 0.165625 0.303125 0.164062 0.296875
1 0.220028 0.515625 0.050000 0.515625 0.048438 0.521875 0.039062 0.523438 0.003125 0.521875 0.003125 0.870313 0.014063 0.870313 0.015625 0.876563 0.020313 0.876563 0.021875 0.870313 0.084375 0.860938 0.182812 0.860938 0.242188 0.851562 0.265625 0.829688 0.250000 0.815625 0.262500 0.784375 0.271875 0.779687 0.301563 0.778125 0.301563 0.740625 0.296875 0.740625 0.292187 0.731250 0.275000 0.642188 0.270313 0.551562 0.260937 0.537500 0.229687 0.521875 0.228125 0.515625
0 0.261800 0.123655 0.045155 0.122811 0.032155 0.131664 0.021920 0.145222 0.014452 0.166250 0.009375 0.184375 0.002352 0.219089 0.001798 0.237627 0.011202 0.252291 0.027522 0.264464 0.046875 0.268750 0.087405 0.269936 0.131937 0.270489 0.164062 0.270313 0.180066 0.271042 0.192236 0.271319 0.207813 0.270313 0.229687 0.267188 0.240625 0.260937 0.247141 0.255691 0.256267 0.249881 0.260937 0.235937 0.260694 0.211975 0.260937 0.179688 0.264062 0.160938 0.267608 0.141639 0.272311 0.123655
0 0.636375 0.319066 0.370548 0.317505 0.342347 0.332805 0.327439 0.347653 0.320213 0.377375 0.323228 0.405956 0.316598 0.447261 0.310977 0.471942 0.300538 0.507689 0.296522 0.551031 0.292106 0.589991 0.296923 0.640598 0.302947 0.678755 0.321875 0.740625 0.361769 0.833939 0.383452 0.840767 0.418750 0.850000 0.475000 0.850000 0.671875 0.835938 0.721875 0.823438 0.753125 0.793750 0.771875 0.746875 0.785937 0.654687 0.785937 0.618750 0.771875 0.537500 0.740625 0.456250 0.734580 0.420927 0.718750 0.382812 0.712500 0.364063 0.702459 0.344128 0.687202 0.330473 0.672125 0.322692 0.648125 0.319441
6 0.998437 0.489806 0.825686 0.493602 0.805961 0.506502 0.796875 0.517188 0.791167 0.536098 0.796478 0.560381 0.803125 0.603125 0.806250 0.623437 0.802927 0.677508 0.801409 0.691548 0.799892 0.705588 0.797995 0.740495 0.806341 0.764020 0.820312 0.781250 0.835548 0.800827 0.861342 0.814866 0.874239 0.816762 0.998437 0.812589 0.998437 0.503125
0 0.231198 0.503125 0.003125 0.503125 0.003125 0.876563 0.202622 0.863436 0.264248 0.848023 0.290625 0.826562 0.301563 0.795312 0.303931 0.782534 0.304398 0.770859 0.300000 0.746875 0.279687 0.668750 0.272652 0.604528 0.273119 0.544284 0.266583 0.532833 0.254911 0.519756
0 0.848236 0.123075 0.740214 0.123598 0.733114 0.132698 0.729120 0.142684 0.728455 0.152228 0.736886 0.175125 0.742188 0.192188 0.748361 0.244145 0.757812 0.256250 0.778125 0.273438 0.795720 0.280583 0.811272 0.283997 0.840859 0.283619 0.905723 0.285136 0.931250 0.282813 0.942897 0.281342 0.952380 0.274511 0.956931 0.260852 0.953897 0.236947 0.941000 0.200522 0.928125 0.173437 0.901563 0.146875 0.868750 0.129688 0.858970 0.127150
0 0.936525 0.293905 0.887403 0.293905 0.826764 0.292211 0.767480 0.292550 0.746136 0.303394 0.736991 0.314916 0.734364 0.330848 0.730977 0.370158 0.736652 0.406072 0.746136 0.430133 0.757994 0.449787 0.780014 0.469781 0.799323 0.477236 0.825408 0.478592 0.915605 0.476706 0.964387 0.477045 0.989062 0.476562 0.998437 0.476562 0.998437 0.354687 0.997248 0.345734 0.992083 0.333214 0.976498 0.314238 0.963288 0.304072 0.951562 0.296875
0 0.998437 0.490778 0.825309 0.493231 0.812906 0.500009 0.803406 0.507386 0.795906 0.519891 0.791214 0.534495 0.792955 0.549170 0.799669 0.586978 0.803125 0.631250 0.804688 0.642188 0.803125 0.673438 0.800662 0.700558 0.797430 0.740158 0.803398 0.756191 0.809375 0.768750 0.828125 0.793750 0.853125 0.809375 0.867798 0.817002 0.900123 0.817002 0.906030 0.816505 0.914733 0.815758 0.920948 0.815261 0.928656 0.814762 0.938106 0.814514 0.957873 0.812277 0.969809 0.812028 0.986469 0.812525 0.998155 0.812773 0.998437 0.496875
0 0.224175 0.280864 0.028763 0.280131 0.015816 0.286973 0.000000 0.296588 0.003125 0.492188 0.228125 0.490625 0.282813 0.470313 0.296875 0.454688 0.307348 0.435208 0.309058 0.428122 0.311256 0.412730 0.311989 0.365570 0.301486 0.332666 0.291959 0.312141 0.279258 0.295281 0.259106 0.284286 0.240542 0.281109
5 0.325000 0.384375 0.320312 0.459375 0.328125 0.532813 0.325000 0.670312 0.332813 0.689063 0.335938 0.737500 0.354687 0.776563 0.401562 0.775000 0.448437 0.785937 0.459375 0.775000 0.582812 0.775000 0.595313 0.787500 0.595313 0.801562 0.601562 0.803125 0.629687 0.784375 0.682813 0.785937 0.700000 0.798438 0.717187 0.800000 0.735938 0.796875 0.751563 0.785937 0.760938 0.723437 0.737500 0.617188 0.737500 0.545312 0.746875 0.525000 0.734375 0.403125 0.700000 0.400000 0.681250 0.375000 0.662500 0.381250 0.465625 0.387500 0.348438 0.348438 0.334375 0.350000
