2 0.694270 0.309375 0.650000 0.309375 0.646875 0.317188 0.557813 0.357812 0.528125 0.378125 0.528125 0.454688 0.660937 0.517188 0.682813 0.518750 0.703125 0.509375 0.714063 0.492188 0.720313 0.490625 0.720313 0.334375 0.714063 0.332813 0.703125 0.309375
4 0.662425 0.171875 0.504687 0.171875 0.501563 0.179688 0.478125 0.196875 0.478125 0.332813 0.484375 0.334375 0.487500 0.345313 0.503125 0.364063 0.521875 0.364063 0.525000 0.356250 0.576562 0.331250 0.664062 0.295312 0.693750 0.279687 0.715625 0.260937 0.720313 0.245312 0.709375 0.201563 0.693750 0.187500 0.673438 0.179688 0.670312 0.171875
3 0.441913 0.184375 0.312500 0.184375 0.312500 0.190625 0.303125 0.193750 0.303125 0.290625 0.309375 0.290625 0.331250 0.303125 0.406250 0.331250 0.409375 0.339062 0.442188 0.339062 0.442188 0.334375 0.450000 0.328125 0.457813 0.312500 0.462500 0.275000 0.462500 0.209375 0.450000 0.184375
0 0.592969 0.496875 0.532813 0.496875 0.528125 0.510938 0.521875 0.512500 0.521875 0.706250 0.553125 0.721875 0.598437 0.726562 0.600000 0.732812 0.682813 0.732812 0.685937 0.725000 0.695312 0.721875 0.718750 0.693750 0.726562 0.690625 0.726562 0.681250 0.720313 0.679688 0.715625 0.598437 0.709375 0.570312 0.693750 0.546875 0.606250 0.506250 0.601562 0.496875
0 0.682573 0.175127 0.496875 0.171875 0.488067 0.182905 0.477261 0.202558 0.473659 0.341767 0.477589 0.351922 0.484794 0.358800 0.496253 0.366334 0.508697 0.367972 0.527362 0.365023 0.707461 0.279944 0.721541 0.269134 0.723506 0.256688 0.723178 0.237689 0.723178 0.214433 0.720559 0.195108 0.713683 0.187573 0.705495 0.182987 0.697964 0.177092 0.689450 0.175455
0 0.693144 0.302948 0.677262 0.303920 0.669969 0.305055 0.659375 0.309375 0.592187 0.339062 0.537605 0.369633 0.528205 0.385845 0.526745 0.404487 0.525288 0.428967 0.525611 0.448258 0.529825 0.458472 0.549678 0.470620 0.622444 0.503523 0.669159 0.522363 0.679206 0.524631 0.687309 0.523659 0.699303 0.519444 0.717453 0.506961 0.719236 0.502266 0.719722 0.497402 0.720313 0.325000 0.715184 0.317377 0.710809 0.312027
0 0.337812 0.315625 0.301563 0.315625 0.285938 0.342187 0.278125 0.345313 0.278125 0.700000 0.301563 0.710938 0.339062 0.714063 0.340625 0.720313 0.476562 0.720313 0.476562 0.715625 0.498437 0.696875 0.504687 0.671875 0.503125 0.626563 0.510938 0.567187 0.512500 0.460938 0.514062 0.437500 0.520312 0.435937 0.520312 0.412500 0.514062 0.410938 0.510938 0.400000 0.496875 0.384375 0.371875 0.334375 0.350000 0.323437 0.346875 0.315625
5 0.459375 0.378125 0.456250 0.385937 0.368750 0.434375 0.323437 0.451562 0.290625 0.456250 0.290625 0.487500 0.296875 0.489063 0.309375 0.515625 0.317188 0.551562 0.360938 0.676562 0.390625 0.676562 0.398438 0.659375 0.423438 0.642188 0.470313 0.581250 0.492188 0.535937 0.501563 0.495312 0.507812 0.493750 0.507812 0.456250 0.501563 0.454688 0.473438 0.378125
6 0.588392 0.503125 0.537500 0.503125 0.540083 0.521152 0.529006 0.547147 0.526525 0.666709 0.535014 0.670705 0.538011 0.686441 0.546063 0.695117 0.550058 0.703359 0.565039 0.706856 0.571781 0.710353 0.586013 0.708355 0.603125 0.715625 0.612500 0.718750 0.619658 0.724645 0.637636 0.721897 0.673438 0.720313 0.690625 0.714063 0.714063 0.696875 0.714063 0.668750 0.706250 0.665625 0.696875 0.643750 0.703125 0.598437 0.700000 0.564063 0.687500 0.546875 0.642188 0.525000 0.600000 0.510938 0.596875 0.503125
5 0.375781 0.365625 0.315625 0.365625 0.315625 0.371875 0.309375 0.373437 0.309375 0.457813 0.315625 0.457813 0.315625 0.453125 0.320312 0.450000 0.357812 0.439063 0.382812 0.426563 0.446875 0.385937 0.451562 0.385937 0.451562 0.382812 0.443750 0.382812 0.432812 0.378125 0.390625 0.373437 0.384375 0.370312 0.384375 0.365625
0 0.440533 0.171875 0.319920 0.170461 0.306167 0.180287 0.299291 0.189459 0.295689 0.201580 0.290625 0.282813 0.302075 0.296566 0.324342 0.306392 0.416602 0.339475 0.438867 0.343078 0.455567 0.333252 0.463017 0.321792 0.466947 0.303448 0.469239 0.281502 0.467930 0.198959 0.459087 0.182253 0.449919 0.174720
5 0.493750 0.553125 0.485938 0.553125 0.485938 0.559375 0.476562 0.576562 0.437500 0.629687 0.404687 0.657813 0.387500 0.667188 0.378125 0.668750 0.378125 0.681250 0.406250 0.682813 0.482812 0.679688 0.492188 0.675000 0.495312 0.643750 0.501563 0.642188 0.501563 0.553125
