5 0.315625 0.340625 0.292187 0.340625 0.290625 0.346875 0.254688 0.376563 0.235937 0.409375 0.223438 0.443750 0.215625 0.446875 0.215625 0.778125 0.240625 0.793750 0.270313 0.787500 0.296875 0.820312 0.312500 0.820312 0.312500 0.814063 0.428125 0.706250 0.532813 0.598437 0.529687 0.589063 0.482812 0.542188 0.323437 0.340625
0 0.209153 0.286830 0.195198 0.289489 0.184375 0.296875 0.166375 0.314586 0.159730 0.331203 0.158402 0.351809 0.165378 0.858664 0.166044 0.875616 0.175014 0.889573 0.190131 0.906100 0.202758 0.910420 0.225000 0.909375 0.326562 0.912500 0.335991 0.914991 0.342187 0.914062 0.351562 0.912500 0.462500 0.914062 0.490625 0.907813 0.518750 0.885938 0.526563 0.867188 0.529687 0.837500 0.535937 0.667188 0.537253 0.615047 0.537500 0.592187 0.539911 0.574109 0.540242 0.535888 0.539062 0.521875 0.537500 0.512500 0.537500 0.456250 0.532813 0.437500 0.520312 0.417187 0.503125 0.401562 0.420312 0.371875 0.345313 0.335938 0.270288 0.305442 0.252345 0.298795 0.228091 0.290153
0 0.639062 0.571875 0.617811 0.565450 0.597052 0.566080 0.584375 0.571875 0.572833 0.579294 0.565284 0.589677 0.559623 0.603520 0.558994 0.626487 0.558994 0.638758 0.558366 0.865309 0.561825 0.880095 0.570945 0.892995 0.586987 0.902120 0.609003 0.903692 0.736702 0.904952 0.756203 0.906525 0.777591 0.904008 0.802437 0.899917 0.814391 0.895219 0.834834 0.864994 0.837980 0.820658 0.839867 0.788252 0.846158 0.702609 0.846875 0.679688 0.818750 0.646875 0.760938 0.620313 0.742992 0.613273 0.681031 0.590305
4 0.660417 0.040625 0.640625 0.040625 0.639062 0.048438 0.615625 0.060937 0.589063 0.057813 0.567187 0.048438 0.539062 0.050000 0.504687 0.059375 0.492188 0.076563 0.485938 0.100000 0.478125 0.103125 0.478125 0.128125 0.484375 0.129688 0.485938 0.150000 0.485938 0.214062 0.484375 0.223438 0.478125 0.225000 0.478125 0.329688 0.485938 0.332813 0.510938 0.364063 0.554688 0.364063 0.559375 0.356250 0.639062 0.323437 0.776563 0.251563 0.835938 0.226562 0.857812 0.207813 0.868750 0.175000 0.876563 0.171875 0.876563 0.137500 0.870313 0.135937 0.859375 0.110937 0.831250 0.087500 0.798438 0.075000 0.685937 0.057813 0.670312 0.045312 0.670312 0.040625
5 0.497656 0.640625 0.489063 0.640625 0.481250 0.654687 0.428125 0.707812 0.315625 0.812500 0.296875 0.814063 0.271875 0.787500 0.246875 0.793750 0.215625 0.789062 0.203125 0.798438 0.203125 0.846875 0.253125 0.850000 0.260937 0.851562 0.262500 0.857812 0.375000 0.857812 0.376563 0.851562 0.381250 0.857812 0.445312 0.857812 0.446875 0.851562 0.493750 0.848437 0.520312 0.840625 0.520312 0.725000 0.514062 0.723437 0.512500 0.715625 0.506250 0.640625
0 0.813211 0.262902 0.790177 0.268964 0.770312 0.279687 0.609375 0.351562 0.587500 0.367188 0.570312 0.387500 0.558709 0.403756 0.559922 0.508459 0.576895 0.525842 0.742994 0.596991 0.775000 0.609375 0.805634 0.618417 0.824628 0.611544 0.840389 0.603864 0.852413 0.591638 0.854688 0.575000 0.861808 0.483198 0.862500 0.435937 0.867870 0.380922 0.870598 0.328189 0.871406 0.318083 0.870313 0.307812 0.859686 0.283922 0.843750 0.271875
5 0.357031 0.365625 0.346875 0.365625 0.346875 0.378125 0.356250 0.381250 0.462500 0.517188 0.489063 0.545312 0.490625 0.551562 0.520312 0.506250 0.526563 0.504687 0.526563 0.492188 0.521875 0.492188 0.506250 0.476562 0.468750 0.453125 0.398438 0.392188 0.370312 0.373437 0.367188 0.365625
0 0.307583 0.031159 0.201262 0.031159 0.175014 0.049439 0.164062 0.067187 0.156250 0.095312 0.155489 0.099178 0.154083 0.116147 0.154414 0.115150 0.154747 0.141739 0.155744 0.157027 0.155411 0.177300 0.155834 0.191706 0.156250 0.203125 0.161356 0.228967 0.168259 0.240706 0.199064 0.259695 0.359556 0.321841 0.370312 0.326562 0.388111 0.327995 0.407214 0.328631 0.413964 0.327230 0.430520 0.318058 0.442491 0.308377 0.451166 0.297497 0.453125 0.281250 0.457813 0.112500 0.451562 0.075000 0.442856 0.054952 0.426903 0.039327 0.409917 0.032489
0 0.503998 0.040252 0.528909 0.034753 0.832203 0.043061 0.850230 0.045762 0.867286 0.056000 0.876836 0.067602 0.874791 0.195217 0.870014 0.208184 0.857052 0.222516 0.556189 0.367875 0.537086 0.374700 0.509797 0.376747 0.494105 0.371287 0.480461 0.356273 0.473639 0.331706 0.468863 0.313963 0.470909 0.082614 0.476367 0.067602 0.489330 0.051222
1 0.565625 0.626563 0.562500 0.821875 0.570312 0.871875 0.600000 0.889062 0.770312 0.885938 0.792188 0.881250 0.804688 0.871875 0.818750 0.842187 0.821875 0.739062 0.831250 0.696875 0.831250 0.671875 0.820312 0.654687 0.623437 0.570312 0.595313 0.571875 0.575000 0.584375
6 0.570312 0.407813 0.568750 0.495312 0.582812 0.515625 0.740625 0.573438 0.773438 0.579688 0.798438 0.570312 0.804688 0.543750 0.823438 0.526563 0.817187 0.492188 0.825000 0.478125 0.823438 0.448437 0.835938 0.423438 0.837500 0.375000 0.825000 0.331250 0.825000 0.300000 0.812500 0.284375 0.792188 0.279687 0.681250 0.335938 0.604688 0.356250 0.582812 0.375000
3 0.143750 0.096875 0.142187 0.109375 0.167187 0.129688 0.168750 0.217188 0.176563 0.237500 0.195312 0.254688 0.382812 0.321875 0.420312 0.317188 0.439063 0.301563 0.446875 0.259375 0.443750 0.139063 0.450000 0.104688 0.442188 0.076563 0.428125 0.062500 0.396875 0.051562 0.326562 0.056250 0.220312 0.048438 0.200000 0.054688 0.179688 0.076563
