1 0.451562 0.046875 0.454688 0.173437 0.450000 0.295312 0.464062 0.323437 0.490625 0.339062 0.526563 0.339062 0.553125 0.329688 0.873437 0.165625 0.871875 0.000000 0.509375 0.000000 0.503125 0.006250 0.479687 0.006250 0.459375 0.020313
2 0.560937 0.393750 0.560937 0.503125 0.575000 0.526563 0.659375 0.564063 0.696875 0.568750 0.782813 0.607812 0.814063 0.614062 0.823438 0.623437 0.865625 0.612500 0.871875 0.604688 0.871875 0.246875 0.840625 0.243750 0.823438 0.253125 0.817187 0.250000 0.789062 0.257812 0.693750 0.312500 0.590625 0.359375 0.575000 0.370312
4 0.548438 0.690625 0.543750 0.751563 0.546875 0.817187 0.520312 0.868750 0.545312 0.898438 0.546875 0.928125 0.557813 0.945312 0.550000 0.970313 0.542188 0.973437 0.551562 0.998437 0.873437 0.998437 0.871875 0.690625 0.832812 0.678125 0.806250 0.659375 0.693750 0.612500 0.606250 0.585938 0.573438 0.610938
7 0.126562 0.020313 0.126562 0.223438 0.276562 0.267188 0.337500 0.292187 0.351562 0.290625 0.362500 0.246875 0.368750 0.242188 0.390625 0.245312 0.393750 0.257812 0.404687 0.256250 0.421875 0.084375 0.415625 0.000000 0.140625 0.000000
5 0.239063 0.343750 0.268750 0.407813 0.270313 0.443750 0.256250 0.507812 0.271875 0.546875 0.460938 0.607812 0.479687 0.603125 0.498437 0.567187 0.500000 0.498437 0.476562 0.451562 0.442188 0.417187 0.392188 0.390625 0.289062 0.348438 0.248438 0.340625
5 0.278125 0.540625 0.273438 0.542188 0.273438 0.557813 0.282813 0.584375 0.378125 0.815625 0.412500 0.920312 0.425000 0.925000 0.442188 0.921875 0.454688 0.857812 0.462500 0.723437 0.471875 0.696875 0.484375 0.626563 0.481250 0.601562 0.490625 0.568750 0.460938 0.568750 0.453125 0.562500 0.450000 0.539062 0.435937 0.537500 0.426563 0.553125 0.428125 0.562500 0.412500 0.582812 0.400000 0.589063 0.343750 0.570312 0.342187 0.557813 0.334375 0.553125 0.316145 0.556250 0.300000 0.548438 0.298438 0.540625
5 0.126562 0.487500 0.126562 0.529687 0.131250 0.534375 0.125000 0.542188 0.126562 0.723437 0.137500 0.726562 0.131250 0.743750 0.139063 0.757812 0.148438 0.759375 0.167187 0.779687 0.170313 0.829688 0.162500 0.832812 0.159375 0.843750 0.229687 0.917188 0.243750 0.920312 0.246875 0.928125 0.332813 0.921875 0.318750 0.907813 0.182812 0.528125
5 0.239063 0.343750 0.275000 0.407813 0.287500 0.376563 0.304688 0.379688 0.320312 0.393750 0.329688 0.392188 0.351562 0.410938 0.357812 0.409375 0.360938 0.398438 0.375000 0.396875 0.371875 0.389062 0.376563 0.385937 0.353125 0.381250 0.345313 0.371875 0.321875 0.362500 0.257812 0.342187
5 0.443750 0.507812 0.439063 0.534375 0.459375 0.532813 0.489063 0.550000 0.496875 0.521875 0.495312 0.496875 0.487500 0.490625 0.485938 0.473438 0.475000 0.464062 0.473438 0.451562 0.459375 0.459375
5 0.260937 0.962500 0.259375 0.971875 0.282813 0.998437 0.351562 0.998437 0.348438 0.971875 0.342187 0.965625
0 0.489063 0.000000 0.487500 0.001563 0.481250 0.001563 0.479687 0.003125 0.476562 0.003125 0.475000 0.004687 0.471875 0.004687 0.470313 0.006250 0.468750 0.006250 0.465625 0.009375 0.464062 0.009375 0.451562 0.021875 0.451562 0.023438 0.450000 0.025000 0.450000 0.026562 0.448437 0.028125 0.448437 0.029687 0.446875 0.031250 0.446875 0.034375 0.445312 0.035937 0.445312 0.040625 0.443750 0.042188 0.443750 0.212500 0.445312 0.214062 0.445312 0.243750 0.446875 0.245312 0.446875 0.289062 0.448437 0.290625 0.448437 0.295312 0.450000 0.296875 0.450000 0.300000 0.451562 0.301563 0.451562 0.303125 0.453125 0.304688 0.453125 0.306250 0.454688 0.307812 0.454688 0.309375 0.459375 0.314063 0.459375 0.315625 0.465625 0.321875 0.467187 0.321875 0.470313 0.325000 0.471875 0.325000 0.473438 0.326562 0.475000 0.326562 0.476562 0.328125 0.478125 0.328125 0.479687 0.329688 0.482812 0.329688 0.484375 0.331250 0.485938 0.331250 0.487500 0.332813 0.489063 0.332813 0.490625 0.334375 0.493750 0.334375 0.495312 0.335938 0.529687 0.335938 0.531250 0.334375 0.534375 0.334375 0.535937 0.332813 0.537500 0.332813 0.539062 0.331250 0.540625 0.331250 0.542188 0.329688 0.543750 0.329688 0.545312 0.328125 0.546875 0.328125 0.548438 0.326562 0.551562 0.326562 0.553125 0.325000 0.554688 0.325000 0.556250 0.323437 0.557813 0.323437 0.559375 0.321875 0.567187 0.321875 0.568750 0.320312 0.576562 0.320312 0.578125 0.318750 0.581250 0.318750 0.582812 0.317188 0.585938 0.317188 0.587500 0.315625 0.589063 0.315625 0.590625 0.314063 0.592187 0.314063 0.593750 0.312500 0.595313 0.312500 0.596875 0.310937 0.598437 0.310937 0.601562 0.307812 0.604688 0.307812 0.606250 0.306250 0.607812 0.306250 0.609375 0.304688 0.610938 0.304688 0.612500 0.303125 0.614062 0.303125 0.615625 0.301563 0.617188 0.301563 0.620313 0.298438 0.621875 0.298438 0.625000 0.295312 0.626563 0.295312 0.628125 0.293750 0.629687 0.293750 0.631250 0.292187 0.634375 0.292187 0.635938 0.290625 0.637500 0.290625 0.639062 0.289062 0.642188 0.289062 0.643750 0.287500 0.646875 0.287500 0.648438 0.285938 0.650000 0.285938 0.651563 0.284375 0.656250 0.284375 0.657813 0.282813 0.660937 0.282813 0.662500 0.281250 0.665625 0.281250 0.667188 0.279687 0.668750 0.279687 0.670312 0.278125 0.671875 0.278125 0.673438 0.276562 0.675000 0.276562 0.676562 0.275000 0.678125 0.275000 0.679688 0.273438 0.681250 0.273438 0.682813 0.271875 0.684375 0.271875 0.689063 0.267188 0.690625 0.267188 0.700000 0.257812 0.701562 0.257812 0.703125 0.256250 0.704688 0.256250 0.706250 0.254688 0.709375 0.254688 0.710938 0.253125 0.715625 0.253125 0.717187 0.251563 0.720313 0.251563 0.721875 0.250000 0.723437 0.250000 0.725000 0.248438 0.726562 0.248438 0.728125 0.246875 0.729688 0.246875 0.731250 0.245312 0.732812 0.245312 0.734375 0.243750 0.737500 0.243750 0.739062 0.242188 0.740625 0.242188 0.742188 0.240625 0.745313 0.240625 0.746875 0.239063 0.748437 0.239063 0.750000 0.237500 0.753125 0.237500 0.756250 0.234375 0.759375 0.234375 0.760938 0.232813 0.762500 0.232813 0.764062 0.231250 0.765625 0.231250 0.767188 0.229687 0.768750 0.229687 0.770312 0.228125 0.771875 0.228125 0.773438 0.226562 0.775000 0.226562 0.776563 0.225000 0.778125 0.225000 0.779687 0.223438 0.781250 0.223438 0.784375 0.220312 0.785937 0.220312 0.787500 0.218750 0.789062 0.218750 0.790625 0.217188 0.792188 0.217188 0.795312 0.214062 0.798438 0.214062 0.801562 0.210938 0.803125 0.210938 0.806250 0.207813 0.807813 0.207813 0.809375 0.206250 0.810937 0.206250 0.812500 0.204687 0.815625 0.204687 0.817187 0.203125 0.820312 0.203125 0.821875 0.201563 0.823438 0.201563 0.825000 0.200000 0.828125 0.200000 0.829688 0.198437 0.831250 0.198437 0.832812 0.196875 0.834375 0.196875 0.835938 0.195312 0.837500 0.195312 0.839063 0.193750 0.842187 0.193750 0.843750 0.192188 0.845313 0.192188 0.846875 0.190625 0.848437 0.190625 0.850000 0.189062 0.851562 0.189062 0.854688 0.185938 0.856250 0.185938 0.865625 0.176563 0.865625 0.175000 0.868750 0.171875 0.868750 0.170313 0.870313 0.168750 0.870313 0.167187 0.871875 0.165625 0.871875 0.164062 0.873437 0.162500 0.873437 0.157812 0.875000 0.156250 0.875000 0.129688 0.873437 0.128125 0.873437 0.125000 0.875000 0.123438 0.873437 0.121875 0.873437 0.087500 0.875000 0.085938 0.873437 0.084375 0.875000 0.082812 0.875000 0.079687 0.876563 0.078125 0.876563 0.062500 0.878125 0.060937 0.878125 0.057813 0.879687 0.056250 0.879687 0.053125 0.881250 0.051562 0.881250 0.046875 0.882812 0.045312 0.882812 0.026562 0.881250 0.025000 0.881250 0.020313 0.879687 0.018750 0.879687 0.015625 0.878125 0.014063 0.878125 0.010937 0.875000 0.007812 0.875000 0.006250 0.871875 0.003125 0.871875 0.001563 0.870313 0.000000 0.503125 0.000000 0.501563 0.001563 0.498437 0.001563 0.496875 0.000000
0 0.632812 0.592187 0.631250 0.593750 0.625000 0.593750 0.623437 0.595313 0.621875 0.595313 0.620313 0.596875 0.609375 0.596875 0.607812 0.598437 0.603125 0.598437 0.601562 0.600000 0.598437 0.600000 0.596875 0.601562 0.595313 0.601562 0.592187 0.604688 0.590625 0.604688 0.587500 0.607812 0.585938 0.607812 0.579688 0.614062 0.579688 0.615625 0.576562 0.618750 0.576562 0.620313 0.573438 0.623437 0.573438 0.626563 0.571875 0.628125 0.571875 0.629687 0.570312 0.631250 0.570312 0.635938 0.568750 0.637500 0.568750 0.640625 0.567187 0.642188 0.567187 0.645312 0.565625 0.646875 0.565625 0.651563 0.564063 0.653125 0.564063 0.657813 0.562500 0.659375 0.562500 0.670312 0.560937 0.671875 0.560937 0.673438 0.559375 0.675000 0.559375 0.679688 0.557813 0.681250 0.557813 0.693750 0.556250 0.695312 0.556250 0.700000 0.554688 0.701562 0.554688 0.704688 0.553125 0.706250 0.553125 0.712500 0.551562 0.714063 0.551562 0.718750 0.550000 0.720313 0.550000 0.739062 0.548438 0.740625 0.548438 0.743750 0.546875 0.745313 0.546875 0.750000 0.545312 0.751563 0.545312 0.803125 0.543750 0.804688 0.543750 0.810937 0.542188 0.812500 0.542188 0.932813 0.543750 0.934375 0.543750 0.940625 0.545312 0.942187 0.545312 0.945312 0.546875 0.946875 0.546875 0.951562 0.548438 0.953125 0.548438 0.956250 0.550000 0.957812 0.550000 0.959375 0.551562 0.960938 0.551562 0.962500 0.553125 0.964063 0.553125 0.965625 0.554688 0.967187 0.554688 0.968750 0.556250 0.970313 0.556250 0.971875 0.559375 0.975000 0.559375 0.976562 0.571875 0.989062 0.573438 0.989062 0.576562 0.992188 0.578125 0.992188 0.579688 0.993750 0.581250 0.993750 0.582812 0.995313 0.584375 0.995313 0.585938 0.996875 0.587500 0.996875 0.589063 0.998437 0.870313 0.998437 0.873437 0.995313 0.873437 0.993750 0.876563 0.990625 0.876563 0.987500 0.878125 0.985938 0.878125 0.984375 0.879687 0.982812 0.879687 0.978125 0.881250 0.976562 0.881250 0.953125 0.879687 0.951562 0.879687 0.906250 0.878125 0.904687 0.878125 0.889062 0.876563 0.887500 0.876563 0.876563 0.875000 0.875000 0.875000 0.870313 0.873437 0.868750 0.873437 0.865625 0.875000 0.864062 0.873437 0.862500 0.873437 0.853125 0.875000 0.851562 0.873437 0.850000 0.873437 0.840625 0.875000 0.839063 0.873437 0.837500 0.873437 0.828125 0.875000 0.826562 0.873437 0.825000 0.873437 0.803125 0.875000 0.801562 0.873437 0.800000 0.873437 0.790625 0.875000 0.789062 0.873437 0.787500 0.873437 0.784375 0.875000 0.782813 0.875000 0.712500 0.873437 0.710938 0.873437 0.707812 0.871875 0.706250 0.871875 0.703125 0.870313 0.701562 0.870313 0.700000 0.868750 0.698438 0.868750 0.696875 0.867188 0.695312 0.867188 0.693750 0.864062 0.690625 0.864062 0.689063 0.851562 0.676562 0.850000 0.676562 0.846875 0.673438 0.845313 0.673438 0.843750 0.671875 0.842187 0.671875 0.840625 0.670312 0.837500 0.670312 0.835938 0.668750 0.834375 0.668750 0.832812 0.667188 0.829688 0.667188 0.828125 0.665625 0.825000 0.665625 0.823438 0.664062 0.820312 0.664062 0.818750 0.662500 0.814063 0.662500 0.810937 0.659375 0.809375 0.659375 0.804688 0.654687 0.803125 0.654687 0.793750 0.645312 0.792188 0.645312 0.785937 0.639062 0.784375 0.639062 0.779687 0.634375 0.778125 0.634375 0.775000 0.631250 0.773438 0.631250 0.771875 0.629687 0.770312 0.629687 0.767188 0.626563 0.765625 0.626563 0.764062 0.625000 0.762500 0.625000 0.760938 0.623437 0.759375 0.623437 0.757812 0.621875 0.756250 0.621875 0.754687 0.620313 0.753125 0.620313 0.751563 0.618750 0.748437 0.618750 0.746875 0.617188 0.743750 0.617188 0.742188 0.615625 0.739062 0.615625 0.737500 0.614062 0.735938 0.614062 0.734375 0.612500 0.732812 0.612500 0.731250 0.610938 0.729688 0.610938 0.728125 0.609375 0.726562 0.609375 0.725000 0.607812 0.723437 0.607812 0.721875 0.606250 0.720313 0.606250 0.718750 0.604688 0.717187 0.604688 0.715625 0.603125 0.714063 0.603125 0.712500 0.601562 0.709375 0.601562 0.707812 0.600000 0.704688 0.600000 0.703125 0.598437 0.700000 0.598437 0.698438 0.596875 0.693750 0.596875 0.692187 0.595313 0.685937 0.595313 0.684375 0.593750 0.678125 0.593750 0.676562 0.592187
0 0.162500 0.000000 0.160938 0.001563 0.157812 0.001563 0.156250 0.003125 0.154688 0.003125 0.153125 0.004687 0.151562 0.004687 0.150000 0.006250 0.148438 0.006250 0.145313 0.009375 0.143750 0.009375 0.135937 0.017188 0.135937 0.018750 0.132812 0.021875 0.132812 0.023438 0.131250 0.025000 0.131250 0.026562 0.129688 0.028125 0.129688 0.029687 0.128125 0.031250 0.128125 0.035937 0.126562 0.037500 0.126562 0.051562 0.125000 0.053125 0.125000 0.057813 0.123438 0.059375 0.123438 0.084375 0.121875 0.085938 0.121875 0.092188 0.120313 0.093750 0.120313 0.100000 0.118750 0.101562 0.118750 0.156250 0.120313 0.157812 0.120313 0.171875 0.121875 0.173437 0.121875 0.185938 0.123438 0.187500 0.123438 0.192188 0.125000 0.193750 0.125000 0.196875 0.126562 0.198437 0.126562 0.201563 0.128125 0.203125 0.128125 0.204687 0.129688 0.206250 0.129688 0.207813 0.132812 0.210938 0.132812 0.212500 0.145313 0.225000 0.146875 0.225000 0.150000 0.228125 0.151562 0.228125 0.153125 0.229687 0.154688 0.229687 0.156250 0.231250 0.157812 0.231250 0.159375 0.232813 0.162500 0.232813 0.164062 0.234375 0.167187 0.234375 0.168750 0.235937 0.171875 0.235937 0.173437 0.237500 0.176563 0.237500 0.178125 0.239063 0.179688 0.239063 0.181250 0.240625 0.187500 0.240625 0.189062 0.242188 0.212500 0.242188 0.214062 0.243750 0.215625 0.243750 0.217188 0.245312 0.220312 0.245312 0.228125 0.253125 0.229687 0.253125 0.231250 0.254688 0.232813 0.254688 0.234375 0.256250 0.235937 0.256250 0.237500 0.257812 0.239063 0.257812 0.240625 0.259375 0.242188 0.259375 0.243750 0.260937 0.245312 0.260937 0.246875 0.262500 0.248438 0.262500 0.250000 0.264062 0.251563 0.264062 0.253125 0.265625 0.254688 0.265625 0.256250 0.267188 0.257812 0.267188 0.259375 0.268750 0.260937 0.268750 0.262500 0.270313 0.264062 0.270313 0.267188 0.273438 0.268750 0.273438 0.270313 0.275000 0.271875 0.275000 0.273438 0.276562 0.275000 0.276562 0.276562 0.278125 0.278125 0.278125 0.279687 0.279687 0.281250 0.279687 0.282813 0.281250 0.284375 0.281250 0.285938 0.282813 0.289062 0.282813 0.290625 0.284375 0.293750 0.284375 0.295312 0.285938 0.306250 0.285938 0.307812 0.287500 0.321875 0.287500 0.323437 0.289062 0.328125 0.289062 0.329688 0.290625 0.359375 0.290625 0.360938 0.289062 0.364063 0.289062 0.365625 0.287500 0.368750 0.287500 0.370312 0.285938 0.371875 0.285938 0.373437 0.284375 0.375000 0.284375 0.376563 0.282813 0.378125 0.282813 0.396875 0.264062 0.396875 0.262500 0.400000 0.259375 0.400000 0.257812 0.401562 0.256250 0.401562 0.254688 0.403125 0.253125 0.403125 0.251563 0.404687 0.250000 0.404687 0.248438 0.406250 0.246875 0.406250 0.245312 0.407813 0.243750 0.407813 0.240625 0.409375 0.239063 0.409375 0.235937 0.410938 0.234375 0.410938 0.232813 0.412500 0.231250 0.412500 0.226562 0.414062 0.225000 0.414062 0.162500 0.415625 0.160938 0.415625 0.118750 0.417187 0.117188 0.417187 0.114062 0.418750 0.112500 0.418750 0.107813 0.420312 0.106250 0.420312 0.042188 0.418750 0.040625 0.418750 0.034375 0.417187 0.032813 0.417187 0.029687 0.415625 0.028125 0.415625 0.026562 0.414062 0.025000 0.414062 0.023438 0.410938 0.020313 0.410938 0.018750 0.400000 0.007812 0.398438 0.007812 0.396875 0.006250 0.395313 0.006250 0.393750 0.004687 0.392188 0.004687 0.390625 0.003125 0.389062 0.003125 0.387500 0.001563 0.384375 0.001563 0.382812 0.000000 0.203125 0.000000 0.201563 0.001563 0.200000 0.001563 0.196875 0.004687 0.195312 0.003125 0.193750 0.003125 0.192188 0.001563 0.189062 0.001563 0.187500 0.000000
0 0.137500 0.260937 0.135937 0.262500 0.132812 0.262500 0.131250 0.264062 0.128125 0.264062 0.126562 0.265625 0.125000 0.265625 0.121875 0.268750 0.120313 0.268750 0.117188 0.271875 0.117188 0.359375 0.120313 0.362500 0.120313 0.364063 0.125000 0.368750 0.125000 0.370312 0.129688 0.375000 0.129688 0.832812 0.128125 0.834375 0.128125 0.837500 0.126562 0.839063 0.126562 0.840625 0.125000 0.842187 0.125000 0.846875 0.123438 0.848437 0.123438 0.859375 0.121875 0.860938 0.121875 0.867188 0.120313 0.868750 0.120313 0.959375 0.121875 0.960938 0.121875 0.965625 0.123438 0.967187 0.123438 0.970313 0.125000 0.971875 0.125000 0.973437 0.126562 0.975000 0.126562 0.976562 0.128125 0.978125 0.128125 0.979688 0.140625 0.992188 0.142187 0.992188 0.145313 0.995313 0.146875 0.995313 0.148438 0.996875 0.151562 0.996875 0.153125 0.998437 0.520312 0.998437 0.520312 0.993750 0.518750 0.992188 0.518750 0.971875 0.520312 0.970313 0.520312 0.960938 0.521875 0.959375 0.521875 0.943750 0.523438 0.942187 0.523438 0.475000 0.521875 0.473438 0.521875 0.470313 0.520312 0.468750 0.520312 0.464062 0.518750 0.462500 0.518750 0.454688 0.517188 0.453125 0.517188 0.445312 0.515625 0.443750 0.515625 0.439063 0.514062 0.437500 0.514062 0.431250 0.512500 0.429688 0.512500 0.425000 0.510938 0.423438 0.510938 0.420312 0.509375 0.418750 0.509375 0.415625 0.507812 0.414062 0.507812 0.407813 0.506250 0.406250 0.506250 0.403125 0.504687 0.401562 0.504687 0.398438 0.503125 0.396875 0.503125 0.395313 0.500000 0.392188 0.500000 0.390625 0.490625 0.381250 0.489063 0.381250 0.484375 0.376563 0.482812 0.376563 0.479687 0.373437 0.478125 0.373437 0.476562 0.371875 0.475000 0.371875 0.473438 0.370312 0.471875 0.370312 0.470313 0.368750 0.468750 0.368750 0.467187 0.367188 0.465625 0.367188 0.464062 0.365625 0.462500 0.365625 0.460938 0.364063 0.457813 0.364063 0.456250 0.362500 0.450000 0.362500 0.448437 0.360938 0.443750 0.360938 0.442188 0.359375 0.432812 0.359375 0.431250 0.357812 0.429688 0.357812 0.426563 0.354687 0.425000 0.354687 0.423438 0.353125 0.421875 0.353125 0.418750 0.350000 0.417187 0.350000 0.415625 0.348438 0.412500 0.348438 0.410938 0.346875 0.409375 0.346875 0.406250 0.343750 0.404687 0.343750 0.403125 0.342187 0.400000 0.342187 0.398438 0.340625 0.396875 0.340625 0.395313 0.339062 0.393750 0.339062 0.392188 0.337500 0.390625 0.337500 0.389062 0.335938 0.385937 0.335938 0.384375 0.334375 0.381250 0.334375 0.379688 0.332813 0.378125 0.332813 0.376563 0.331250 0.375000 0.331250 0.373437 0.329688 0.371875 0.329688 0.370312 0.328125 0.367188 0.328125 0.365625 0.326562 0.360938 0.326562 0.359375 0.325000 0.354687 0.325000 0.353125 0.323437 0.350000 0.323437 0.348438 0.321875 0.345313 0.321875 0.343750 0.320312 0.339062 0.320312 0.337500 0.318750 0.332813 0.318750 0.331250 0.317188 0.326562 0.317188 0.325000 0.315625 0.323437 0.315625 0.321875 0.314063 0.318750 0.314063 0.317188 0.312500 0.314063 0.312500 0.312500 0.310937 0.309375 0.310937 0.307812 0.309375 0.304688 0.309375 0.303125 0.307812 0.301563 0.307812 0.300000 0.306250 0.296875 0.306250 0.295312 0.304688 0.293750 0.304688 0.292187 0.303125 0.289062 0.303125 0.287500 0.301563 0.281250 0.301563 0.279687 0.300000 0.273438 0.300000 0.271875 0.298438 0.268750 0.298438 0.265625 0.295312 0.264062 0.295312 0.260937 0.292187 0.259375 0.292187 0.256250 0.289062 0.254688 0.289062 0.253125 0.287500 0.251563 0.287500 0.250000 0.285938 0.248438 0.285938 0.246875 0.284375 0.243750 0.284375 0.242188 0.282813 0.240625 0.282813 0.239063 0.281250 0.237500 0.281250 0.235937 0.279687 0.232813 0.279687 0.231250 0.278125 0.228125 0.278125 0.226562 0.276562 0.217188 0.276562 0.215625 0.275000 0.210938 0.275000 0.209375 0.273438 0.204687 0.273438 0.203125 0.271875 0.196875 0.271875 0.195312 0.270313 0.190625 0.270313 0.189062 0.268750 0.184375 0.268750 0.182812 0.267188 0.176563 0.267188 0.175000 0.265625 0.173437 0.265625 0.171875 0.264062 0.170313 0.264062 0.168750 0.262500 0.165625 0.262500 0.164062 0.260937
0 0.826562 0.217188 0.825000 0.218750 0.818750 0.218750 0.817187 0.220312 0.815625 0.220312 0.814063 0.221875 0.810937 0.221875 0.807813 0.225000 0.806250 0.225000 0.803125 0.228125 0.801562 0.228125 0.793750 0.235937 0.792188 0.235937 0.787500 0.240625 0.785937 0.240625 0.770312 0.256250 0.768750 0.256250 0.767188 0.257812 0.764062 0.257812 0.762500 0.259375 0.760938 0.259375 0.759375 0.260937 0.757812 0.260937 0.754687 0.264062 0.753125 0.264062 0.750000 0.267188 0.746875 0.267188 0.745313 0.268750 0.742188 0.268750 0.740625 0.270313 0.739062 0.270313 0.737500 0.271875 0.734375 0.271875 0.732812 0.273438 0.731250 0.273438 0.729688 0.275000 0.728125 0.275000 0.726562 0.276562 0.725000 0.276562 0.723437 0.278125 0.721875 0.278125 0.720313 0.279687 0.718750 0.279687 0.715625 0.282813 0.714063 0.282813 0.712500 0.284375 0.710938 0.284375 0.709375 0.285938 0.707812 0.285938 0.706250 0.287500 0.701562 0.287500 0.700000 0.289062 0.698438 0.289062 0.696875 0.290625 0.695312 0.290625 0.693750 0.292187 0.692187 0.292187 0.690625 0.293750 0.689063 0.293750 0.687500 0.295312 0.684375 0.295312 0.682813 0.296875 0.681250 0.296875 0.679688 0.298438 0.676562 0.298438 0.675000 0.300000 0.673438 0.300000 0.671875 0.301563 0.668750 0.301563 0.667188 0.303125 0.664062 0.303125 0.662500 0.304688 0.660937 0.304688 0.659375 0.306250 0.657813 0.306250 0.656250 0.307812 0.654687 0.307812 0.653125 0.309375 0.651563 0.309375 0.650000 0.310937 0.648438 0.310937 0.645312 0.314063 0.643750 0.314063 0.640625 0.317188 0.639062 0.317188 0.634375 0.321875 0.632812 0.321875 0.629687 0.325000 0.626563 0.325000 0.625000 0.326562 0.621875 0.326562 0.620313 0.328125 0.618750 0.328125 0.617188 0.329688 0.615625 0.329688 0.614062 0.331250 0.609375 0.331250 0.607812 0.332813 0.606250 0.332813 0.604688 0.334375 0.601562 0.334375 0.600000 0.335938 0.598437 0.335938 0.596875 0.337500 0.595313 0.337500 0.592187 0.340625 0.590625 0.340625 0.587500 0.343750 0.585938 0.343750 0.582812 0.346875 0.581250 0.346875 0.576562 0.351562 0.576562 0.353125 0.571875 0.357812 0.571875 0.359375 0.570312 0.360938 0.570312 0.362500 0.568750 0.364063 0.568750 0.365625 0.567187 0.367188 0.567187 0.368750 0.565625 0.370312 0.565625 0.371875 0.564063 0.373437 0.564063 0.375000 0.562500 0.376563 0.562500 0.378125 0.560937 0.379688 0.560937 0.382812 0.559375 0.384375 0.559375 0.389062 0.557813 0.390625 0.557813 0.396875 0.556250 0.398438 0.556250 0.401562 0.554688 0.403125 0.554688 0.406250 0.553125 0.407813 0.553125 0.415625 0.551562 0.417187 0.551562 0.487500 0.553125 0.489063 0.553125 0.496875 0.554688 0.498437 0.554688 0.501563 0.556250 0.503125 0.556250 0.504687 0.557813 0.506250 0.557813 0.507812 0.559375 0.509375 0.559375 0.510938 0.560937 0.512500 0.560937 0.514062 0.562500 0.515625 0.562500 0.517188 0.565625 0.520312 0.565625 0.521875 0.573438 0.529687 0.575000 0.529687 0.579688 0.534375 0.581250 0.534375 0.584375 0.537500 0.585938 0.537500 0.587500 0.539062 0.589063 0.539062 0.595313 0.545312 0.596875 0.545312 0.600000 0.548438 0.601562 0.548438 0.604688 0.551562 0.606250 0.551562 0.607812 0.553125 0.609375 0.553125 0.610938 0.554688 0.612500 0.554688 0.614062 0.556250 0.615625 0.556250 0.617188 0.557813 0.618750 0.557813 0.620313 0.559375 0.621875 0.559375 0.623437 0.560937 0.626563 0.560937 0.628125 0.562500 0.631250 0.562500 0.632812 0.564063 0.637500 0.564063 0.639062 0.565625 0.645312 0.565625 0.646875 0.567187 0.651563 0.567187 0.654687 0.570312 0.654687 0.571875 0.656250 0.571875 0.657813 0.573438 0.660937 0.573438 0.662500 0.575000 0.664062 0.575000 0.667188 0.578125 0.668750 0.578125 0.673438 0.582812 0.675000 0.582812 0.676562 0.584375 0.679688 0.584375 0.681250 0.585938 0.682813 0.585938 0.684375 0.587500 0.685937 0.587500 0.687500 0.589063 0.689063 0.589063 0.690625 0.590625 0.693750 0.590625 0.695312 0.592187 0.696875 0.592187 0.698438 0.593750 0.701562 0.593750 0.703125 0.595313 0.704688 0.595313 0.706250 0.596875 0.707812 0.596875 0.709375 0.598437 0.712500 0.598437 0.714063 0.600000 0.715625 0.600000 0.717187 0.601562 0.720313 0.601562 0.721875 0.603125 0.723437 0.603125 0.725000 0.604688 0.726562 0.604688 0.728125 0.606250 0.731250 0.606250 0.732812 0.607812 0.735938 0.607812 0.737500 0.609375 0.739062 0.609375 0.740625 0.610938 0.743750 0.610938 0.745313 0.612500 0.746875 0.612500 0.748437 0.614062 0.751563 0.614062 0.753125 0.615625 0.754687 0.615625 0.756250 0.617188 0.757812 0.617188 0.759375 0.618750 0.760938 0.618750 0.762500 0.620313 0.765625 0.620313 0.768750 0.623437 0.770312 0.623437 0.771875 0.625000 0.781250 0.625000 0.782813 0.626563 0.785937 0.626563 0.787500 0.628125 0.790625 0.628125 0.792188 0.629687 0.793750 0.629687 0.795312 0.631250 0.798438 0.631250 0.801562 0.634375 0.803125 0.634375 0.809375 0.640625 0.809375 0.642188 0.810937 0.642188 0.812500 0.643750 0.817187 0.643750 0.818750 0.645312 0.828125 0.645312 0.829688 0.646875 0.832812 0.646875 0.834375 0.648438 0.835938 0.648438 0.839063 0.651563 0.851562 0.651563 0.853125 0.650000 0.857812 0.650000 0.859375 0.648438 0.860938 0.648438 0.862500 0.646875 0.864062 0.646875 0.867188 0.643750 0.867188 0.640625 0.868750 0.639062 0.868750 0.635938 0.870313 0.634375 0.870313 0.632812 0.871875 0.631250 0.871875 0.629687 0.873437 0.628125 0.873437 0.620313 0.875000 0.618750 0.875000 0.251563 0.876563 0.250000 0.876563 0.223438 0.875000 0.221875 0.871875 0.221875 0.870313 0.220312 0.868750 0.220312 0.867188 0.218750 0.860938 0.218750 0.859375 0.217188
