7 0.310937 0.009375 0.310937 0.032813 0.264062 0.062500 0.246875 0.067187 0.223438 0.060937 0.184375 0.068750 0.184375 0.179688 0.192188 0.182812 0.200000 0.196875 0.218750 0.207813 0.304688 0.231250 0.356250 0.253125 0.384375 0.254688 0.417187 0.237500 0.426563 0.220312 0.428125 0.195312 0.418750 0.171875 0.437500 0.128125 0.429688 0.051562 0.423438 0.042188 0.362500 0.046875 0.335938 0.029687 0.321875 0.009375
0 0.429595 0.003125 0.168750 0.003125 0.154688 0.034375 0.146875 0.037500 0.146875 0.176563 0.182812 0.203125 0.278125 0.228125 0.373437 0.262500 0.378125 0.270313 0.412500 0.270313 0.414062 0.264062 0.443750 0.246875 0.457813 0.215625 0.464062 0.214062 0.464062 0.178125 0.457813 0.176563 0.456250 0.168750 0.457813 0.142187 0.464062 0.140625 0.464062 0.075000 0.457813 0.073438 0.453125 0.029687 0.437500 0.003125
0 0.837500 0.003125 0.493750 0.003125 0.479687 0.031250 0.471875 0.034375 0.471875 0.264062 0.476562 0.264062 0.489063 0.282813 0.507812 0.298438 0.535937 0.306250 0.553125 0.304688 0.581250 0.295312 0.806250 0.187500 0.854688 0.159375 0.876563 0.140625 0.876563 0.051562 0.868750 0.048438 0.848437 0.020313 0.845313 0.003125
0 0.230664 0.234375 0.171875 0.234375 0.171875 0.240625 0.151562 0.260937 0.139063 0.298438 0.134375 0.462500 0.128125 0.464062 0.128125 0.503125 0.134375 0.504687 0.134375 0.512500 0.128125 0.514062 0.128125 0.923438 0.134375 0.923438 0.157812 0.942187 0.228125 0.953125 0.340625 0.953125 0.353125 0.957812 0.390625 0.956250 0.393750 0.964063 0.446875 0.964063 0.457813 0.951562 0.531250 0.929688 0.551562 0.903125 0.560937 0.871875 0.562500 0.745313 0.570312 0.732812 0.564063 0.731250 0.556250 0.621875 0.556250 0.493750 0.550000 0.378125 0.539062 0.354687 0.512500 0.332813 0.367188 0.278125 0.246875 0.245312 0.239063 0.234375
0 0.668577 0.515625 0.604688 0.515625 0.604688 0.521875 0.582812 0.546875 0.578125 0.546875 0.578125 0.867188 0.584375 0.868750 0.590625 0.896875 0.614062 0.928125 0.657813 0.940625 0.785937 0.942187 0.876563 0.937500 0.876563 0.595313 0.690625 0.528125 0.679688 0.523438 0.676562 0.515625
4 0.676216 0.528125 0.610938 0.528125 0.610938 0.534375 0.596875 0.546875 0.587500 0.567187 0.578125 0.571875 0.578125 0.675000 0.584375 0.676562 0.584375 0.684375 0.578125 0.685937 0.578125 0.725000 0.585938 0.731250 0.585938 0.751563 0.578125 0.756250 0.578125 0.815625 0.585938 0.821875 0.587500 0.860938 0.593750 0.884375 0.609375 0.904687 0.631250 0.907813 0.671875 0.925000 0.737500 0.928125 0.757812 0.937500 0.835938 0.934375 0.850000 0.918750 0.876563 0.915625 0.876563 0.607812 0.839063 0.595313 0.787500 0.568750 0.746875 0.562500 0.712500 0.548438 0.687500 0.535937 0.684375 0.528125
0 0.855937 0.203125 0.782813 0.203125 0.770312 0.217188 0.610938 0.296875 0.584375 0.320312 0.578125 0.320312 0.578125 0.453125 0.584375 0.453125 0.598437 0.468750 0.631250 0.485938 0.839063 0.562500 0.843750 0.570312 0.859375 0.570312 0.860938 0.564063 0.870313 0.560937 0.875000 0.528125 0.875000 0.234375 0.864062 0.203125
5 0.344687 0.290625 0.310937 0.290625 0.303125 0.301563 0.276562 0.298438 0.262500 0.329688 0.246875 0.342187 0.246875 0.346875 0.254688 0.351562 0.295312 0.445312 0.396875 0.693750 0.403125 0.704688 0.409375 0.703125 0.418750 0.675000 0.453125 0.614062 0.457813 0.634375 0.450000 0.651563 0.448437 0.678125 0.456250 0.698438 0.440625 0.698438 0.428125 0.710938 0.414062 0.712500 0.417187 0.720313 0.434375 0.732812 0.434375 0.739062 0.551562 0.739062 0.551562 0.718750 0.545312 0.717187 0.510938 0.646875 0.487500 0.584375 0.489063 0.578125 0.500000 0.576562 0.506250 0.560937 0.523438 0.546875 0.537500 0.521875 0.535937 0.503125 0.521875 0.481250 0.521875 0.443750 0.478125 0.407813 0.417187 0.334375 0.356250 0.298438 0.353125 0.290625
5 0.198437 0.396875 0.187500 0.439063 0.162500 0.479687 0.153125 0.510938 0.146875 0.512500 0.146875 0.601562 0.154688 0.604688 0.175000 0.643750 0.167187 0.700000 0.167187 0.765625 0.179688 0.895312 0.185938 0.912500 0.198437 0.920312 0.200000 0.926562 0.204687 0.920312 0.257812 0.895312 0.282813 0.917188 0.298438 0.920312 0.325000 0.909375 0.360938 0.878125 0.345313 0.839063 0.337500 0.800000 0.340625 0.726562 0.315625 0.654687 0.264062 0.550000 0.246875 0.495312 0.201563 0.396875
1 0.487500 0.067187 0.485938 0.265625 0.503125 0.292187 0.523438 0.301563 0.553125 0.301563 0.598437 0.281250 0.843750 0.160938 0.859375 0.139063 0.851562 0.050000 0.835938 0.035937 0.807813 0.026562 0.504687 0.042188
