6 0.356145 0.046875 0.245312 0.046875 0.242188 0.054688 0.165625 0.075000 0.165625 0.226562 0.195312 0.246875 0.300000 0.290625 0.378125 0.317188 0.384375 0.326562 0.415625 0.326562 0.418750 0.318750 0.440625 0.306250 0.450000 0.287500 0.451562 0.210938 0.456250 0.192188 0.470313 0.184375 0.470313 0.129688 0.464062 0.128125 0.450000 0.089063 0.437500 0.078125 0.370312 0.056250 0.364063 0.046875
0 0.841028 0.287023 0.815719 0.284178 0.779687 0.298438 0.687500 0.339062 0.655973 0.353214 0.603364 0.378816 0.586588 0.391047 0.575497 0.416080 0.575213 0.422337 0.573933 0.522000 0.584170 0.535370 0.592187 0.542188 0.614062 0.554688 0.809375 0.639062 0.837500 0.642188 0.856250 0.634375 0.871875 0.615625 0.875000 0.595313 0.875000 0.375000 0.876291 0.326053 0.850000 0.290625
6 0.645312 0.596875 0.598437 0.596875 0.598437 0.603125 0.576562 0.628125 0.571875 0.628125 0.571875 0.914062 0.578125 0.914062 0.587500 0.923438 0.614062 0.929688 0.637500 0.948438 0.682813 0.964063 0.684375 0.970313 0.712500 0.970313 0.732812 0.946875 0.740625 0.946875 0.765625 0.962500 0.781250 0.962500 0.846875 0.920312 0.870313 0.910937 0.870313 0.892188 0.862500 0.890625 0.856250 0.876563 0.862500 0.809375 0.856250 0.707812 0.837500 0.682813 0.790625 0.659375 0.762500 0.639062 0.657813 0.604688 0.653125 0.596875
0 0.650670 0.590625 0.633189 0.584334 0.607825 0.588216 0.582761 0.605528 0.573213 0.615378 0.565625 0.626563 0.565625 0.950000 0.579478 0.971444 0.589492 0.979694 0.610436 0.987069 0.657233 0.988533 0.697417 0.986770 0.726741 0.986175 0.738297 0.984980 0.749039 0.985278 0.765750 0.984681 0.794694 0.984084 0.825428 0.983488 0.846316 0.980503 0.867203 0.961698 0.868750 0.932813 0.870486 0.912222 0.871978 0.864708 0.870313 0.709375 0.853125 0.682813 0.834375 0.671875 0.742188 0.628125 0.675859 0.601647 0.659447 0.593886
0 0.554325 0.039705 0.523438 0.040625 0.501422 0.052548 0.484375 0.075000 0.478781 0.319327 0.497056 0.356934 0.510923 0.367211 0.522738 0.374403 0.544309 0.379541 0.568750 0.376563 0.648575 0.336383 0.710938 0.310937 0.770045 0.278613 0.811136 0.261144 0.840411 0.249327 0.858902 0.239052 0.872256 0.230317 0.876563 0.209375 0.875852 0.135267 0.870313 0.103125 0.859375 0.081250 0.846875 0.070312 0.834248 0.063852 0.799322 0.057686 0.671944 0.048439 0.637019 0.044328 0.596442 0.042787
0 0.267017 0.022106 0.197808 0.021592 0.175448 0.029022 0.156075 0.046497 0.143234 0.072700 0.141694 0.106095 0.137586 0.205255 0.150939 0.228889 0.171484 0.243789 0.194198 0.252459 0.372323 0.322772 0.397477 0.331916 0.425213 0.327291 0.448839 0.311878 0.462706 0.292355 0.465466 0.267886 0.468605 0.186770 0.469198 0.166522 0.467636 0.102459 0.462948 0.074334 0.455136 0.058709 0.437948 0.039959 0.413913 0.028784 0.358956 0.025702
0 0.224984 0.285927 0.204158 0.279175 0.184683 0.281875 0.163856 0.286313 0.146695 0.300586 0.139367 0.309845 0.130691 0.323153 0.125463 0.339517 0.122647 0.958602 0.133205 0.972683 0.153616 0.979723 0.179658 0.983244 0.227520 0.981802 0.351398 0.978986 0.484427 0.980394 0.505542 0.974761 0.516100 0.966313 0.526563 0.964063 0.539062 0.932813 0.542188 0.795312 0.544212 0.760892 0.544406 0.755106 0.544212 0.745269 0.543634 0.704955 0.543750 0.690625 0.543750 0.626563 0.545312 0.620313 0.544984 0.600223 0.550384 0.440636 0.544792 0.425784 0.531823 0.409203 0.502706 0.396534 0.369944 0.342916 0.297488 0.313123 0.251016 0.296534 0.235589 0.289784
4 0.485938 0.225000 0.484375 0.309375 0.500000 0.351562 0.546875 0.370312 0.567187 0.368750 0.614062 0.350000 0.634375 0.351562 0.785937 0.265625 0.839063 0.246875 0.856250 0.232813 0.867188 0.189062 0.857812 0.098437 0.825000 0.084375 0.792188 0.093750 0.764062 0.078125 0.739062 0.082812 0.714063 0.071875 0.656250 0.075000 0.639062 0.064062 0.646875 0.046875 0.631250 0.040625 0.587500 0.048438 0.579688 0.060937 0.553125 0.071875 0.545312 0.107813 0.500000 0.154688
2 0.584375 0.464062 0.582812 0.509375 0.600000 0.535937 0.803125 0.623437 0.831250 0.625000 0.853125 0.609375 0.864062 0.570312 0.862500 0.475000 0.871875 0.403125 0.864062 0.378125 0.868750 0.334375 0.857812 0.310937 0.834375 0.295312 0.807813 0.292187 0.626563 0.379688 0.596875 0.404687
5 0.179688 0.368750 0.179688 0.403125 0.195312 0.423438 0.371875 0.517188 0.406250 0.548438 0.462500 0.575000 0.476562 0.592187 0.504687 0.593750 0.514062 0.585938 0.526563 0.557813 0.532813 0.518750 0.529687 0.484375 0.517188 0.460938 0.484375 0.435937 0.345313 0.365625 0.229687 0.315625 0.217188 0.318750 0.200000 0.334375
5 0.170313 0.493750 0.168750 0.546875 0.192188 0.570312 0.454688 0.703125 0.475000 0.706250 0.514062 0.654687 0.515625 0.634375 0.459375 0.584375 0.251563 0.456250 0.231250 0.451562 0.217188 0.462500 0.201563 0.442188 0.189062 0.451562
5 0.164062 0.625000 0.153125 0.659375 0.157812 0.693750 0.209375 0.717187 0.235937 0.707812 0.270313 0.706250 0.340625 0.726562 0.359375 0.737500 0.382812 0.765625 0.396875 0.809375 0.429688 0.828125 0.457813 0.854688 0.473438 0.854688 0.484375 0.823438 0.485938 0.796875 0.498437 0.771875 0.490625 0.732812 0.479687 0.718750 0.395313 0.671875 0.210938 0.584375 0.195312 0.584375
7 0.160938 0.782813 0.162500 0.837500 0.173437 0.859375 0.145313 0.884375 0.156250 0.923438 0.206250 0.932813 0.221875 0.923438 0.343750 0.923438 0.360938 0.912500 0.382812 0.885938 0.392188 0.820312 0.385937 0.785937 0.367188 0.751563 0.325000 0.723437 0.260937 0.707812 0.225000 0.712500 0.179688 0.745313
