1 0.626563 0.596875 0.571875 0.596875 0.571875 0.603125 0.553125 0.617188 0.553125 0.873437 0.559375 0.875000 0.564063 0.889062 0.576562 0.901563 0.601562 0.910937 0.614062 0.903125 0.626563 0.907813 0.676562 0.909375 0.700000 0.914062 0.701562 0.920312 0.748437 0.920312 0.750000 0.914062 0.792188 0.896875 0.814063 0.867188 0.818750 0.787500 0.826562 0.782813 0.826562 0.756250 0.820312 0.754687 0.815625 0.679688 0.810937 0.670312 0.792188 0.656250 0.640625 0.606250 0.634375 0.596875
4 0.549553 0.096875 0.500000 0.096875 0.500000 0.101562 0.471875 0.128125 0.460938 0.151562 0.453125 0.154688 0.453125 0.209375 0.459375 0.210938 0.465625 0.354687 0.475000 0.379688 0.496875 0.393750 0.500000 0.401562 0.523438 0.401562 0.526563 0.393750 0.646875 0.331250 0.701562 0.315625 0.746875 0.290625 0.764062 0.275000 0.785937 0.267188 0.818750 0.229687 0.826562 0.226562 0.826562 0.176563 0.818750 0.173437 0.798438 0.128125 0.785937 0.114062 0.767188 0.104688 0.765625 0.096875 0.648438 0.096875 0.646875 0.103125 0.615625 0.112500 0.570312 0.107813 0.560937 0.104688 0.557813 0.096875
0 0.479687 0.084375 0.462500 0.107813 0.457047 0.132013 0.458136 0.363000 0.467187 0.382812 0.501563 0.404687 0.534375 0.404687 0.725000 0.306250 0.810937 0.254688 0.826562 0.228125 0.826562 0.137500 0.812500 0.107813 0.790625 0.089063
7 0.395833 0.109375 0.351562 0.109375 0.346875 0.117188 0.325000 0.120313 0.320312 0.131250 0.329688 0.154688 0.328125 0.162500 0.290625 0.159375 0.246875 0.146875 0.223438 0.146875 0.165625 0.164062 0.165625 0.214062 0.171875 0.215625 0.176563 0.259375 0.192188 0.285938 0.218750 0.303125 0.267188 0.312500 0.320312 0.339062 0.376563 0.339062 0.403125 0.309375 0.417187 0.285938 0.420312 0.270313 0.420312 0.253125 0.410938 0.221875 0.410938 0.195312 0.418750 0.176563 0.418750 0.156250 0.404687 0.109375
0 0.238542 0.340625 0.178042 0.342403 0.146875 0.368750 0.154647 0.811323 0.156250 0.832812 0.157812 0.898438 0.165528 0.925458 0.185938 0.945312 0.409375 0.945312 0.410938 0.939063 0.506250 0.928125 0.523438 0.912500 0.532813 0.892188 0.532813 0.829688 0.531250 0.821875 0.526689 0.649922 0.528125 0.567187 0.528125 0.475000 0.523438 0.459375 0.517188 0.446875 0.495312 0.431250 0.254688 0.350000
0 0.579688 0.598437 0.553125 0.617188 0.553125 0.884375 0.568750 0.909375 0.587500 0.932813 0.654687 0.932813 0.748437 0.921875 0.798438 0.907813 0.826562 0.878125 0.826562 0.687500 0.803125 0.660937 0.784375 0.651563 0.634375 0.603125 0.618750 0.596875
0 0.794531 0.309375 0.734375 0.309375 0.732812 0.317188 0.579688 0.395313 0.553125 0.418750 0.546875 0.418750 0.546875 0.535937 0.553125 0.535937 0.562500 0.546875 0.584375 0.559375 0.645312 0.578125 0.745313 0.618750 0.748437 0.626563 0.792188 0.626563 0.821875 0.590625 0.825000 0.535937 0.826562 0.526563 0.826562 0.423438 0.823438 0.353125 0.815625 0.328125 0.803125 0.315625 0.803125 0.309375
2 0.778906 0.315625 0.735938 0.315625 0.732812 0.323437 0.659375 0.362500 0.626563 0.373437 0.565625 0.410938 0.551562 0.428125 0.546875 0.428125 0.546875 0.526563 0.587500 0.554688 0.660937 0.579688 0.676562 0.590625 0.700000 0.593750 0.757812 0.614062 0.775000 0.612500 0.787500 0.604688 0.804688 0.576562 0.807813 0.435937 0.804688 0.346875 0.787500 0.315625
5 0.249777 0.378125 0.201563 0.378125 0.195312 0.393750 0.184375 0.400000 0.184375 0.492188 0.200000 0.503125 0.218750 0.490625 0.228125 0.490625 0.285938 0.518750 0.334375 0.551562 0.393750 0.579688 0.420312 0.601562 0.456250 0.618750 0.484375 0.528125 0.507812 0.484375 0.506250 0.464062 0.476562 0.450000 0.262500 0.385937 0.257812 0.378125
5 0.489844 0.678125 0.446875 0.678125 0.348438 0.857812 0.315625 0.900000 0.296875 0.903125 0.296875 0.914062 0.321875 0.914062 0.329688 0.904687 0.507812 0.853125 0.507812 0.796875 0.501563 0.795312 0.500000 0.779687 0.498437 0.678125
0 0.384208 0.078125 0.168750 0.078125 0.137781 0.112441 0.134375 0.260937 0.154688 0.287500 0.198437 0.314063 0.376563 0.370312 0.393750 0.370312 0.414062 0.359375 0.429688 0.342187 0.439063 0.317188 0.437500 0.239063 0.439063 0.223438 0.439063 0.190625 0.435937 0.143750 0.428125 0.118750 0.392188 0.078125
5 0.228125 0.490625 0.209375 0.490625 0.209375 0.539062 0.220312 0.540625 0.298438 0.578125 0.406250 0.610938 0.432812 0.625000 0.435937 0.632812 0.457813 0.632812 0.457813 0.618750 0.440625 0.612500 0.396875 0.582812 0.340625 0.556250 0.290625 0.523438 0.239063 0.498437 0.237500 0.490625
5 0.201563 0.534375 0.173437 0.534375 0.154688 0.593750 0.146875 0.598437 0.146875 0.734375 0.154688 0.737500 0.175000 0.793750 0.200000 0.843750 0.214062 0.851562 0.214062 0.857812 0.229687 0.871875 0.276562 0.889062 0.284375 0.896875 0.278125 0.907813 0.317188 0.907813 0.323437 0.889062 0.350000 0.854688 0.470313 0.637500 0.407813 0.595313 0.401562 0.595313 0.401562 0.604688 0.392188 0.604688 0.353125 0.593750 0.225000 0.546875 0.214062 0.542188 0.210938 0.534375
