7 0.348242 0.159375 0.292187 0.159375 0.290625 0.165625 0.279687 0.170313 0.228125 0.217188 0.212500 0.242188 0.190625 0.250000 0.190625 0.285938 0.225000 0.303125 0.292187 0.317188 0.342187 0.340625 0.378125 0.350000 0.382812 0.357812 0.401562 0.357812 0.401562 0.353125 0.420312 0.339062 0.425000 0.318750 0.423438 0.229687 0.404687 0.193750 0.379688 0.173437 0.357812 0.165625 0.356250 0.159375
3 0.761719 0.328125 0.718750 0.328125 0.714063 0.337500 0.698438 0.346875 0.587500 0.393750 0.546875 0.421875 0.546875 0.526563 0.573438 0.546875 0.735938 0.612500 0.739062 0.620313 0.754687 0.620313 0.754687 0.615625 0.767188 0.609375 0.787500 0.582812 0.795312 0.579688 0.795312 0.498437 0.789062 0.496875 0.781250 0.414062 0.784375 0.360938 0.770312 0.328125
4 0.602864 0.115625 0.514062 0.115625 0.512500 0.121875 0.485938 0.132812 0.473438 0.151562 0.465625 0.154688 0.465625 0.360938 0.471875 0.362500 0.484375 0.384375 0.501563 0.393750 0.526563 0.395313 0.576562 0.381250 0.653125 0.339062 0.709375 0.315625 0.801562 0.260937 0.801562 0.210938 0.795312 0.209375 0.782813 0.173437 0.765625 0.150000 0.715625 0.125000 0.650000 0.131250 0.617188 0.125000 0.610938 0.115625
0 0.497794 0.108792 0.487500 0.115625 0.475428 0.124130 0.466483 0.136909 0.459375 0.159375 0.459375 0.362500 0.485938 0.392188 0.506250 0.401562 0.529687 0.401562 0.579688 0.382812 0.777044 0.288356 0.795575 0.276216 0.808995 0.260878 0.814063 0.242188 0.814063 0.198437 0.812191 0.171416 0.802605 0.149689 0.781517 0.131797 0.748928 0.125406 0.696875 0.123438 0.654353 0.118378 0.622402 0.115822
0 0.195312 0.090625 0.171875 0.120313 0.165625 0.267188 0.192188 0.289062 0.221875 0.303125 0.368750 0.357812 0.409375 0.360938 0.435937 0.342187 0.446875 0.310937 0.443750 0.151562 0.432812 0.128125 0.410938 0.109375 0.378125 0.101562 0.331250 0.098437
0 0.246484 0.328125 0.217020 0.323828 0.192958 0.330184 0.170711 0.350161 0.161177 0.371045 0.159375 0.881250 0.164808 0.900430 0.176613 0.914050 0.188417 0.923584 0.203125 0.926562 0.267416 0.925855 0.336427 0.920859 0.365937 0.919498 0.473086 0.915866 0.501234 0.899067 0.509375 0.876563 0.518750 0.657813 0.520312 0.642188 0.526563 0.459375 0.512131 0.436878 0.402712 0.394655 0.351409 0.371500 0.257812 0.335938
0 0.573438 0.582812 0.553125 0.598437 0.540625 0.625000 0.534375 0.885938 0.542022 0.897981 0.553258 0.907394 0.563278 0.912556 0.570312 0.914062 0.682813 0.914062 0.760350 0.910431 0.781605 0.900409 0.799520 0.884013 0.808023 0.863061 0.807813 0.853125 0.807813 0.676562 0.771875 0.648438 0.615625 0.585938 0.605183 0.581573
0 0.780239 0.317113 0.757873 0.312639 0.725284 0.324141 0.586617 0.393794 0.548277 0.422550 0.543164 0.449389 0.541247 0.506900 0.546875 0.534375 0.573838 0.555466 0.604688 0.567187 0.745313 0.626563 0.771875 0.626563 0.796214 0.612977 0.807078 0.593167 0.807813 0.562500 0.811552 0.481978 0.812830 0.395711 0.810273 0.359927 0.796853 0.329253
1 0.615811 0.599792 0.605183 0.597363 0.595163 0.594023 0.578158 0.594630 0.565100 0.601614 0.555688 0.607991 0.550220 0.623781 0.548703 0.649288 0.548095 0.869438 0.557509 0.880977 0.569352 0.884316 0.581497 0.885227 0.717231 0.878547 0.763083 0.878850 0.776747 0.867616 0.783427 0.843930 0.784945 0.795650 0.785856 0.768320 0.786161 0.713663 0.784338 0.694836 0.784642 0.679350 0.770067 0.665078 0.748203 0.655058 0.710855 0.640178 0.633119 0.608902 0.621580 0.601919
5 0.207813 0.425000 0.207813 0.470313 0.225000 0.501563 0.234375 0.492188 0.243750 0.465625 0.259375 0.460938 0.450000 0.567187 0.460938 0.559375 0.496875 0.459375 0.490625 0.443750 0.273438 0.365625 0.235937 0.378125 0.218750 0.396875
5 0.196875 0.609375 0.192188 0.653125 0.212500 0.746875 0.225000 0.757812 0.268750 0.828125 0.287500 0.845313 0.289062 0.854688 0.306250 0.864062 0.331250 0.867188 0.404687 0.753125 0.435937 0.717187 0.489063 0.606250 0.489063 0.587500 0.459375 0.579688 0.329688 0.500000 0.259375 0.464062 0.248438 0.464062 0.209375 0.543750
5 0.212500 0.750000 0.215625 0.850000 0.228125 0.871875 0.301563 0.867188 0.334375 0.873437 0.390625 0.867188 0.454688 0.868750 0.482812 0.862500 0.475000 0.831250 0.487500 0.801562 0.465625 0.764062 0.457813 0.734375 0.440625 0.714063 0.418750 0.732812 0.351562 0.842187 0.287500 0.840625 0.279687 0.831250 0.267188 0.829688 0.260937 0.814063 0.250000 0.807813 0.234375 0.770312 0.220312 0.751563
