4 0.646614 0.053125 0.509375 0.053125 0.507812 0.059375 0.487500 0.067187 0.443750 0.073438 0.421875 0.106250 0.415625 0.107813 0.415625 0.312500 0.421875 0.314063 0.432812 0.337500 0.450000 0.350000 0.453125 0.357812 0.484375 0.357812 0.485938 0.351562 0.529687 0.328125 0.776563 0.206250 0.776563 0.120313 0.770312 0.118750 0.760938 0.079687 0.734375 0.065625 0.692187 0.067187 0.657813 0.060937 0.654687 0.053125
0 0.720792 0.054916 0.458431 0.054916 0.433645 0.068850 0.418961 0.083891 0.413119 0.092416 0.413275 0.314522 0.419369 0.334603 0.433431 0.348666 0.452181 0.358041 0.474056 0.359603 0.491345 0.357139 0.763119 0.215853 0.779636 0.206369 0.780306 0.197103 0.780306 0.111166 0.776011 0.083175 0.759895 0.065627 0.741989 0.057389
0 0.226562 0.303125 0.215625 0.303125 0.215625 0.868750 0.220312 0.868750 0.223438 0.876563 0.442188 0.876563 0.464062 0.851562 0.473438 0.823438 0.471875 0.426563 0.454688 0.398438 0.390625 0.368750 0.243750 0.312500 0.237500 0.303125
0 0.360691 0.059375 0.215625 0.059375 0.215625 0.281250 0.337500 0.320312 0.339062 0.326562 0.351562 0.326562 0.353125 0.320312 0.373437 0.312500 0.389062 0.295312 0.395313 0.279687 0.401562 0.278125 0.401562 0.101562 0.395313 0.100000 0.389062 0.084375 0.370312 0.067187 0.368750 0.059375
0 0.569058 0.541931 0.546855 0.538708 0.518563 0.548734 0.498437 0.573438 0.495644 0.618927 0.493853 0.839531 0.498437 0.851562 0.512500 0.871875 0.531250 0.882812 0.560464 0.884297 0.668259 0.883939 0.700000 0.882812 0.734375 0.879687 0.756250 0.864062 0.773438 0.832812 0.775000 0.723437 0.775338 0.676227 0.777128 0.651517 0.770683 0.636475 0.762500 0.628125 0.751563 0.618750 0.603125 0.559375 0.579688 0.548438
7 0.251875 0.090625 0.215625 0.090625 0.215625 0.267188 0.264062 0.275000 0.275000 0.289062 0.332813 0.310937 0.339062 0.320312 0.353125 0.320312 0.354687 0.314063 0.382812 0.296875 0.389062 0.270313 0.395313 0.268750 0.395313 0.209375 0.389062 0.207813 0.385937 0.198437 0.387500 0.176563 0.395313 0.171875 0.395313 0.135937 0.390625 0.135937 0.378125 0.118750 0.370312 0.118750 0.354687 0.129688 0.310937 0.129688 0.290625 0.112500 0.264062 0.098437 0.260937 0.090625
0 0.746330 0.258297 0.721619 0.257222 0.698341 0.267250 0.681250 0.275000 0.550000 0.340625 0.521070 0.358930 0.508178 0.369673 0.499225 0.391161 0.497434 0.478542 0.503125 0.496875 0.521786 0.511491 0.546875 0.520312 0.674705 0.575953 0.692187 0.582812 0.720186 0.591352 0.736302 0.588486 0.747762 0.584189 0.762803 0.575953 0.773547 0.564850 0.778561 0.550884 0.776563 0.521875 0.776563 0.289062 0.771041 0.277277 0.760297 0.269398
6 0.551916 0.557703 0.531123 0.557703 0.514112 0.558177 0.510938 0.571875 0.516277 0.587473 0.511552 0.601177 0.511080 0.630945 0.517222 0.628111 0.510606 0.646539 0.509189 0.680561 0.522892 0.682452 0.517222 0.712694 0.523364 0.719781 0.527344 0.732067 0.513641 0.735847 0.509387 0.776484 0.512222 0.792078 0.540625 0.837500 0.571875 0.837500 0.590625 0.857812 0.643750 0.864062 0.671875 0.876563 0.696875 0.857812 0.715625 0.857812 0.726562 0.845313 0.754687 0.784375 0.764062 0.776563 0.776563 0.775000 0.776563 0.756250 0.768750 0.753125 0.762500 0.734375 0.756250 0.687500 0.728169 0.683397 0.729586 0.664967 0.736202 0.653155 0.742188 0.632812 0.726562 0.617188 0.671875 0.592187 0.590625 0.564063 0.571875 0.554688 0.566091 0.554869
3 0.739062 0.278125 0.740625 0.282813 0.746875 0.284375 0.751563 0.290625 0.756250 0.292187 0.754687 0.296875 0.764062 0.310937 0.760938 0.340625 0.756250 0.346875 0.760938 0.354687 0.759375 0.365625 0.762500 0.371875 0.764062 0.385937 0.762500 0.387500 0.764062 0.401562 0.760938 0.414062 0.762500 0.415625 0.760938 0.420312 0.762500 0.423438 0.760938 0.428125 0.762500 0.457813 0.760938 0.460938 0.762500 0.462500 0.759375 0.468750 0.760938 0.471875 0.759375 0.476562 0.760938 0.515625 0.759375 0.520312 0.756250 0.521875 0.759375 0.523438 0.759375 0.535937 0.756250 0.542188 0.757812 0.546875 0.754687 0.548438 0.751563 0.559375 0.746875 0.564063 0.743750 0.564063 0.740625 0.568750 0.735938 0.568750 0.732812 0.573438 0.728125 0.575000 0.707812 0.573438 0.701562 0.568750 0.685937 0.565625 0.668750 0.557813 0.664062 0.553125 0.648438 0.550000 0.629687 0.539062 0.615625 0.539062 0.614062 0.534375 0.598437 0.531250 0.592187 0.525000 0.579688 0.523438 0.564063 0.514062 0.551562 0.512500 0.543750 0.507812 0.528125 0.504687 0.525000 0.500000 0.517188 0.498437 0.507812 0.481250 0.504687 0.460938 0.506250 0.454688 0.504687 0.423438 0.506250 0.420312 0.501563 0.410938 0.504687 0.406250 0.503125 0.396875 0.506250 0.393750 0.506250 0.385937 0.512500 0.379688 0.514062 0.371875 0.521875 0.365625 0.526563 0.364063 0.528125 0.365625 0.534375 0.360938 0.539062 0.360938 0.543750 0.356250 0.545312 0.357812 0.550000 0.351562 0.564063 0.348438 0.576562 0.339062 0.584375 0.339062 0.592187 0.332813 0.598437 0.332813 0.606250 0.325000 0.623437 0.318750 0.626563 0.314063 0.632812 0.310937 0.640625 0.310937 0.646875 0.300000 0.660937 0.298438 0.667188 0.292187 0.678125 0.292187 0.681250 0.285938 0.687500 0.284375 0.692187 0.285938 0.709375 0.276562 0.715625 0.278125 0.735938 0.276562 0.737500 0.278125
5 0.220312 0.506250 0.218750 0.615625 0.228125 0.631250 0.326562 0.696875 0.368750 0.712500 0.393750 0.710938 0.414062 0.650000 0.410938 0.634375 0.404687 0.628125 0.364063 0.618750 0.331250 0.631250 0.310937 0.620313 0.278125 0.593750
5 0.220312 0.357812 0.220312 0.503125 0.281250 0.592187 0.340625 0.635938 0.362500 0.618750 0.428125 0.632812 0.445312 0.556250 0.460938 0.432812 0.456250 0.420312 0.440625 0.410938
5 0.220312 0.623437 0.220312 0.667188 0.226562 0.681250 0.265625 0.718750 0.337500 0.751563 0.390625 0.764062 0.429688 0.760938 0.443750 0.701562 0.434375 0.639062 0.415625 0.642188 0.404687 0.668750 0.398438 0.709375 0.375000 0.715625 0.295312 0.681250
5 0.220312 0.654687 0.220312 0.778125 0.271875 0.828125 0.342187 0.860938 0.356250 0.851562 0.370312 0.829688 0.435937 0.840625 0.446875 0.776563 0.446875 0.698438 0.440625 0.664062 0.434375 0.678125 0.434375 0.754687 0.423438 0.765625 0.390625 0.767188 0.339062 0.754687 0.264062 0.718750 0.237500 0.690625 0.223438 0.685937
