0 0.478795 0.553125 0.426563 0.553125 0.425000 0.560937 0.382812 0.584375 0.260937 0.634375 0.121875 0.703125 0.121875 0.943750 0.190625 0.962500 0.214062 0.964063 0.415625 0.962500 0.464062 0.953125 0.501563 0.926562 0.515625 0.906250 0.525000 0.879687 0.525000 0.620313 0.512500 0.582812 0.487500 0.553125
1 0.627678 0.609375 0.578125 0.609375 0.554688 0.639062 0.546875 0.642188 0.546875 0.887500 0.575000 0.910937 0.614062 0.925000 0.717187 0.926562 0.734375 0.931250 0.768750 0.923438 0.812500 0.925000 0.845313 0.909375 0.856250 0.896875 0.864062 0.864062 0.870313 0.862500 0.870313 0.732812 0.864062 0.731250 0.853125 0.704688 0.829688 0.685937 0.653125 0.623437 0.639062 0.617188 0.635938 0.609375
1 0.384316 0.009375 0.187500 0.009375 0.185938 0.015625 0.164062 0.028125 0.145313 0.056250 0.135937 0.114062 0.128125 0.118750 0.128125 0.243750 0.167187 0.264062 0.348438 0.334375 0.370312 0.335938 0.395313 0.326562 0.410938 0.309375 0.418750 0.279687 0.426563 0.057813 0.418750 0.032813 0.393750 0.015625 0.392188 0.009375
0 0.193303 0.290625 0.143750 0.290625 0.142187 0.303125 0.128125 0.310937 0.128125 0.676562 0.153125 0.676562 0.154688 0.670312 0.381250 0.560937 0.412500 0.537500 0.426563 0.503125 0.432812 0.501563 0.432812 0.414062 0.426563 0.412500 0.406250 0.384375 0.350000 0.353125 0.207813 0.300000 0.201563 0.290625
0 0.421737 0.009375 0.159375 0.009375 0.140625 0.039062 0.134375 0.065625 0.128125 0.067187 0.128125 0.251563 0.335938 0.335938 0.371875 0.340625 0.407813 0.328125 0.420312 0.315625 0.429688 0.290625 0.432812 0.203125 0.439063 0.201563 0.439063 0.021875 0.429688 0.017188 0.429688 0.009375
0 0.810828 0.003125 0.478125 0.003125 0.453125 0.050000 0.446875 0.051562 0.446875 0.206250 0.453125 0.207813 0.453125 0.215625 0.446875 0.217188 0.446875 0.489063 0.454688 0.492188 0.476562 0.521875 0.501563 0.534375 0.606250 0.575000 0.664062 0.589063 0.715625 0.614062 0.789062 0.637500 0.793750 0.645312 0.835938 0.645312 0.839063 0.637500 0.876563 0.609375 0.876563 0.345313 0.870313 0.343750 0.867188 0.323437 0.848437 0.040625 0.845313 0.031250 0.818750 0.007812 0.818750 0.003125
0 0.639931 0.603125 0.571875 0.603125 0.548438 0.634375 0.540625 0.637500 0.540625 0.901563 0.545312 0.901563 0.568750 0.928125 0.596875 0.937500 0.704688 0.940625 0.714063 0.943750 0.717187 0.951562 0.784375 0.951562 0.785937 0.945312 0.790625 0.951562 0.809375 0.951562 0.810937 0.945312 0.823438 0.939063 0.876563 0.920312 0.876563 0.700000 0.834375 0.671875 0.673438 0.620313 0.650000 0.610938 0.648438 0.603125
7 0.549480 0.065625 0.482812 0.065625 0.482812 0.071875 0.471875 0.076563 0.471875 0.112500 0.476562 0.112500 0.479687 0.118750 0.471875 0.123438 0.471875 0.156250 0.482812 0.160938 0.500000 0.187500 0.534375 0.210938 0.545312 0.212500 0.609375 0.196875 0.645312 0.193750 0.695312 0.170313 0.721875 0.145313 0.723437 0.126562 0.715625 0.114062 0.690625 0.104688 0.682813 0.092188 0.665625 0.090625 0.659375 0.065625 0.606250 0.065625 0.604688 0.071875 0.579688 0.081250 0.559375 0.073438 0.557813 0.065625
5 0.779297 0.128125 0.754687 0.128125 0.753125 0.134375 0.731250 0.142187 0.696875 0.171875 0.637500 0.203125 0.576562 0.212500 0.493750 0.243750 0.468750 0.245312 0.453125 0.251563 0.453125 0.289062 0.460938 0.292187 0.471875 0.314063 0.479687 0.345313 0.525000 0.457813 0.550000 0.493750 0.595313 0.534375 0.603125 0.535937 0.603125 0.529687 0.582812 0.506250 0.576562 0.482812 0.584375 0.471875 0.607812 0.481250 0.621875 0.476562 0.670312 0.534375 0.659375 0.550000 0.642188 0.554688 0.642188 0.565625 0.665625 0.565625 0.682813 0.575000 0.700000 0.573438 0.745313 0.606250 0.753125 0.606250 0.770312 0.595313 0.789062 0.575000 0.803125 0.548438 0.807813 0.526563 0.806250 0.478125 0.814063 0.403125 0.812500 0.260937 0.814063 0.248438 0.820312 0.246875 0.820312 0.175000 0.814063 0.173437 0.806250 0.151562 0.787500 0.134375 0.787500 0.128125
4 0.482119 0.578125 0.414062 0.578125 0.410938 0.585938 0.337500 0.618750 0.284375 0.620313 0.218750 0.660937 0.128125 0.701562 0.128125 0.923438 0.145313 0.935937 0.162500 0.925000 0.195312 0.925000 0.206250 0.931250 0.234375 0.926562 0.245312 0.934375 0.265625 0.925000 0.334375 0.925000 0.354687 0.929688 0.370312 0.943750 0.384375 0.948438 0.400000 0.926562 0.429688 0.929688 0.439063 0.925000 0.482812 0.921875 0.490625 0.914062 0.495312 0.895312 0.515625 0.870313 0.520312 0.825000 0.507812 0.607812 0.490625 0.578125
2 0.201216 0.315625 0.135937 0.315625 0.135937 0.321875 0.128125 0.323437 0.128125 0.654687 0.165625 0.654687 0.321875 0.579688 0.360938 0.565625 0.393750 0.546875 0.407813 0.531250 0.414062 0.514062 0.420312 0.512500 0.420312 0.420312 0.415625 0.420312 0.400000 0.400000 0.378125 0.387500 0.221875 0.328125 0.212500 0.323437 0.209375 0.315625
