0 0.849941 0.000000 0.440625 0.000000 0.440625 0.256250 0.476562 0.276562 0.478125 0.282813 0.509375 0.282813 0.512500 0.275000 0.751563 0.178125 0.857812 0.121875 0.857812 0.000000
7 0.248438 0.003125 0.193750 0.003125 0.193750 0.009375 0.159375 0.037500 0.159375 0.121875 0.165625 0.123438 0.181250 0.164062 0.239063 0.192188 0.325000 0.220312 0.356250 0.223438 0.378125 0.215625 0.395313 0.193750 0.398438 0.154688 0.370312 0.117188 0.375000 0.090625 0.367188 0.071875 0.339062 0.050000 0.285938 0.035937 0.256250 0.007812 0.256250 0.003125
0 0.592578 0.503125 0.565625 0.503125 0.562500 0.510938 0.529687 0.535937 0.523438 0.553125 0.517188 0.626563 0.515625 0.632812 0.509375 0.634375 0.509375 0.910937 0.518750 0.915625 0.531250 0.935937 0.550000 0.953125 0.595313 0.962500 0.601562 0.970313 0.671875 0.970313 0.673438 0.964063 0.703125 0.964063 0.704688 0.970313 0.843750 0.970313 0.846875 0.962500 0.876563 0.940625 0.876563 0.629687 0.871875 0.629687 0.850000 0.604688 0.804688 0.581250 0.745313 0.556250 0.717187 0.550000 0.692187 0.534375 0.628125 0.512500 0.603125 0.509375 0.601562 0.503125
2 0.807813 0.215625 0.737500 0.215625 0.734375 0.223438 0.692187 0.243750 0.557813 0.301563 0.539062 0.323437 0.534375 0.323437 0.534375 0.435937 0.573438 0.464062 0.778125 0.546875 0.787500 0.551562 0.789062 0.557813 0.825000 0.557813 0.846875 0.528125 0.853125 0.504687 0.864062 0.498437 0.864062 0.471875 0.853125 0.465625 0.848437 0.446875 0.837500 0.278125 0.829688 0.242188 0.815625 0.215625
4 0.563020 0.503125 0.545312 0.503125 0.545312 0.512500 0.528125 0.543750 0.523438 0.618750 0.521875 0.625000 0.515625 0.626563 0.515625 0.906250 0.553125 0.932813 0.614062 0.931250 0.620313 0.935937 0.626563 0.956250 0.635938 0.960938 0.660937 0.962500 0.679688 0.950000 0.703125 0.951562 0.707812 0.945312 0.717187 0.943750 0.734375 0.943750 0.748437 0.957812 0.770312 0.953125 0.789062 0.960938 0.820312 0.951562 0.856250 0.910937 0.870313 0.857812 0.876563 0.856250 0.876563 0.629687 0.871875 0.629687 0.854688 0.609375 0.828125 0.595313 0.793750 0.585938 0.767188 0.585938 0.745313 0.578125 0.709375 0.543750 0.678125 0.521875 0.589063 0.521875 0.567187 0.515625 0.571875 0.503125
5 0.182812 0.473438 0.148438 0.512500 0.134375 0.520312 0.134375 0.709375 0.140625 0.709375 0.146875 0.700000 0.154688 0.704688 0.156250 0.778125 0.190625 0.871875 0.204687 0.887500 0.225000 0.900000 0.228125 0.907813 0.259375 0.907813 0.264062 0.898438 0.300000 0.873437 0.345313 0.828125 0.382812 0.767188 0.376563 0.765625 0.312500 0.659375 0.198437 0.489063 0.184375 0.475000
0 0.418750 0.003125 0.121875 0.003125 0.121875 0.153125 0.323437 0.225000 0.328125 0.232813 0.364063 0.232813 0.367188 0.225000 0.392188 0.207813 0.406250 0.185938 0.418750 0.071875 0.420312 0.065625 0.426563 0.064062 0.426563 0.003125
0 0.180664 0.190625 0.121875 0.190625 0.121875 0.965625 0.167187 0.962500 0.245312 0.967187 0.318750 0.979688 0.384375 0.979688 0.462500 0.932813 0.478125 0.915625 0.487500 0.889062 0.492188 0.842187 0.500000 0.451562 0.501563 0.420312 0.507812 0.418750 0.507812 0.343750 0.500000 0.340625 0.492188 0.323437 0.478125 0.309375 0.454688 0.296875 0.228125 0.214062 0.192188 0.198437 0.189062 0.190625
6 0.815461 0.000000 0.520312 0.000000 0.507812 0.015625 0.457813 0.043750 0.450000 0.054688 0.448437 0.106250 0.440625 0.112500 0.440625 0.223438 0.448437 0.228125 0.459375 0.262500 0.482812 0.275000 0.518750 0.271875 0.820312 0.139063 0.828125 0.125000 0.817187 0.107813 0.815625 0.089063 0.834375 0.065625 0.839063 0.050000 0.839063 0.037500 0.823438 0.000000
0 0.826094 0.184375 0.751563 0.184375 0.748437 0.192188 0.720313 0.206250 0.548438 0.282813 0.532813 0.301563 0.528125 0.301563 0.528125 0.440625 0.610938 0.487500 0.739062 0.540625 0.815625 0.564063 0.817187 0.570312 0.821875 0.570312 0.823438 0.564063 0.848437 0.556250 0.871875 0.525000 0.875000 0.454688 0.865625 0.235937 0.851562 0.206250 0.834375 0.190625 0.834375 0.184375
5 0.309245 0.371875 0.221875 0.371875 0.221875 0.423438 0.229687 0.425000 0.339062 0.590625 0.421875 0.701562 0.421875 0.707812 0.434375 0.707812 0.437500 0.693750 0.462500 0.671875 0.457813 0.626563 0.482812 0.562500 0.489063 0.560937 0.489063 0.556250 0.484375 0.556250 0.470313 0.537500 0.404687 0.498437 0.328125 0.439063 0.301563 0.398438 0.306250 0.381250 0.317188 0.376563 0.317188 0.371875
5 0.209375 0.284375 0.209375 0.317188 0.215625 0.318750 0.220312 0.332813 0.221875 0.392188 0.226562 0.398438 0.232813 0.393750 0.257812 0.395313 0.351562 0.457813 0.426563 0.515625 0.445312 0.525000 0.457813 0.525000 0.467187 0.518750 0.475000 0.498437 0.475000 0.468750 0.465625 0.451562 0.421875 0.425000 0.357812 0.370312 0.279687 0.318750 0.226562 0.292187 0.223438 0.284375
