1 0.620983 0.578125 0.568750 0.578125 0.554688 0.603125 0.546875 0.606250 0.546875 0.881250 0.571875 0.901563 0.589063 0.906250 0.681250 0.912500 0.735938 0.907813 0.760938 0.914062 0.762500 0.920312 0.773438 0.920312 0.776563 0.909375 0.782813 0.907813 0.782813 0.651563 0.650000 0.593750 0.631250 0.584375 0.629687 0.578125
7 0.294531 0.096875 0.284375 0.096875 0.248438 0.142187 0.229687 0.176563 0.221875 0.179688 0.221875 0.218750 0.234375 0.228125 0.239063 0.259375 0.260937 0.276562 0.346875 0.315625 0.385937 0.329688 0.410938 0.328125 0.435937 0.309375 0.446875 0.289062 0.450000 0.215625 0.451562 0.204687 0.457813 0.203125 0.457813 0.167187 0.451562 0.165625 0.443750 0.146875 0.421875 0.125000 0.389062 0.104688 0.385937 0.096875 0.342187 0.096875 0.339062 0.104688 0.328125 0.109375 0.307812 0.104688 0.304688 0.096875
4 0.615625 0.071875 0.576562 0.082812 0.528125 0.082812 0.514062 0.087500 0.496875 0.101562 0.484375 0.139063 0.478125 0.140625 0.484375 0.142187 0.484375 0.146875 0.478125 0.148438 0.478125 0.345313 0.485938 0.346875 0.506250 0.376563 0.548438 0.376563 0.553125 0.368750 0.782813 0.260937 0.782813 0.071875 0.740625 0.071875 0.735938 0.079687 0.721875 0.079687 0.718750 0.071875 0.651563 0.071875 0.646875 0.079687 0.632812 0.079687 0.626563 0.078125 0.625000 0.071875
0 0.774955 0.071875 0.507812 0.071875 0.485938 0.103125 0.478125 0.150000 0.471875 0.151562 0.471875 0.351562 0.503125 0.375000 0.506250 0.382812 0.550000 0.382812 0.553125 0.375000 0.664062 0.325000 0.782813 0.264062 0.782813 0.071875
5 0.284375 0.665625 0.268750 0.665625 0.268750 0.671875 0.259375 0.681250 0.221875 0.707812 0.221875 0.787500 0.228125 0.787500 0.279687 0.821875 0.381250 0.851562 0.445312 0.846875 0.503125 0.829688 0.514062 0.821875 0.514062 0.800000 0.507812 0.798438 0.496875 0.760938 0.485938 0.742188 0.415625 0.737500 0.376563 0.725000 0.306250 0.684375 0.292187 0.671875 0.292187 0.665625
0 0.771875 0.296875 0.760938 0.296875 0.757812 0.304688 0.684375 0.340625 0.585938 0.378125 0.557813 0.407813 0.553125 0.407813 0.553125 0.517188 0.589063 0.540625 0.756250 0.606250 0.768750 0.614062 0.768750 0.620313 0.782813 0.620313 0.782813 0.296875
0 0.420255 0.065625 0.215625 0.065625 0.215625 0.271875 0.387500 0.337500 0.392188 0.345313 0.417187 0.345313 0.420312 0.337500 0.432812 0.331250 0.451562 0.310937 0.457813 0.289062 0.464062 0.287500 0.464062 0.107813 0.459375 0.107813 0.446875 0.087500 0.428125 0.071875 0.428125 0.065625
0 0.616406 0.571875 0.573438 0.571875 0.554688 0.600000 0.546875 0.603125 0.546875 0.896875 0.587500 0.920312 0.639062 0.925000 0.643750 0.932813 0.782813 0.932813 0.782813 0.648438 0.646875 0.589063 0.628125 0.579688 0.625000 0.571875
0 0.257292 0.303125 0.215625 0.303125 0.215625 0.907813 0.232813 0.912500 0.417187 0.918750 0.432812 0.920312 0.459375 0.920312 0.478125 0.918750 0.498437 0.909375 0.510938 0.895312 0.520312 0.865625 0.523438 0.632812 0.531250 0.503125 0.532813 0.495312 0.539062 0.493750 0.539062 0.435937 0.500000 0.401562 0.290625 0.320312 0.268750 0.310937 0.265625 0.303125
5 0.335653 0.371875 0.254688 0.371875 0.229687 0.407813 0.221875 0.410938 0.221875 0.501563 0.229687 0.504687 0.254688 0.570312 0.268750 0.589063 0.270313 0.620313 0.287500 0.643750 0.290625 0.659375 0.337500 0.698438 0.357812 0.707812 0.359375 0.714063 0.514062 0.714063 0.514062 0.700000 0.507812 0.698438 0.495312 0.632812 0.490625 0.621875 0.482812 0.621875 0.476562 0.610938 0.476562 0.598437 0.490625 0.557813 0.492188 0.470313 0.501563 0.434375 0.485938 0.420312 0.467187 0.412500 0.396875 0.389062 0.350000 0.379688 0.343750 0.371875
2 0.559375 0.435937 0.557813 0.504687 0.570312 0.523438 0.775000 0.609375 0.779687 0.543750 0.776563 0.300000 0.576562 0.390625 0.560937 0.417187
