0 0.789030 0.496875 0.428125 0.496875 0.401562 0.534375 0.329688 0.723437 0.321875 0.726562 0.321875 0.798438 0.328125 0.798438 0.360938 0.821875 0.376563 0.825000 0.503125 0.825000 0.595313 0.837500 0.626563 0.837500 0.634375 0.839063 0.635938 0.845313 0.846875 0.845313 0.846875 0.840625 0.870313 0.821875 0.876563 0.806250 0.882812 0.804688 0.882812 0.559375 0.876563 0.557813 0.870313 0.537500 0.856250 0.521875 0.829688 0.507812 0.798438 0.503125 0.796875 0.496875
0 0.304539 0.559375 0.145313 0.559375 0.121875 0.585938 0.115625 0.609375 0.109375 0.610938 0.109375 0.771875 0.114062 0.771875 0.128125 0.793750 0.143750 0.801562 0.145313 0.807813 0.256250 0.807813 0.256250 0.803125 0.282813 0.779687 0.306250 0.731250 0.325000 0.675000 0.351562 0.617188 0.357812 0.615625 0.351562 0.610938 0.339062 0.581250 0.314063 0.565625 0.312500 0.559375
7 0.316797 0.578125 0.259375 0.578125 0.250000 0.592187 0.234375 0.601562 0.200000 0.592187 0.170313 0.593750 0.157812 0.601562 0.132812 0.629687 0.128125 0.629687 0.128125 0.687500 0.132812 0.687500 0.159375 0.714063 0.164062 0.742188 0.173437 0.757812 0.195312 0.762500 0.198437 0.770312 0.262500 0.770312 0.265625 0.762500 0.293750 0.745313 0.304688 0.728125 0.335938 0.645312 0.345313 0.639062 0.345313 0.600000 0.335938 0.595313 0.325000 0.578125
6 0.407031 0.221875 0.396875 0.221875 0.390625 0.229687 0.340625 0.239063 0.326562 0.259375 0.315625 0.260937 0.315625 0.295312 0.323437 0.298438 0.359375 0.396875 0.395313 0.446875 0.414062 0.464062 0.435937 0.470313 0.437500 0.476562 0.495312 0.476562 0.520312 0.439063 0.546875 0.385937 0.559375 0.350000 0.584375 0.301563 0.587500 0.271875 0.568750 0.245312 0.542188 0.231250 0.537500 0.221875 0.476562 0.221875 0.473438 0.229687 0.459375 0.234375 0.421875 0.229687 0.417187 0.221875
5 0.624609 0.503125 0.567187 0.503125 0.559375 0.514062 0.523438 0.525000 0.509375 0.535937 0.509375 0.781250 0.576562 0.778125 0.590625 0.792188 0.628125 0.781250 0.654687 0.585938 0.665625 0.551562 0.676562 0.545312 0.676562 0.537500 0.670312 0.537500 0.635938 0.510938 0.632812 0.503125
4 0.270313 0.221875 0.168750 0.221875 0.168750 0.228125 0.148438 0.250000 0.154688 0.278125 0.154688 0.317188 0.146875 0.351562 0.131250 0.379688 0.123438 0.448437 0.117188 0.464062 0.109375 0.467187 0.109375 0.509375 0.121875 0.512500 0.164062 0.540625 0.296875 0.542188 0.340625 0.537500 0.350000 0.534375 0.378125 0.503125 0.382812 0.484375 0.376563 0.462500 0.339062 0.382812 0.329688 0.340625 0.298438 0.284375 0.278125 0.221875
0 0.241875 0.215625 0.168750 0.215625 0.168750 0.220312 0.145313 0.239063 0.139063 0.253125 0.128125 0.395313 0.117188 0.460938 0.109375 0.465625 0.109375 0.512500 0.151562 0.540625 0.165625 0.543750 0.168750 0.551562 0.321875 0.551562 0.323437 0.545312 0.356250 0.532813 0.382812 0.496875 0.389062 0.495312 0.389062 0.476562 0.382812 0.475000 0.317188 0.325000 0.301563 0.303125 0.287500 0.251563 0.271875 0.232813 0.253125 0.223438 0.250000 0.215625
0 0.842058 0.221875 0.659375 0.221875 0.659375 0.226562 0.628125 0.253125 0.568750 0.389062 0.559375 0.395313 0.559375 0.457813 0.595313 0.478125 0.703125 0.482812 0.704688 0.489063 0.837500 0.489063 0.839063 0.482812 0.854688 0.476562 0.870313 0.459375 0.879687 0.429688 0.881250 0.281250 0.870313 0.250000 0.850000 0.221875
5 0.781094 0.509375 0.709375 0.509375 0.670312 0.553125 0.646875 0.650000 0.635938 0.726562 0.628125 0.732812 0.628125 0.785937 0.675000 0.787500 0.690625 0.809375 0.701562 0.812500 0.784375 0.807813 0.806250 0.800000 0.843750 0.543750 0.834375 0.529687 0.792188 0.517188 0.789062 0.509375
5 0.464375 0.509375 0.428125 0.509375 0.417187 0.634375 0.415625 0.642188 0.409375 0.643750 0.409375 0.739062 0.418750 0.743750 0.434375 0.773438 0.504687 0.775000 0.512500 0.767188 0.514062 0.756250 0.520312 0.754687 0.520312 0.556250 0.514062 0.554688 0.512500 0.521875 0.475000 0.515625 0.473438 0.509375
0 0.397656 0.221875 0.354687 0.221875 0.353125 0.228125 0.309375 0.245312 0.309375 0.303125 0.317188 0.306250 0.326562 0.323437 0.364063 0.412500 0.389062 0.456250 0.414062 0.471875 0.459375 0.476562 0.460938 0.482812 0.484375 0.482812 0.485938 0.476562 0.509375 0.465625 0.525000 0.445312 0.587500 0.300000 0.595313 0.296875 0.595313 0.262500 0.590625 0.262500 0.564063 0.234375 0.528125 0.228125 0.526563 0.221875 0.501563 0.221875 0.500000 0.228125 0.487500 0.228125 0.485938 0.221875 0.414062 0.221875 0.414062 0.226562 0.407813 0.228125 0.406250 0.221875
2 0.564063 0.423438 0.564063 0.448437 0.571875 0.462500 0.603125 0.476562 0.837500 0.475000 0.854688 0.462500 0.865625 0.431250 0.859375 0.428125 0.865625 0.285938 0.857812 0.262500 0.826562 0.242188 0.745313 0.245312 0.729688 0.240625 0.704688 0.248438 0.675000 0.242188 0.632812 0.254688
