4 0.619270 0.071875 0.575000 0.071875 0.570312 0.079687 0.520312 0.085938 0.504687 0.095312 0.470313 0.104688 0.451562 0.128125 0.446875 0.154688 0.440625 0.156250 0.440625 0.312500 0.446875 0.314063 0.450000 0.340625 0.459375 0.360938 0.476562 0.382812 0.515625 0.382812 0.518750 0.375000 0.676562 0.303125 0.723437 0.275000 0.759375 0.267188 0.782813 0.246875 0.782813 0.087500 0.754687 0.078125 0.753125 0.071875 0.706250 0.071875 0.704688 0.078125 0.692187 0.081250 0.632812 0.079687 0.628125 0.071875
0 0.626563 0.071875 0.556250 0.071875 0.554688 0.078125 0.485938 0.082812 0.467187 0.089063 0.445312 0.114062 0.440625 0.114062 0.440625 0.351562 0.445312 0.351562 0.462500 0.373437 0.481250 0.384375 0.504687 0.385937 0.548438 0.370312 0.726562 0.278125 0.764062 0.267188 0.782813 0.251563 0.782813 0.093750 0.753125 0.078125 0.751563 0.071875 0.701562 0.071875 0.700000 0.078125 0.692187 0.079687 0.635938 0.078125 0.634375 0.071875
0 0.388995 0.084375 0.215625 0.084375 0.215625 0.296875 0.351562 0.343750 0.356250 0.351562 0.392188 0.351562 0.392188 0.346875 0.409375 0.334375 0.423438 0.314063 0.426563 0.296875 0.432812 0.295312 0.425000 0.278125 0.426563 0.167187 0.432812 0.165625 0.432812 0.139063 0.426563 0.137500 0.420312 0.114062 0.396875 0.090625 0.396875 0.084375
3 0.768230 0.296875 0.726562 0.296875 0.723437 0.304688 0.695312 0.321875 0.534375 0.400000 0.534375 0.514062 0.570312 0.537500 0.667188 0.571875 0.735938 0.601562 0.737500 0.607812 0.782813 0.607812 0.782813 0.303125 0.778125 0.303125 0.776563 0.296875
0 0.610156 0.571875 0.550000 0.571875 0.550000 0.578125 0.528125 0.596875 0.528125 0.882812 0.532813 0.882812 0.553125 0.907813 0.587500 0.917188 0.725000 0.918750 0.782813 0.910937 0.782813 0.650000 0.754687 0.632812 0.626563 0.582812 0.618750 0.571875
7 0.323295 0.140625 0.243750 0.140625 0.229687 0.162500 0.221875 0.165625 0.221875 0.293750 0.326562 0.325000 0.354687 0.337500 0.357812 0.345313 0.379688 0.345313 0.379688 0.340625 0.414062 0.301563 0.418750 0.284375 0.417187 0.254688 0.403125 0.229687 0.360938 0.198437 0.350000 0.165625 0.331250 0.140625
5 0.420937 0.409375 0.385937 0.409375 0.381250 0.417187 0.221875 0.457813 0.221875 0.567187 0.256250 0.595313 0.309375 0.620313 0.362500 0.632812 0.364063 0.639062 0.481250 0.609375 0.501563 0.596875 0.501563 0.584375 0.493750 0.581250 0.489063 0.568750 0.478125 0.518750 0.445312 0.456250 0.429688 0.409375
5 0.260547 0.596875 0.235937 0.596875 0.234375 0.604688 0.215625 0.614062 0.215625 0.673438 0.264062 0.714063 0.293750 0.725000 0.296875 0.732812 0.382812 0.732812 0.389062 0.725000 0.425000 0.721875 0.453125 0.703125 0.485938 0.693750 0.496875 0.679688 0.501563 0.679688 0.501563 0.667188 0.493750 0.662500 0.487500 0.623437 0.478125 0.612500 0.456250 0.614062 0.400000 0.629687 0.351562 0.631250 0.296875 0.617188 0.271875 0.604688 0.268750 0.596875
0 0.250625 0.321875 0.215625 0.321875 0.215625 0.910937 0.228125 0.914062 0.229687 0.920312 0.467187 0.920312 0.470313 0.912500 0.500000 0.895312 0.514062 0.871875 0.520312 0.870313 0.520312 0.612500 0.514062 0.610938 0.512500 0.595313 0.510938 0.446875 0.501563 0.428125 0.468750 0.403125 0.268750 0.332813 0.259375 0.321875
6 0.599777 0.578125 0.551562 0.578125 0.542188 0.596875 0.534375 0.600000 0.534375 0.715625 0.540625 0.717187 0.540625 0.753125 0.534375 0.754687 0.534375 0.803125 0.543750 0.809375 0.559375 0.864062 0.589063 0.881250 0.670312 0.884375 0.690625 0.867188 0.782813 0.862500 0.782813 0.657813 0.740625 0.632812 0.703125 0.623437 0.670312 0.606250 0.615625 0.589063 0.607812 0.578125
0 0.765937 0.284375 0.729688 0.284375 0.726562 0.292187 0.570312 0.371875 0.545312 0.389062 0.534375 0.403125 0.528125 0.403125 0.528125 0.510938 0.534375 0.510938 0.548438 0.528125 0.570312 0.540625 0.729688 0.604688 0.735938 0.614062 0.782813 0.614062 0.782813 0.296875 0.775000 0.293750 0.775000 0.284375
5 0.246094 0.703125 0.237500 0.703125 0.226562 0.720313 0.215625 0.723437 0.215625 0.803125 0.253125 0.828125 0.312500 0.846875 0.373437 0.850000 0.459375 0.839063 0.481250 0.828125 0.493750 0.814063 0.498437 0.787500 0.467187 0.703125 0.446875 0.703125 0.443750 0.712500 0.415625 0.726562 0.342187 0.732812 0.281250 0.725000 0.256250 0.710938 0.254688 0.703125
