5 0.221875 0.387500 0.220312 0.470313 0.239063 0.525000 0.268750 0.564063 0.304688 0.596875 0.370312 0.632812 0.404687 0.643750 0.440625 0.642188 0.457813 0.573438 0.456250 0.404687 0.268750 0.385937
5 0.223438 0.640625 0.218750 0.650000 0.220312 0.693750 0.281250 0.714063 0.359375 0.725000 0.410938 0.720313 0.468750 0.693750 0.492188 0.665625 0.498437 0.621875 0.481250 0.585938 0.454688 0.565625 0.457813 0.581250 0.446875 0.639062 0.412500 0.645312 0.371875 0.637500 0.281250 0.582812 0.264062 0.593750
5 0.220312 0.740625 0.220312 0.785937 0.271875 0.810937 0.309375 0.818750 0.351562 0.821875 0.396875 0.812500 0.453125 0.778125 0.476562 0.778125 0.478125 0.785937 0.487500 0.789062 0.487500 0.800000 0.498437 0.765625 0.489063 0.725000 0.470313 0.696875 0.415625 0.721875 0.357812 0.726562 0.245312 0.709375
1 0.539062 0.589063 0.539062 0.829688 0.556250 0.860938 0.604688 0.890625 0.617188 0.890625 0.637500 0.870313 0.775000 0.865625 0.779687 0.757812 0.776563 0.626563 0.590625 0.553125 0.559375 0.556250 0.545312 0.570312
2 0.537500 0.400000 0.535937 0.467187 0.553125 0.501563 0.681250 0.550000 0.689063 0.559375 0.723437 0.575000 0.757812 0.584375 0.776563 0.582812 0.779687 0.306250 0.778125 0.287500 0.765625 0.276562 0.739062 0.276562 0.717187 0.285938 0.651563 0.326562 0.568750 0.364063 0.546875 0.381250
4 0.453125 0.117188 0.446875 0.134375 0.453125 0.185938 0.450000 0.309375 0.493750 0.351562 0.515625 0.354687 0.545312 0.345313 0.620313 0.307812 0.634375 0.306250 0.650000 0.317188 0.656250 0.306250 0.679688 0.295312 0.700000 0.264062 0.776563 0.228125 0.775000 0.078125 0.696875 0.059375 0.653125 0.067187 0.612500 0.064062 0.585938 0.076563 0.564063 0.070312 0.520312 0.070312 0.479687 0.084375
7 0.220312 0.145313 0.220312 0.229687 0.242188 0.240625 0.256250 0.243750 0.289062 0.234375 0.293750 0.204687 0.325000 0.196875 0.321875 0.139063 0.256250 0.137500
7 0.320312 0.275000 0.320312 0.295312 0.334375 0.301563 0.392188 0.317188 0.414062 0.306250 0.401562 0.259375 0.378125 0.220312 0.348438 0.237500
7 0.351562 0.129688 0.350000 0.164062 0.368750 0.210938 0.378125 0.214062 0.395313 0.200000 0.409375 0.206250 0.417187 0.226562 0.421875 0.226562 0.425000 0.156250 0.412500 0.129688 0.392188 0.115625 0.367188 0.118750
7 0.220312 0.146875 0.220312 0.231250 0.240625 0.243750 0.240625 0.251563 0.229687 0.257812 0.229687 0.268750 0.268750 0.289062 0.307812 0.293750 0.340625 0.237500 0.367188 0.218750 0.351562 0.181250 0.345313 0.132812 0.329688 0.142187 0.293750 0.135937
7 0.385937 0.204687 0.381250 0.218750 0.409375 0.278125 0.415625 0.279687 0.426563 0.262500 0.418750 0.225000 0.403125 0.201563
0 0.742188 0.268750 0.740625 0.270313 0.737500 0.270313 0.735938 0.271875 0.734375 0.271875 0.729688 0.276562 0.728125 0.276562 0.721875 0.282813 0.720313 0.282813 0.717187 0.285938 0.714063 0.285938 0.712500 0.287500 0.710938 0.287500 0.709375 0.289062 0.707812 0.289062 0.706250 0.290625 0.704688 0.290625 0.703125 0.292187 0.700000 0.292187 0.698438 0.293750 0.695312 0.293750 0.693750 0.295312 0.692187 0.295312 0.690625 0.296875 0.689063 0.296875 0.687500 0.298438 0.684375 0.298438 0.682813 0.300000 0.679688 0.300000 0.678125 0.301563 0.676562 0.301563 0.675000 0.303125 0.673438 0.303125 0.671875 0.304688 0.670312 0.304688 0.668750 0.306250 0.667188 0.306250 0.662500 0.310937 0.660937 0.310937 0.659375 0.312500 0.656250 0.312500 0.653125 0.315625 0.651563 0.315625 0.648438 0.318750 0.646875 0.318750 0.643750 0.321875 0.642188 0.321875 0.639062 0.325000 0.637500 0.325000 0.635938 0.326562 0.634375 0.326562 0.632812 0.328125 0.631250 0.328125 0.629687 0.329688 0.628125 0.329688 0.626563 0.331250 0.623437 0.331250 0.621875 0.332813 0.620313 0.332813 0.618750 0.334375 0.617188 0.334375 0.615625 0.335938 0.612500 0.335938 0.610938 0.337500 0.609375 0.337500 0.607812 0.339062 0.606250 0.339062 0.603125 0.342187 0.601562 0.342187 0.600000 0.343750 0.598437 0.343750 0.596875 0.345313 0.595313 0.345313 0.592187 0.348438 0.590625 0.348438 0.587500 0.351562 0.584375 0.351562 0.582812 0.353125 0.581250 0.353125 0.579688 0.354687 0.578125 0.354687 0.575000 0.357812 0.573438 0.357812 0.570312 0.360938 0.568750 0.360938 0.567187 0.362500 0.565625 0.362500 0.564063 0.364063 0.562500 0.364063 0.560937 0.365625 0.557813 0.365625 0.556250 0.367188 0.554688 0.367188 0.551562 0.370312 0.550000 0.370312 0.546875 0.373437 0.546875 0.375000 0.543750 0.378125 0.543750 0.379688 0.542188 0.381250 0.542188 0.382812 0.540625 0.384375 0.540625 0.385937 0.539062 0.387500 0.539062 0.390625 0.537500 0.392188 0.537500 0.406250 0.535937 0.407813 0.535937 0.420312 0.534375 0.421875 0.534375 0.473438 0.535937 0.475000 0.535937 0.478125 0.537500 0.479687 0.537500 0.481250 0.539062 0.482812 0.539062 0.484375 0.542188 0.487500 0.542188 0.489063 0.543750 0.490625 0.543750 0.492188 0.546875 0.495312 0.546875 0.496875 0.557813 0.507812 0.559375 0.507812 0.562500 0.510938 0.564063 0.510938 0.565625 0.512500 0.568750 0.512500 0.570312 0.514062 0.571875 0.514062 0.573438 0.515625 0.575000 0.515625 0.576562 0.517188 0.579688 0.517188 0.581250 0.518750 0.587500 0.518750 0.589063 0.520312 0.593750 0.520312 0.595313 0.521875 0.596875 0.521875 0.598437 0.523438 0.601562 0.523438 0.603125 0.525000 0.604688 0.525000 0.606250 0.526563 0.609375 0.526563 0.610938 0.528125 0.612500 0.528125 0.614062 0.529687 0.615625 0.529687 0.617188 0.531250 0.618750 0.531250 0.620313 0.532813 0.621875 0.532813 0.623437 0.534375 0.625000 0.534375 0.628125 0.537500 0.629687 0.537500 0.631250 0.539062 0.634375 0.539062 0.635938 0.540625 0.637500 0.540625 0.639062 0.542188 0.640625 0.542188 0.642188 0.543750 0.646875 0.543750 0.648438 0.545312 0.651563 0.545312 0.653125 0.546875 0.656250 0.546875 0.657813 0.548438 0.665625 0.548438 0.667188 0.550000 0.670312 0.550000 0.673438 0.553125 0.675000 0.553125 0.676562 0.554688 0.678125 0.554688 0.679688 0.556250 0.681250 0.556250 0.682813 0.557813 0.684375 0.557813 0.685937 0.559375 0.689063 0.559375 0.690625 0.560937 0.692187 0.560937 0.693750 0.562500 0.695312 0.562500 0.696875 0.564063 0.700000 0.564063 0.701562 0.565625 0.703125 0.565625 0.704688 0.567187 0.706250 0.567187 0.707812 0.568750 0.712500 0.568750 0.714063 0.570312 0.715625 0.570312 0.717187 0.571875 0.718750 0.571875 0.720313 0.573438 0.723437 0.573438 0.725000 0.575000 0.726562 0.575000 0.728125 0.576562 0.731250 0.576562 0.732812 0.578125 0.734375 0.578125 0.737500 0.581250 0.739062 0.581250 0.740625 0.582812 0.743750 0.582812 0.745313 0.584375 0.756250 0.584375 0.757812 0.582812 0.760938 0.582812 0.762500 0.581250 0.764062 0.581250 0.773438 0.571875 0.773438 0.570312 0.775000 0.568750 0.775000 0.564063 0.776563 0.562500 0.776563 0.542188 0.778125 0.540625 0.778125 0.487500 0.776563 0.485938 0.776563 0.423438 0.778125 0.421875 0.778125 0.346875 0.776563 0.345313 0.776563 0.287500 0.775000 0.285938 0.775000 0.282813 0.773438 0.281250 0.773438 0.279687 0.765625 0.271875 0.764062 0.271875 0.762500 0.270313 0.760938 0.270313 0.759375 0.268750
0 0.573438 0.548438 0.571875 0.550000 0.567187 0.550000 0.565625 0.551562 0.562500 0.551562 0.560937 0.553125 0.559375 0.553125 0.556250 0.556250 0.554688 0.556250 0.551562 0.559375 0.550000 0.559375 0.545312 0.564063 0.545312 0.565625 0.540625 0.570312 0.540625 0.571875 0.539062 0.573438 0.539062 0.575000 0.537500 0.576562 0.537500 0.579688 0.535937 0.581250 0.535937 0.584375 0.534375 0.585938 0.534375 0.607812 0.535937 0.609375 0.535937 0.618750 0.534375 0.620313 0.534375 0.625000 0.532813 0.626563 0.532813 0.656250 0.534375 0.657813 0.534375 0.662500 0.535937 0.664062 0.535937 0.668750 0.537500 0.670312 0.537500 0.707812 0.535937 0.709375 0.535937 0.745313 0.537500 0.746875 0.537500 0.753125 0.539062 0.754687 0.539062 0.756250 0.537500 0.757812 0.537500 0.762500 0.539062 0.764062 0.539062 0.785937 0.540625 0.787500 0.540625 0.792188 0.539062 0.793750 0.539062 0.807813 0.537500 0.809375 0.537500 0.821875 0.539062 0.823438 0.537500 0.825000 0.537500 0.850000 0.539062 0.851562 0.539062 0.857812 0.540625 0.859375 0.540625 0.860938 0.542188 0.862500 0.542188 0.864062 0.543750 0.865625 0.543750 0.867188 0.545312 0.868750 0.545312 0.870313 0.550000 0.875000 0.550000 0.876563 0.553125 0.879687 0.554688 0.879687 0.559375 0.884375 0.560937 0.884375 0.564063 0.887500 0.567187 0.887500 0.568750 0.889062 0.570312 0.889062 0.571875 0.890625 0.576562 0.890625 0.578125 0.892188 0.595313 0.892188 0.596875 0.890625 0.600000 0.890625 0.601562 0.892188 0.629687 0.892188 0.631250 0.893750 0.662500 0.893750 0.664062 0.895312 0.676562 0.895312 0.678125 0.893750 0.685937 0.893750 0.687500 0.892188 0.693750 0.892188 0.695312 0.890625 0.703125 0.890625 0.704688 0.889062 0.709375 0.889062 0.710938 0.887500 0.745313 0.887500 0.746875 0.885938 0.751563 0.885938 0.753125 0.884375 0.756250 0.884375 0.757812 0.882812 0.762500 0.882812 0.764062 0.881250 0.767188 0.881250 0.768750 0.879687 0.773438 0.879687 0.775000 0.878125 0.779687 0.878125 0.779687 0.753125 0.778125 0.751563 0.778125 0.746875 0.776563 0.745313 0.776563 0.737500 0.775000 0.735938 0.775000 0.698438 0.773438 0.696875 0.773438 0.676562 0.775000 0.675000 0.775000 0.673438 0.776563 0.671875 0.776563 0.670312 0.778125 0.668750 0.778125 0.664062 0.779687 0.662500 0.779687 0.640625 0.778125 0.639062 0.778125 0.634375 0.776563 0.632812 0.776563 0.631250 0.775000 0.629687 0.775000 0.628125 0.773438 0.626563 0.773438 0.625000 0.768750 0.620313 0.768750 0.618750 0.764062 0.614062 0.762500 0.614062 0.759375 0.610938 0.757812 0.610938 0.754687 0.607812 0.751563 0.607812 0.750000 0.606250 0.748437 0.606250 0.746875 0.604688 0.742188 0.604688 0.740625 0.603125 0.725000 0.603125 0.723437 0.601562 0.721875 0.601562 0.718750 0.598437 0.717187 0.598437 0.715625 0.596875 0.714063 0.596875 0.712500 0.595313 0.710938 0.595313 0.709375 0.593750 0.707812 0.593750 0.706250 0.592187 0.703125 0.592187 0.701562 0.590625 0.700000 0.590625 0.698438 0.589063 0.695312 0.589063 0.693750 0.587500 0.692187 0.587500 0.690625 0.585938 0.689063 0.585938 0.687500 0.584375 0.685937 0.584375 0.684375 0.582812 0.681250 0.582812 0.679688 0.581250 0.673438 0.581250 0.671875 0.579688 0.668750 0.579688 0.667188 0.578125 0.665625 0.578125 0.660937 0.573438 0.659375 0.573438 0.657813 0.571875 0.656250 0.571875 0.654687 0.570312 0.653125 0.570312 0.651563 0.568750 0.648438 0.568750 0.646875 0.567187 0.643750 0.567187 0.642188 0.565625 0.639062 0.565625 0.637500 0.564063 0.634375 0.564063 0.632812 0.562500 0.629687 0.562500 0.628125 0.560937 0.625000 0.560937 0.623437 0.559375 0.621875 0.559375 0.620313 0.557813 0.617188 0.557813 0.615625 0.556250 0.610938 0.556250 0.609375 0.554688 0.604688 0.554688 0.603125 0.553125 0.601562 0.553125 0.600000 0.551562 0.596875 0.551562 0.595313 0.550000 0.590625 0.550000 0.589063 0.548438
0 0.234375 0.071875 0.232813 0.073438 0.229687 0.073438 0.228125 0.075000 0.226562 0.075000 0.225000 0.076563 0.223438 0.076563 0.218750 0.081250 0.218750 0.201563 0.217188 0.203125 0.218750 0.204687 0.218750 0.226562 0.217188 0.228125 0.217188 0.264062 0.218750 0.265625 0.218750 0.268750 0.220312 0.270313 0.220312 0.271875 0.221875 0.273438 0.221875 0.275000 0.229687 0.282813 0.231250 0.282813 0.232813 0.284375 0.234375 0.284375 0.235937 0.285938 0.237500 0.285938 0.239063 0.287500 0.240625 0.287500 0.242188 0.289062 0.243750 0.289062 0.245312 0.290625 0.246875 0.290625 0.248438 0.292187 0.251563 0.292187 0.253125 0.293750 0.254688 0.293750 0.256250 0.295312 0.259375 0.295312 0.260937 0.296875 0.271875 0.296875 0.273438 0.298438 0.276562 0.298438 0.278125 0.300000 0.282813 0.300000 0.284375 0.301563 0.287500 0.301563 0.289062 0.303125 0.292187 0.303125 0.293750 0.304688 0.295312 0.304688 0.296875 0.306250 0.300000 0.306250 0.301563 0.307812 0.304688 0.307812 0.306250 0.309375 0.309375 0.309375 0.314063 0.314063 0.314063 0.315625 0.320312 0.315625 0.321875 0.317188 0.331250 0.317188 0.332813 0.318750 0.337500 0.318750 0.339062 0.320312 0.353125 0.320312 0.354687 0.321875 0.356250 0.321875 0.357812 0.323437 0.359375 0.323437 0.360938 0.325000 0.365625 0.325000 0.367188 0.326562 0.389062 0.326562 0.390625 0.325000 0.393750 0.325000 0.395313 0.323437 0.398438 0.323437 0.401562 0.320312 0.403125 0.320312 0.404687 0.318750 0.410938 0.318750 0.412500 0.317188 0.415625 0.317188 0.418750 0.314063 0.420312 0.314063 0.420312 0.312500 0.421875 0.310937 0.421875 0.307812 0.423438 0.306250 0.423438 0.304688 0.426563 0.301563 0.425000 0.300000 0.425000 0.273438 0.426563 0.271875 0.426563 0.251563 0.428125 0.250000 0.428125 0.243750 0.429688 0.242188 0.429688 0.240625 0.428125 0.239063 0.428125 0.231250 0.429688 0.229687 0.429688 0.204687 0.431250 0.203125 0.431250 0.151562 0.429688 0.150000 0.429688 0.146875 0.431250 0.145313 0.431250 0.134375 0.429688 0.132812 0.429688 0.128125 0.428125 0.126562 0.428125 0.104688 0.426563 0.103125 0.426563 0.100000 0.425000 0.098437 0.425000 0.096875 0.412500 0.084375 0.410938 0.084375 0.407813 0.081250 0.404687 0.081250 0.400000 0.076563 0.396875 0.076563 0.395313 0.075000 0.392188 0.075000 0.390625 0.073438 0.385937 0.073438 0.384375 0.071875 0.357812 0.071875 0.356250 0.073438 0.328125 0.073438 0.326562 0.075000 0.271875 0.075000 0.270313 0.073438 0.257812 0.073438 0.256250 0.071875
0 0.768750 0.057813 0.767188 0.059375 0.668750 0.059375 0.667188 0.060937 0.653125 0.060937 0.651563 0.062500 0.628125 0.062500 0.626563 0.064062 0.546875 0.064062 0.545312 0.065625 0.493750 0.065625 0.492188 0.067187 0.487500 0.067187 0.485938 0.068750 0.482812 0.068750 0.481250 0.070312 0.479687 0.070312 0.478125 0.071875 0.476562 0.071875 0.475000 0.073438 0.471875 0.073438 0.470313 0.075000 0.468750 0.075000 0.467187 0.076563 0.465625 0.076563 0.457813 0.084375 0.457813 0.085938 0.448437 0.095312 0.448437 0.096875 0.445312 0.100000 0.445312 0.103125 0.443750 0.104688 0.443750 0.109375 0.442188 0.110937 0.442188 0.117188 0.443750 0.118750 0.443750 0.123438 0.445312 0.125000 0.445312 0.160938 0.446875 0.162500 0.446875 0.167187 0.448437 0.168750 0.448437 0.184375 0.446875 0.185938 0.446875 0.196875 0.445312 0.198437 0.445312 0.231250 0.446875 0.232813 0.446875 0.234375 0.448437 0.235937 0.448437 0.239063 0.450000 0.240625 0.450000 0.246875 0.448437 0.248438 0.448437 0.251563 0.446875 0.253125 0.446875 0.287500 0.448437 0.289062 0.448437 0.300000 0.450000 0.301563 0.450000 0.318750 0.451562 0.320312 0.451562 0.325000 0.453125 0.326562 0.453125 0.329688 0.454688 0.331250 0.454688 0.332813 0.456250 0.334375 0.456250 0.337500 0.457813 0.339062 0.457813 0.340625 0.460938 0.343750 0.460938 0.345313 0.467187 0.351562 0.467187 0.353125 0.468750 0.354687 0.468750 0.356250 0.475000 0.362500 0.476562 0.362500 0.478125 0.364063 0.479687 0.364063 0.481250 0.365625 0.482812 0.365625 0.484375 0.367188 0.493750 0.367188 0.495312 0.365625 0.496875 0.365625 0.498437 0.364063 0.500000 0.364063 0.501563 0.362500 0.512500 0.362500 0.514062 0.360938 0.518750 0.360938 0.521875 0.357812 0.523438 0.357812 0.525000 0.356250 0.528125 0.356250 0.529687 0.354687 0.534375 0.354687 0.535937 0.353125 0.539062 0.353125 0.542188 0.350000 0.543750 0.350000 0.545312 0.348438 0.546875 0.348438 0.550000 0.345313 0.551562 0.345313 0.553125 0.343750 0.554688 0.343750 0.556250 0.342187 0.557813 0.342187 0.559375 0.340625 0.560937 0.340625 0.562500 0.339062 0.564063 0.339062 0.565625 0.337500 0.567187 0.337500 0.568750 0.335938 0.570312 0.335938 0.571875 0.334375 0.573438 0.334375 0.575000 0.332813 0.576562 0.332813 0.579688 0.329688 0.582812 0.329688 0.584375 0.328125 0.585938 0.328125 0.587500 0.326562 0.589063 0.326562 0.590625 0.325000 0.592187 0.325000 0.595313 0.321875 0.596875 0.321875 0.598437 0.320312 0.600000 0.320312 0.601562 0.318750 0.603125 0.318750 0.604688 0.317188 0.606250 0.317188 0.607812 0.315625 0.609375 0.315625 0.610938 0.314063 0.614062 0.314063 0.615625 0.312500 0.617188 0.312500 0.618750 0.310937 0.621875 0.310937 0.623437 0.309375 0.625000 0.309375 0.626563 0.307812 0.628125 0.307812 0.629687 0.306250 0.631250 0.306250 0.632812 0.304688 0.634375 0.304688 0.635938 0.303125 0.637500 0.303125 0.639062 0.301563 0.640625 0.301563 0.642188 0.300000 0.645312 0.300000 0.646875 0.298438 0.648438 0.298438 0.651563 0.295312 0.653125 0.295312 0.654687 0.293750 0.656250 0.293750 0.659375 0.290625 0.660937 0.290625 0.662500 0.289062 0.665625 0.289062 0.667188 0.287500 0.671875 0.287500 0.673438 0.285938 0.675000 0.285938 0.676562 0.284375 0.679688 0.284375 0.682813 0.281250 0.684375 0.281250 0.689063 0.276562 0.690625 0.276562 0.692187 0.275000 0.693750 0.275000 0.695312 0.273438 0.696875 0.273438 0.698438 0.271875 0.700000 0.271875 0.701562 0.270313 0.703125 0.270313 0.706250 0.267188 0.707812 0.267188 0.710938 0.264062 0.712500 0.264062 0.714063 0.262500 0.715625 0.262500 0.718750 0.259375 0.720313 0.259375 0.726562 0.253125 0.728125 0.253125 0.731250 0.250000 0.732812 0.250000 0.734375 0.248438 0.735938 0.248438 0.737500 0.246875 0.739062 0.246875 0.740625 0.245312 0.742188 0.245312 0.743750 0.243750 0.746875 0.243750 0.748437 0.242188 0.753125 0.242188 0.754687 0.240625 0.757812 0.240625 0.759375 0.239063 0.760938 0.239063 0.762500 0.237500 0.767188 0.237500 0.768750 0.235937 0.771875 0.235937 0.773438 0.234375 0.778125 0.234375 0.778125 0.231250 0.782813 0.226562 0.782813 0.221875 0.781250 0.220312 0.781250 0.195312 0.779687 0.193750 0.779687 0.182812 0.781250 0.181250 0.781250 0.114062 0.782813 0.112500 0.782813 0.089063 0.781250 0.087500 0.781250 0.057813
0 0.226562 0.307812 0.225000 0.309375 0.218750 0.309375 0.217188 0.310937 0.214062 0.310937 0.214062 0.315625 0.217188 0.318750 0.217188 0.320312 0.218750 0.321875 0.218750 0.323437 0.220312 0.325000 0.220312 0.328125 0.221875 0.329688 0.221875 0.332813 0.223438 0.334375 0.220312 0.337500 0.220312 0.339062 0.218750 0.340625 0.218750 0.342187 0.217188 0.343750 0.217188 0.346875 0.215625 0.348438 0.215625 0.353125 0.214062 0.354687 0.214062 0.368750 0.215625 0.370312 0.215625 0.375000 0.217188 0.376563 0.217188 0.379688 0.218750 0.381250 0.218750 0.384375 0.220312 0.385937 0.220312 0.389062 0.221875 0.390625 0.221875 0.410938 0.223438 0.412500 0.223438 0.421875 0.221875 0.423438 0.221875 0.431250 0.220312 0.432812 0.220312 0.478125 0.221875 0.479687 0.221875 0.484375 0.220312 0.485938 0.220312 0.500000 0.218750 0.501563 0.218750 0.506250 0.217188 0.507812 0.217188 0.510938 0.215625 0.512500 0.215625 0.534375 0.217188 0.535937 0.217188 0.539062 0.218750 0.540625 0.218750 0.545312 0.220312 0.546875 0.220312 0.592187 0.221875 0.593750 0.221875 0.650000 0.223438 0.651563 0.223438 0.668750 0.225000 0.670312 0.225000 0.682813 0.226562 0.684375 0.226562 0.709375 0.225000 0.710938 0.226562 0.712500 0.226562 0.715625 0.225000 0.717187 0.226562 0.718750 0.226562 0.723437 0.225000 0.725000 0.226562 0.726562 0.226562 0.732812 0.225000 0.734375 0.226562 0.735938 0.226562 0.737500 0.225000 0.739062 0.225000 0.740625 0.226562 0.742188 0.226562 0.743750 0.225000 0.745313 0.226562 0.746875 0.225000 0.748437 0.226562 0.750000 0.225000 0.751563 0.226562 0.753125 0.226562 0.754687 0.225000 0.756250 0.225000 0.768750 0.223438 0.770312 0.223438 0.796875 0.221875 0.798438 0.221875 0.818750 0.220312 0.820312 0.220312 0.840625 0.218750 0.842187 0.218750 0.867188 0.217188 0.868750 0.217188 0.885938 0.218750 0.887500 0.218750 0.889062 0.226562 0.889062 0.228125 0.890625 0.232813 0.890625 0.234375 0.892188 0.237500 0.892188 0.239063 0.890625 0.248438 0.890625 0.250000 0.892188 0.259375 0.892188 0.260937 0.890625 0.267188 0.890625 0.268750 0.892188 0.278125 0.892188 0.279687 0.893750 0.293750 0.893750 0.295312 0.892188 0.334375 0.892188 0.335938 0.893750 0.345313 0.893750 0.346875 0.892188 0.354687 0.892188 0.356250 0.893750 0.362500 0.893750 0.364063 0.895312 0.365625 0.895312 0.367188 0.896875 0.368750 0.896875 0.370312 0.895312 0.410938 0.895312 0.412500 0.893750 0.420312 0.893750 0.421875 0.892188 0.454688 0.892188 0.456250 0.890625 0.459375 0.890625 0.460938 0.889062 0.467187 0.889062 0.468750 0.887500 0.484375 0.887500 0.485938 0.885938 0.490625 0.885938 0.496875 0.879687 0.498437 0.879687 0.500000 0.878125 0.501563 0.878125 0.503125 0.876563 0.504687 0.876563 0.507812 0.873437 0.507812 0.871875 0.510938 0.868750 0.510938 0.851562 0.512500 0.850000 0.512500 0.840625 0.514062 0.839063 0.514062 0.832812 0.515625 0.831250 0.515625 0.829688 0.514062 0.828125 0.514062 0.806250 0.515625 0.804688 0.515625 0.790625 0.514062 0.789062 0.514062 0.787500 0.510938 0.784375 0.512500 0.782813 0.512500 0.754687 0.514062 0.753125 0.514062 0.714063 0.512500 0.712500 0.512500 0.618750 0.514062 0.617188 0.514062 0.596875 0.510938 0.593750 0.512500 0.592187 0.512500 0.585938 0.514062 0.584375 0.514062 0.575000 0.515625 0.573438 0.515625 0.570312 0.517188 0.568750 0.517188 0.501563 0.515625 0.500000 0.515625 0.481250 0.514062 0.479687 0.514062 0.450000 0.512500 0.448437 0.512500 0.443750 0.514062 0.442188 0.514062 0.431250 0.512500 0.429688 0.512500 0.425000 0.510938 0.423438 0.510938 0.420312 0.507812 0.417187 0.507812 0.415625 0.506250 0.414062 0.506250 0.412500 0.503125 0.409375 0.503125 0.407813 0.498437 0.403125 0.498437 0.401562 0.489063 0.392188 0.487500 0.392188 0.485938 0.390625 0.484375 0.390625 0.479687 0.385937 0.478125 0.385937 0.475000 0.382812 0.471875 0.382812 0.470313 0.381250 0.467187 0.381250 0.465625 0.379688 0.460938 0.379688 0.459375 0.378125 0.454688 0.378125 0.453125 0.376563 0.446875 0.376563 0.445312 0.375000 0.439063 0.375000 0.437500 0.373437 0.434375 0.373437 0.431250 0.370312 0.429688 0.370312 0.428125 0.368750 0.425000 0.368750 0.421875 0.365625 0.420312 0.365625 0.418750 0.364063 0.417187 0.364063 0.415625 0.362500 0.414062 0.362500 0.412500 0.360938 0.410938 0.360938 0.409375 0.359375 0.404687 0.359375 0.403125 0.357812 0.398438 0.357812 0.396875 0.356250 0.393750 0.356250 0.389062 0.351562 0.387500 0.351562 0.384375 0.348438 0.382812 0.348438 0.381250 0.346875 0.379688 0.346875 0.378125 0.345313 0.375000 0.345313 0.373437 0.343750 0.368750 0.343750 0.367188 0.342187 0.359375 0.342187 0.357812 0.340625 0.350000 0.340625 0.348438 0.339062 0.345313 0.339062 0.343750 0.337500 0.340625 0.337500 0.339062 0.335938 0.335938 0.335938 0.334375 0.334375 0.332813 0.334375 0.331250 0.332813 0.328125 0.332813 0.326562 0.331250 0.321875 0.331250 0.320312 0.329688 0.307812 0.329688 0.306250 0.328125 0.303125 0.328125 0.301563 0.326562 0.300000 0.326562 0.298438 0.325000 0.296875 0.325000 0.295312 0.323437 0.292187 0.323437 0.290625 0.321875 0.289062 0.321875 0.287500 0.320312 0.285938 0.320312 0.284375 0.318750 0.282813 0.318750 0.281250 0.317188 0.278125 0.317188 0.276562 0.315625 0.270313 0.315625 0.268750 0.314063 0.262500 0.314063 0.260937 0.312500 0.257812 0.312500 0.256250 0.310937 0.251563 0.310937 0.250000 0.309375 0.243750 0.309375 0.242188 0.307812
