7 0.414062 0.084375 0.382812 0.084375 0.376563 0.092188 0.353125 0.093750 0.339062 0.109375 0.309375 0.112500 0.290625 0.121875 0.273438 0.145313 0.250000 0.165625 0.240625 0.168750 0.221875 0.164062 0.221875 0.250000 0.226562 0.250000 0.242188 0.270313 0.326562 0.296875 0.367188 0.318750 0.370312 0.326562 0.400000 0.326562 0.403125 0.318750 0.423438 0.309375 0.435937 0.284375 0.439063 0.193750 0.432812 0.171875 0.432812 0.120313 0.421875 0.084375
5 0.459309 0.415625 0.278125 0.415625 0.276562 0.421875 0.221875 0.426563 0.221875 0.515625 0.228125 0.515625 0.250000 0.539062 0.282813 0.593750 0.310937 0.623437 0.339062 0.645312 0.370312 0.659375 0.393750 0.662500 0.398438 0.670312 0.429688 0.670312 0.434375 0.660937 0.448437 0.653125 0.489063 0.648438 0.501563 0.634375 0.507812 0.634375 0.507812 0.551562 0.500000 0.548438 0.485938 0.510938 0.467187 0.415625
1 0.603437 0.565625 0.567187 0.565625 0.567187 0.571875 0.545312 0.596875 0.540625 0.596875 0.540625 0.882812 0.564063 0.901563 0.589063 0.910937 0.773438 0.917188 0.782813 0.912500 0.782813 0.645312 0.618750 0.575000 0.612500 0.565625
0 0.616480 0.568766 0.560937 0.565625 0.542188 0.592187 0.534375 0.595313 0.534375 0.907813 0.576562 0.931250 0.732812 0.939063 0.734375 0.945312 0.782813 0.945312 0.782813 0.639062 0.629687 0.573438 0.623637 0.572344
0 0.773438 0.271875 0.754687 0.271875 0.754687 0.276562 0.739062 0.287500 0.571875 0.365625 0.540625 0.390625 0.540625 0.504687 0.573438 0.529687 0.757812 0.607812 0.768750 0.614062 0.770312 0.620313 0.782813 0.620313 0.782813 0.271875
5 0.241667 0.540625 0.221875 0.540625 0.221875 0.665625 0.229687 0.668750 0.240625 0.690625 0.289062 0.714063 0.364063 0.723437 0.375000 0.726562 0.376563 0.732812 0.467187 0.732812 0.470313 0.725000 0.501563 0.714063 0.501563 0.682813 0.495312 0.681250 0.492188 0.660937 0.485938 0.653125 0.459375 0.650000 0.423438 0.665625 0.375000 0.662500 0.357812 0.656250 0.332813 0.642188 0.289062 0.603125 0.254688 0.554688 0.251563 0.540625
0 0.402841 0.065625 0.232813 0.065625 0.232813 0.071875 0.221875 0.078125 0.221875 0.270313 0.362500 0.325000 0.367188 0.332813 0.404687 0.332813 0.407813 0.325000 0.431250 0.307812 0.443750 0.281250 0.443750 0.165625 0.445312 0.148438 0.451562 0.143750 0.445312 0.142187 0.443750 0.112500 0.437500 0.093750 0.410938 0.070312 0.410938 0.065625
0 0.698438 0.046875 0.679688 0.046875 0.679688 0.053125 0.670312 0.059375 0.653125 0.054688 0.618750 0.064062 0.504687 0.068750 0.490625 0.073438 0.478125 0.085938 0.467187 0.118750 0.459375 0.123438 0.459375 0.345313 0.465625 0.345313 0.479687 0.360938 0.503125 0.370312 0.504687 0.376563 0.525000 0.376563 0.529687 0.368750 0.637500 0.325000 0.782813 0.250000 0.782813 0.064062 0.753125 0.054688 0.712500 0.054688 0.707812 0.046875
2 0.774375 0.290625 0.740625 0.290625 0.735938 0.300000 0.568750 0.378125 0.553125 0.398438 0.546875 0.400000 0.546875 0.500000 0.587500 0.528125 0.770312 0.604688 0.782813 0.604688 0.782813 0.290625
5 0.251563 0.696875 0.228125 0.696875 0.228125 0.703125 0.215625 0.709375 0.215625 0.789062 0.284375 0.839063 0.335938 0.860938 0.404687 0.837500 0.409375 0.857812 0.420312 0.862500 0.423438 0.870313 0.451562 0.870313 0.453125 0.864062 0.489063 0.848437 0.495312 0.814063 0.489063 0.746875 0.482812 0.728125 0.375000 0.728125 0.315625 0.721875 0.276562 0.710938 0.262500 0.704688 0.259375 0.696875
0 0.262239 0.303125 0.221875 0.303125 0.221875 0.909375 0.425000 0.923438 0.471875 0.920312 0.498437 0.903125 0.509375 0.889062 0.514062 0.873437 0.523438 0.426563 0.507812 0.403125 0.485938 0.389062 0.290625 0.318750 0.273438 0.310937 0.270313 0.303125
4 0.680730 0.046875 0.664062 0.046875 0.659375 0.059375 0.643750 0.068750 0.603125 0.070312 0.568750 0.081250 0.496875 0.087500 0.481250 0.101562 0.473438 0.120313 0.465625 0.123438 0.465625 0.335938 0.493750 0.359375 0.509375 0.364063 0.510938 0.370312 0.526563 0.370312 0.531250 0.362500 0.598437 0.339062 0.642188 0.312500 0.782813 0.248438 0.782813 0.082812 0.721875 0.054688 0.693750 0.054688 0.689063 0.046875
