2 0.849553 0.321875 0.817266 0.323641 0.790625 0.334375 0.715625 0.364063 0.675000 0.385937 0.656250 0.387500 0.612500 0.412500 0.596875 0.431250 0.590625 0.450000 0.593019 0.490281 0.591475 0.543772 0.618750 0.575000 0.806250 0.656250 0.840625 0.664062 0.859955 0.644066 0.872298 0.620920 0.876563 0.342187 0.862500 0.332813 0.857812 0.321875
5 0.241667 0.378125 0.200000 0.378125 0.179688 0.428125 0.171875 0.439063 0.165625 0.439063 0.165625 0.640625 0.171875 0.642188 0.187500 0.692187 0.221875 0.739062 0.246875 0.821875 0.278125 0.851562 0.309375 0.860938 0.346875 0.846875 0.359375 0.834375 0.446875 0.714063 0.482812 0.654687 0.534375 0.595313 0.537500 0.582812 0.515625 0.560937 0.340625 0.448437 0.253125 0.385937 0.250000 0.378125
0 0.342027 0.059277 0.242762 0.052075 0.223217 0.055677 0.194303 0.079153 0.183366 0.102591 0.180241 0.249466 0.206803 0.277591 0.315283 0.324669 0.407347 0.360158 0.442320 0.362728 0.472666 0.345242 0.481923 0.332384 0.486039 0.312325 0.491178 0.157278 0.488053 0.116653 0.475553 0.090091 0.455694 0.068534 0.417119 0.062363 0.368772 0.061333
4 0.591145 0.090625 0.546875 0.090625 0.526563 0.115625 0.514062 0.162500 0.512500 0.228125 0.509375 0.251563 0.503125 0.253125 0.503125 0.371875 0.507812 0.371875 0.534375 0.400000 0.557813 0.407813 0.582812 0.404687 0.617188 0.385937 0.665625 0.370312 0.757812 0.325000 0.778125 0.320312 0.876563 0.276562 0.876563 0.090625 0.796875 0.090625 0.790625 0.100000 0.765625 0.104688 0.732812 0.096875 0.692187 0.101562 0.675000 0.096875 0.673438 0.090625 0.637500 0.090625 0.635938 0.096875 0.606250 0.098437 0.600000 0.090625
0 0.769947 0.085506 0.555473 0.071620 0.535937 0.084375 0.517188 0.104688 0.510938 0.120313 0.504041 0.373530 0.516898 0.390503 0.534375 0.404687 0.545312 0.407813 0.584375 0.407813 0.639062 0.381250 0.876563 0.278125 0.876563 0.098437 0.828580 0.087564 0.784375 0.085938
0 0.268183 0.323933 0.235561 0.315411 0.205216 0.322097 0.182072 0.342156 0.170370 0.369245 0.168808 0.416120 0.160995 0.942683 0.174870 0.956777 0.203183 0.966120 0.229905 0.969120 0.272594 0.968091 0.410433 0.972206 0.462558 0.972370 0.479745 0.972370 0.501469 0.971692 0.512558 0.962995 0.523495 0.953620 0.539120 0.923933 0.545370 0.895808 0.550058 0.697370 0.557870 0.606745 0.561130 0.556116 0.562673 0.475881 0.557016 0.461994 0.549816 0.450164 0.529745 0.434870 0.315683 0.348933 0.279745 0.331745
7 0.357292 0.090625 0.315625 0.090625 0.312500 0.098437 0.284375 0.110937 0.246875 0.151562 0.232813 0.153125 0.218750 0.139063 0.209375 0.137500 0.209375 0.192188 0.217188 0.195312 0.221875 0.220312 0.237500 0.253125 0.262500 0.285938 0.367188 0.328125 0.413005 0.341642 0.443864 0.338041 0.472666 0.324669 0.462894 0.290723 0.451562 0.275000 0.459375 0.270313 0.467187 0.256250 0.470313 0.235937 0.476562 0.234375 0.476562 0.189062 0.470313 0.187500 0.453125 0.151562 0.431250 0.126562 0.368750 0.098437 0.365625 0.090625
5 0.304688 0.365625 0.242188 0.365625 0.240625 0.376563 0.501563 0.553125 0.523438 0.564063 0.532813 0.562500 0.550000 0.517188 0.550000 0.509375 0.543750 0.503125 0.435937 0.425000 0.332813 0.382812 0.315625 0.373437 0.312500 0.365625
5 0.500000 0.653125 0.484375 0.653125 0.445312 0.721875 0.351562 0.845313 0.310937 0.856250 0.287500 0.856250 0.250000 0.832812 0.221875 0.806250 0.209375 0.809375 0.192188 0.835938 0.184375 0.839063 0.184375 0.920312 0.290625 0.926562 0.532813 0.904687 0.532813 0.798438 0.526563 0.796875 0.507812 0.653125
0 0.858411 0.313353 0.840409 0.307695 0.792188 0.326562 0.650000 0.387500 0.607812 0.414062 0.592187 0.439063 0.590961 0.457366 0.587875 0.543258 0.599191 0.564859 0.618750 0.578125 0.818750 0.662500 0.840625 0.662500 0.860938 0.648438 0.873437 0.617188 0.876563 0.460938 0.876563 0.414062 0.876563 0.381250 0.876563 0.356250 0.874870 0.324155
1 0.637500 0.621875 0.648438 0.623437 0.660937 0.629687 0.678125 0.632812 0.707812 0.646875 0.731250 0.654687 0.767188 0.676562 0.793750 0.685937 0.806250 0.695312 0.810937 0.695312 0.840625 0.706250 0.854688 0.720313 0.853125 0.728125 0.854688 0.801562 0.851562 0.814063 0.851562 0.851562 0.850000 0.853125 0.848437 0.885938 0.843750 0.906250 0.843750 0.920312 0.835938 0.937500 0.828125 0.943750 0.826562 0.948438 0.809375 0.953125 0.793750 0.953125 0.790625 0.956250 0.785937 0.953125 0.715625 0.953125 0.714063 0.951562 0.681250 0.951562 0.679688 0.950000 0.645312 0.951562 0.637500 0.950000 0.623437 0.934375 0.601562 0.932813 0.595313 0.925000 0.589063 0.921875 0.582812 0.893750 0.584375 0.853125 0.581250 0.843750 0.584375 0.837500 0.585938 0.812500 0.589063 0.809375 0.589063 0.803125 0.592187 0.796875 0.592187 0.768750 0.589063 0.754687 0.589063 0.692187 0.592187 0.682813 0.593750 0.648438 0.600000 0.643750 0.603125 0.632812 0.617188 0.628125 0.623437 0.623437 0.632812 0.620313 0.635938 0.621875
0 0.631250 0.607812 0.632812 0.609375 0.654687 0.609375 0.857812 0.698438 0.860938 0.700000 0.875000 0.720313 0.873437 0.915625 0.864062 0.946875 0.845313 0.964063 0.828125 0.975000 0.604688 0.975000 0.583695 0.963177 0.571875 0.950000 0.582812 0.653125 0.592187 0.631250 0.610938 0.615625 0.629687 0.607812
