4 0.566563 0.015625 0.532813 0.015625 0.532813 0.021875 0.487500 0.070312 0.479687 0.089063 0.471875 0.092188 0.471875 0.206250 0.478125 0.207813 0.479687 0.220312 0.478125 0.239063 0.471875 0.240625 0.471875 0.310937 0.478125 0.312500 0.492188 0.337500 0.515625 0.348438 0.540625 0.348438 0.585938 0.334375 0.685937 0.276562 0.732812 0.259375 0.832812 0.209375 0.845313 0.192188 0.857812 0.153125 0.864062 0.151562 0.864062 0.131250 0.859375 0.131250 0.843750 0.110937 0.837500 0.065625 0.828125 0.054688 0.734375 0.043750 0.710938 0.025000 0.676562 0.031250 0.589063 0.029687 0.578125 0.023438 0.575000 0.015625
0 0.576339 0.015625 0.528125 0.015625 0.526563 0.021875 0.507812 0.026562 0.490625 0.039062 0.479687 0.056250 0.471875 0.059375 0.471875 0.321875 0.476562 0.321875 0.498437 0.348438 0.525000 0.357812 0.526563 0.364063 0.537500 0.364063 0.539062 0.357812 0.570312 0.348438 0.700000 0.278125 0.823438 0.220312 0.842187 0.207813 0.864062 0.182812 0.870313 0.182812 0.870313 0.068750 0.826562 0.035937 0.796875 0.026562 0.590625 0.023438 0.584375 0.015625
1 0.628645 0.553125 0.584375 0.553125 0.565625 0.576562 0.559375 0.576562 0.559375 0.834375 0.564063 0.834375 0.582812 0.857812 0.631250 0.857812 0.631250 0.853125 0.640625 0.848437 0.714063 0.843750 0.742188 0.843750 0.754687 0.848437 0.759375 0.857812 0.775000 0.857812 0.778125 0.850000 0.795312 0.843750 0.810937 0.821875 0.815625 0.739062 0.831250 0.701562 0.828125 0.651563 0.807813 0.626563 0.654687 0.567187 0.640625 0.560937 0.637500 0.553125
7 0.377902 0.071875 0.329688 0.071875 0.321875 0.081250 0.260937 0.079687 0.225000 0.093750 0.207813 0.114062 0.198437 0.142187 0.184375 0.153125 0.184375 0.210938 0.192188 0.214062 0.210938 0.240625 0.225000 0.248438 0.290625 0.267188 0.331250 0.285938 0.356250 0.290625 0.378125 0.304688 0.382812 0.314063 0.414062 0.314063 0.423438 0.298438 0.421875 0.264062 0.431250 0.245312 0.439063 0.242188 0.439063 0.126562 0.432812 0.125000 0.421875 0.103125 0.389062 0.079687 0.385937 0.071875
6 0.811980 0.265625 0.770312 0.265625 0.770312 0.270313 0.756250 0.279687 0.596875 0.357812 0.565625 0.381250 0.565625 0.487500 0.600000 0.512500 0.740625 0.562500 0.773438 0.576562 0.775000 0.582812 0.798438 0.582812 0.801562 0.575000 0.815625 0.568750 0.834375 0.542188 0.834375 0.435937 0.850000 0.393750 0.850000 0.340625 0.857812 0.334375 0.857812 0.309375 0.850000 0.307812 0.837500 0.287500 0.820312 0.271875 0.820312 0.265625
0 0.821428 0.253125 0.771875 0.253125 0.771875 0.257812 0.754687 0.270313 0.589063 0.353125 0.559375 0.378125 0.559375 0.492188 0.592187 0.514062 0.770312 0.585938 0.776563 0.595313 0.818750 0.595313 0.818750 0.590625 0.839063 0.573438 0.848437 0.553125 0.856250 0.390625 0.857812 0.379688 0.864062 0.378125 0.864062 0.296875 0.857812 0.295312 0.829688 0.259375 0.829688 0.253125
0 0.637500 0.553125 0.582812 0.553125 0.560937 0.584375 0.553125 0.587500 0.553125 0.851562 0.557813 0.851562 0.578125 0.875000 0.607812 0.882812 0.609375 0.889062 0.690625 0.889062 0.692187 0.882812 0.701562 0.882812 0.703125 0.889062 0.725000 0.889062 0.726562 0.882812 0.793750 0.878125 0.815625 0.864062 0.831250 0.831250 0.843750 0.701562 0.843750 0.665625 0.839063 0.651563 0.814063 0.625000 0.648438 0.560937 0.645312 0.553125
0 0.409214 0.028125 0.185938 0.028125 0.170313 0.048438 0.153125 0.059375 0.153125 0.212500 0.157812 0.212500 0.181250 0.240625 0.200000 0.251563 0.340625 0.304688 0.393750 0.318750 0.429688 0.309375 0.443750 0.293750 0.451562 0.273438 0.457813 0.271875 0.457813 0.090625 0.451562 0.089063 0.443750 0.062500 0.417187 0.034375 0.417187 0.028125
0 0.251042 0.290625 0.184375 0.290625 0.173437 0.310937 0.165625 0.312500 0.165625 0.490625 0.173437 0.496875 0.182812 0.618750 0.181250 0.731250 0.187500 0.843750 0.203125 0.864062 0.242188 0.882812 0.243750 0.889062 0.479687 0.889062 0.481250 0.882812 0.514062 0.871875 0.532813 0.845313 0.535937 0.464062 0.529687 0.418750 0.517188 0.396875 0.500000 0.384375 0.262500 0.298438 0.259375 0.290625
5 0.185938 0.450000 0.187500 0.481250 0.209375 0.521875 0.350000 0.553125 0.379688 0.553125 0.401562 0.531250 0.428125 0.521875 0.454688 0.498437 0.481250 0.448437 0.490625 0.403125 0.468750 0.384375 0.435937 0.378125 0.235937 0.359375 0.203125 0.404687
5 0.221875 0.534375 0.218750 0.660937 0.223438 0.671875 0.243750 0.678125 0.257812 0.723437 0.275000 0.720313 0.373437 0.664062 0.476562 0.657813 0.493750 0.642188 0.506250 0.525000 0.492188 0.487500 0.464062 0.490625 0.443750 0.514062 0.406250 0.531250 0.381250 0.551562 0.351562 0.551562 0.240625 0.528125 0.225000 0.528125
5 0.229687 0.762500 0.231250 0.781250 0.242188 0.790625 0.257812 0.823438 0.268750 0.828125 0.337500 0.814063 0.434375 0.812500 0.501563 0.801562 0.514062 0.793750 0.518750 0.778125 0.518750 0.681250 0.500000 0.659375 0.437500 0.665625 0.290625 0.721875 0.257812 0.728125 0.240625 0.742188
