6 0.614375 0.596875 0.578125 0.596875 0.554688 0.631250 0.546875 0.634375 0.546875 0.681250 0.554688 0.684375 0.556250 0.692187 0.554688 0.721875 0.546875 0.728125 0.546875 0.868750 0.556250 0.876563 0.559375 0.909375 0.576562 0.928125 0.614062 0.934375 0.623437 0.956250 0.645312 0.971875 0.684375 0.967187 0.756250 0.985938 0.792188 0.985938 0.814063 0.998437 0.840625 0.998437 0.854688 0.973437 0.854688 0.937500 0.845313 0.907813 0.845313 0.879687 0.850000 0.867188 0.876563 0.848437 0.876563 0.804688 0.871875 0.804688 0.846875 0.776563 0.850000 0.739062 0.840625 0.707812 0.793750 0.662500 0.721875 0.650000 0.626563 0.604688 0.623437 0.596875
6 0.368080 0.078125 0.317188 0.078125 0.293750 0.104688 0.296875 0.132812 0.284375 0.140625 0.259375 0.142187 0.235937 0.151562 0.201563 0.148438 0.192188 0.167187 0.189062 0.212500 0.185938 0.220312 0.178125 0.223438 0.178125 0.254688 0.196875 0.260937 0.231250 0.290625 0.376563 0.342187 0.392188 0.343750 0.420312 0.329688 0.435937 0.306250 0.439063 0.256250 0.445312 0.254688 0.445312 0.106250 0.429688 0.098437 0.384375 0.089063 0.376563 0.084375 0.376563 0.078125
7 0.313437 0.659375 0.279687 0.659375 0.276562 0.667188 0.254688 0.679688 0.231250 0.684375 0.203125 0.717187 0.184375 0.728125 0.184375 0.742188 0.190625 0.743750 0.198437 0.776563 0.217188 0.815625 0.215625 0.826562 0.192188 0.862500 0.184375 0.865625 0.184375 0.907813 0.209375 0.920312 0.232813 0.923438 0.290625 0.920312 0.306250 0.925000 0.345313 0.925000 0.371875 0.918750 0.395313 0.926562 0.426563 0.925000 0.468750 0.914062 0.496875 0.882812 0.501563 0.882812 0.501563 0.823438 0.495312 0.823438 0.468750 0.798438 0.421875 0.789062 0.403125 0.740625 0.360938 0.725000 0.346875 0.709375 0.321875 0.659375
2 0.822852 0.296875 0.764062 0.296875 0.751563 0.310937 0.570312 0.400000 0.557813 0.415625 0.553125 0.415625 0.553125 0.528125 0.587500 0.550000 0.784375 0.631250 0.787500 0.639062 0.818750 0.639062 0.821875 0.631250 0.840625 0.620313 0.853125 0.598437 0.854688 0.526563 0.868750 0.490625 0.876563 0.487500 0.876563 0.451562 0.870313 0.450000 0.857812 0.421875 0.853125 0.329688 0.831250 0.296875
0 0.827930 0.278125 0.771875 0.278125 0.768750 0.285938 0.660937 0.345313 0.593750 0.370312 0.559375 0.390625 0.548438 0.407813 0.540625 0.409375 0.540625 0.525000 0.578125 0.553125 0.660937 0.590625 0.732812 0.615625 0.800000 0.645312 0.801562 0.651563 0.820312 0.651563 0.823438 0.643750 0.840625 0.635938 0.859375 0.614062 0.867188 0.582812 0.865625 0.484375 0.870313 0.450000 0.862500 0.339062 0.835938 0.278125
4 0.607812 0.053125 0.598437 0.053125 0.598437 0.057813 0.575000 0.078125 0.512500 0.081250 0.495312 0.089063 0.468750 0.129688 0.465625 0.165625 0.470313 0.196875 0.465625 0.212500 0.459375 0.214062 0.459375 0.257812 0.465625 0.259375 0.470313 0.270313 0.470313 0.340625 0.482812 0.371875 0.510938 0.382812 0.512500 0.389062 0.517188 0.382812 0.537500 0.378125 0.617188 0.340625 0.656250 0.332813 0.695312 0.301563 0.832812 0.232813 0.856250 0.201563 0.865625 0.146875 0.870313 0.137500 0.876563 0.137500 0.876563 0.123438 0.868750 0.120313 0.856250 0.085938 0.839063 0.065625 0.732812 0.068750 0.720313 0.059375 0.720313 0.053125 0.695312 0.053125 0.695312 0.057813 0.682813 0.065625 0.639062 0.067187 0.620313 0.060937 0.617188 0.053125
0 0.622852 0.590625 0.564063 0.590625 0.564063 0.596875 0.539062 0.625000 0.534375 0.625000 0.534375 0.945312 0.542188 0.948438 0.548438 0.967187 0.568750 0.984375 0.625000 0.992188 0.639062 0.998437 0.846875 0.998437 0.864062 0.960938 0.867188 0.906250 0.862500 0.867188 0.873437 0.834375 0.870313 0.739062 0.862500 0.717187 0.851562 0.701562 0.825000 0.679688 0.792188 0.662500 0.646875 0.607812 0.631250 0.596875 0.631250 0.590625
0 0.816244 0.054095 0.578125 0.071875 0.539062 0.070312 0.484375 0.082812 0.467187 0.104688 0.459375 0.107813 0.459375 0.360938 0.489063 0.381250 0.492188 0.389062 0.537500 0.389062 0.539062 0.382812 0.615625 0.342187 0.790625 0.259375 0.848870 0.228233 0.864062 0.198437 0.870313 0.142187 0.868750 0.120313 0.856250 0.079687 0.843750 0.067187 0.826562 0.059375
0 0.270313 0.084375 0.225000 0.093750 0.196875 0.112500 0.184375 0.128125 0.173437 0.162500 0.171875 0.185938 0.165625 0.187500 0.165625 0.259375 0.187500 0.278125 0.209375 0.289062 0.373437 0.343750 0.400000 0.343750 0.428125 0.325000 0.439063 0.301563 0.443750 0.187500 0.445312 0.173437 0.445312 0.118750 0.439063 0.104688 0.414062 0.085938 0.326562 0.084375 0.310937 0.087500 0.292187 0.085938
0 0.246702 0.321875 0.214573 0.315256 0.214573 0.315256 0.182812 0.321875 0.160938 0.364063 0.143750 0.634375 0.134375 0.701562 0.128125 0.703125 0.128125 0.918750 0.167187 0.943750 0.248438 0.951562 0.250000 0.957812 0.498437 0.957812 0.507812 0.926562 0.509375 0.750000 0.517188 0.660937 0.518750 0.570312 0.520312 0.562500 0.526563 0.560937 0.526563 0.446875 0.518750 0.443750 0.507812 0.425000 0.484375 0.410938 0.429688 0.398438 0.346875 0.362500 0.287500 0.343750 0.259375 0.331250
5 0.325000 0.396875 0.184375 0.396875 0.184375 0.493750 0.190625 0.495312 0.235937 0.576562 0.282813 0.640625 0.314063 0.656250 0.328125 0.668750 0.354687 0.721875 0.439063 0.742188 0.451562 0.734375 0.456250 0.720313 0.468750 0.631250 0.484375 0.571875 0.481250 0.556250 0.490625 0.493750 0.501563 0.457813 0.514062 0.450000 0.514062 0.432812 0.500000 0.426563 0.445312 0.421875 0.392188 0.409375 0.346875 0.406250 0.334375 0.403125 0.332813 0.396875
5 0.267500 0.346875 0.231250 0.346875 0.229687 0.356250 0.221875 0.357812 0.221875 0.398438 0.284375 0.400000 0.293750 0.401562 0.295312 0.407813 0.364063 0.407813 0.364063 0.403125 0.356250 0.401562 0.325000 0.376563 0.279687 0.354687 0.276562 0.351562 0.276562 0.346875
