4 0.431250 0.129688 0.431250 0.285938 0.451562 0.317188 0.471875 0.326562 0.490625 0.326562 0.629687 0.265625 0.662500 0.242188 0.748437 0.198437 0.760938 0.184375 0.760938 0.131250 0.768750 0.107813 0.759375 0.078125 0.739062 0.062500 0.714063 0.054688 0.625000 0.062500 0.512500 0.062500 0.460938 0.084375 0.442188 0.104688
3 0.515625 0.354687 0.515625 0.437500 0.534375 0.465625 0.715625 0.539062 0.748437 0.540625 0.778125 0.517188 0.782813 0.507812 0.782813 0.425000 0.776563 0.395313 0.781250 0.359375 0.779687 0.323437 0.770312 0.301563 0.776563 0.284375 0.764062 0.260937 0.746875 0.245312 0.710938 0.243750 0.662500 0.278125 0.643750 0.285938 0.632812 0.282813 0.598437 0.306250 0.542188 0.329688
1 0.521875 0.542334 0.523438 0.678272 0.515625 0.717334 0.526563 0.753272 0.521875 0.786084 0.532813 0.817334 0.546875 0.820459 0.564063 0.842334 0.590625 0.848584 0.639062 0.836084 0.725000 0.836084 0.734375 0.825147 0.751563 0.820459 0.759375 0.797022 0.787500 0.768897 0.784375 0.725147 0.793750 0.689209 0.781250 0.618897 0.754687 0.587647 0.732812 0.573584 0.654687 0.537647 0.604688 0.522022 0.595313 0.511084 0.534375 0.520459
5 0.284375 0.454688 0.271875 0.507812 0.271875 0.579688 0.278125 0.618750 0.331250 0.646875 0.357812 0.668750 0.365625 0.667188 0.457813 0.587500 0.475000 0.565625 0.478125 0.548438 0.412500 0.464062 0.328125 0.373437 0.309375 0.382812
5 0.125000 0.590241 0.128125 0.735553 0.139063 0.769928 0.137500 0.824616 0.151562 0.844928 0.173437 0.849616 0.317188 0.840241 0.329688 0.833991 0.407813 0.830866 0.456250 0.818366 0.457813 0.810553 0.400000 0.716803 0.332813 0.651178 0.246875 0.610553 0.178125 0.594928
5 0.204836 0.410591 0.206398 0.476216 0.217336 0.526216 0.226711 0.480903 0.242336 0.444966 0.264211 0.444966 0.293898 0.457466 0.306398 0.434028 0.332961 0.430903 0.432961 0.544966 0.445461 0.552778 0.453273 0.543403 0.478273 0.471528 0.473586 0.457466 0.334523 0.388716 0.243898 0.365278 0.225148 0.365278 0.215773 0.371528
5 0.225000 0.465625 0.220312 0.529687 0.234375 0.604688 0.275000 0.617188 0.271875 0.514062 0.295312 0.404687 0.250000 0.382812 0.235937 0.410938
5 0.367188 0.671875 0.367188 0.681250 0.425000 0.748437 0.442188 0.729688 0.442188 0.717187 0.414062 0.656250 0.396875 0.645312
5 0.182812 0.553125 0.181250 0.589063 0.201563 0.593750 0.206250 0.590625 0.207813 0.545312 0.189062 0.545312
5 0.189062 0.550000 0.201563 0.568750 0.200000 0.581250 0.190625 0.584375 0.204687 0.596875 0.231250 0.601562 0.221875 0.528125 0.217188 0.525000 0.200000 0.550000
7 0.206250 0.132812 0.190625 0.160938 0.203125 0.170313 0.223438 0.203125 0.225000 0.217188 0.217188 0.229687 0.221875 0.246875 0.314063 0.282813 0.357812 0.287500 0.387500 0.279687 0.367188 0.265625 0.387500 0.239063 0.398438 0.196875 0.393750 0.173437 0.379688 0.148438 0.337500 0.135937 0.285938 0.154688 0.268750 0.154688 0.251563 0.132812 0.223438 0.121875 0.212500 0.121875
0 0.723437 0.245312 0.721875 0.246875 0.712500 0.246875 0.710938 0.248438 0.707812 0.248438 0.706250 0.250000 0.704688 0.250000 0.703125 0.251563 0.693750 0.251563 0.692187 0.253125 0.685937 0.253125 0.684375 0.254688 0.679688 0.254688 0.678125 0.256250 0.676562 0.256250 0.675000 0.257812 0.673438 0.257812 0.671875 0.259375 0.670312 0.259375 0.667188 0.262500 0.665625 0.262500 0.660937 0.267188 0.659375 0.267188 0.657813 0.268750 0.656250 0.268750 0.654687 0.270313 0.653125 0.270313 0.651563 0.271875 0.648438 0.271875 0.646875 0.273438 0.643750 0.273438 0.642188 0.275000 0.639062 0.275000 0.637500 0.276562 0.635938 0.276562 0.634375 0.278125 0.632812 0.278125 0.631250 0.279687 0.629687 0.279687 0.625000 0.284375 0.623437 0.284375 0.621875 0.285938 0.620313 0.285938 0.618750 0.287500 0.617188 0.287500 0.615625 0.289062 0.610938 0.289062 0.609375 0.290625 0.607812 0.290625 0.606250 0.292187 0.603125 0.292187 0.601562 0.293750 0.596875 0.293750 0.595313 0.295312 0.592187 0.295312 0.589063 0.298438 0.587500 0.298438 0.585938 0.300000 0.582812 0.300000 0.581250 0.301563 0.579688 0.301563 0.578125 0.303125 0.575000 0.303125 0.571875 0.306250 0.570312 0.306250 0.567187 0.309375 0.565625 0.309375 0.564063 0.310937 0.560937 0.310937 0.557813 0.314063 0.556250 0.314063 0.553125 0.317188 0.551562 0.317188 0.548438 0.320312 0.546875 0.320312 0.543750 0.323437 0.542188 0.323437 0.535937 0.329688 0.535937 0.331250 0.529687 0.337500 0.529687 0.340625 0.525000 0.345313 0.525000 0.346875 0.521875 0.350000 0.521875 0.351562 0.520312 0.353125 0.520312 0.354687 0.518750 0.356250 0.518750 0.359375 0.517188 0.360938 0.517188 0.365625 0.515625 0.367188 0.515625 0.454688 0.517188 0.456250 0.517188 0.460938 0.518750 0.462500 0.520312 0.462500 0.529687 0.471875 0.529687 0.473438 0.535937 0.473438 0.537500 0.475000 0.543750 0.475000 0.545312 0.476562 0.551562 0.476562 0.553125 0.478125 0.556250 0.478125 0.557813 0.479687 0.560937 0.479687 0.562500 0.481250 0.564063 0.481250 0.565625 0.482812 0.568750 0.482812 0.570312 0.484375 0.571875 0.484375 0.573438 0.485938 0.576562 0.485938 0.578125 0.487500 0.579688 0.487500 0.582812 0.490625 0.584375 0.490625 0.589063 0.495312 0.590625 0.495312 0.592187 0.496875 0.593750 0.495312 0.598437 0.495312 0.600000 0.496875 0.601562 0.496875 0.603125 0.498437 0.606250 0.498437 0.607812 0.500000 0.610938 0.500000 0.612500 0.501563 0.614062 0.501563 0.615625 0.503125 0.618750 0.503125 0.620313 0.504687 0.621875 0.504687 0.623437 0.506250 0.625000 0.506250 0.626563 0.507812 0.628125 0.507812 0.629687 0.509375 0.632812 0.509375 0.634375 0.510938 0.637500 0.510938 0.639062 0.512500 0.642188 0.512500 0.643750 0.514062 0.646875 0.514062 0.650000 0.517188 0.651563 0.517188 0.653125 0.518750 0.656250 0.518750 0.657813 0.520312 0.659375 0.520312 0.660937 0.521875 0.664062 0.521875 0.665625 0.523438 0.667188 0.523438 0.668750 0.525000 0.670312 0.525000 0.671875 0.526563 0.675000 0.526563 0.676562 0.528125 0.679688 0.528125 0.681250 0.529687 0.684375 0.529687 0.685937 0.531250 0.692187 0.531250 0.693750 0.532813 0.696875 0.532813 0.698438 0.534375 0.701562 0.534375 0.703125 0.535937 0.709375 0.535937 0.710938 0.537500 0.717187 0.537500 0.718750 0.539062 0.737500 0.539062 0.739062 0.537500 0.745313 0.537500 0.746875 0.535937 0.750000 0.535937 0.751563 0.534375 0.753125 0.534375 0.754687 0.532813 0.756250 0.532813 0.757812 0.531250 0.759375 0.531250 0.760938 0.529687 0.762500 0.529687 0.767188 0.525000 0.768750 0.525000 0.773438 0.520312 0.773438 0.518750 0.778125 0.514062 0.778125 0.512500 0.779687 0.510938 0.779687 0.509375 0.781250 0.507812 0.781250 0.506250 0.782813 0.504687 0.782813 0.503125 0.784375 0.501563 0.784375 0.498437 0.785937 0.496875 0.785937 0.489063 0.787500 0.487500 0.787500 0.478125 0.785937 0.476562 0.785937 0.473438 0.787500 0.471875 0.787500 0.440625 0.785937 0.439063 0.785937 0.431250 0.784375 0.429688 0.784375 0.390625 0.782813 0.389062 0.782813 0.295312 0.781250 0.293750 0.781250 0.287500 0.779687 0.285938 0.779687 0.282813 0.778125 0.281250 0.778125 0.279687 0.776563 0.278125 0.776563 0.276562 0.775000 0.275000 0.775000 0.273438 0.773438 0.271875 0.773438 0.270313 0.759375 0.256250 0.757812 0.256250 0.754687 0.253125 0.753125 0.253125 0.751563 0.251563 0.750000 0.251563 0.748437 0.250000 0.745313 0.250000 0.743750 0.248438 0.740625 0.248438 0.739062 0.246875 0.731250 0.246875 0.729688 0.245312
0 0.621875 0.057813 0.620313 0.059375 0.612500 0.059375 0.610938 0.060937 0.590625 0.060937 0.589063 0.062500 0.540625 0.062500 0.537500 0.059375 0.532813 0.059375 0.531250 0.060937 0.510938 0.060937 0.509375 0.062500 0.503125 0.062500 0.501563 0.064062 0.496875 0.064062 0.495312 0.065625 0.479687 0.065625 0.478125 0.067187 0.471875 0.067187 0.470313 0.068750 0.467187 0.068750 0.465625 0.070312 0.464062 0.070312 0.462500 0.071875 0.460938 0.071875 0.459375 0.073438 0.457813 0.073438 0.456250 0.075000 0.454688 0.075000 0.450000 0.079687 0.448437 0.079687 0.443750 0.084375 0.443750 0.085938 0.439063 0.090625 0.439063 0.092188 0.437500 0.093750 0.437500 0.095312 0.435937 0.096875 0.435937 0.098437 0.434375 0.100000 0.434375 0.101562 0.432812 0.103125 0.432812 0.107813 0.431250 0.109375 0.431250 0.115625 0.429688 0.117188 0.429688 0.203125 0.431250 0.204687 0.431250 0.212500 0.432812 0.214062 0.432812 0.218750 0.434375 0.220312 0.434375 0.246875 0.435937 0.248438 0.435937 0.259375 0.437500 0.260937 0.437500 0.282813 0.439063 0.284375 0.439063 0.290625 0.440625 0.292187 0.440625 0.295312 0.442188 0.296875 0.442188 0.298438 0.443750 0.300000 0.443750 0.301563 0.445312 0.303125 0.445312 0.304688 0.448437 0.307812 0.448437 0.309375 0.454688 0.315625 0.456250 0.315625 0.462500 0.321875 0.464062 0.321875 0.465625 0.323437 0.468750 0.323437 0.470313 0.325000 0.471875 0.325000 0.473438 0.326562 0.476562 0.326562 0.478125 0.328125 0.493750 0.328125 0.495312 0.326562 0.496875 0.326562 0.498437 0.325000 0.500000 0.325000 0.503125 0.321875 0.504687 0.321875 0.506250 0.320312 0.506250 0.318750 0.507812 0.317188 0.510938 0.317188 0.512500 0.315625 0.515625 0.315625 0.517188 0.314063 0.518750 0.314063 0.520312 0.312500 0.523438 0.312500 0.525000 0.310937 0.528125 0.310937 0.529687 0.309375 0.531250 0.309375 0.534375 0.306250 0.537500 0.306250 0.539062 0.304688 0.540625 0.304688 0.542188 0.303125 0.543750 0.303125 0.545312 0.301563 0.546875 0.301563 0.548438 0.300000 0.550000 0.300000 0.551562 0.298438 0.553125 0.298438 0.557813 0.293750 0.559375 0.293750 0.560937 0.292187 0.562500 0.292187 0.564063 0.290625 0.565625 0.290625 0.567187 0.289062 0.568750 0.289062 0.570312 0.287500 0.571875 0.287500 0.573438 0.285938 0.575000 0.285938 0.576562 0.284375 0.579688 0.284375 0.581250 0.282813 0.584375 0.282813 0.585938 0.281250 0.587500 0.281250 0.589063 0.279687 0.590625 0.279687 0.592187 0.278125 0.595313 0.278125 0.596875 0.276562 0.601562 0.276562 0.603125 0.275000 0.604688 0.275000 0.606250 0.273438 0.607812 0.273438 0.609375 0.271875 0.610938 0.271875 0.612500 0.270313 0.614062 0.270313 0.615625 0.268750 0.618750 0.268750 0.620313 0.267188 0.621875 0.267188 0.625000 0.264062 0.626563 0.264062 0.628125 0.262500 0.631250 0.262500 0.632812 0.260937 0.634375 0.260937 0.635938 0.259375 0.637500 0.259375 0.639062 0.257812 0.640625 0.257812 0.643750 0.254688 0.645312 0.254688 0.646875 0.253125 0.648438 0.253125 0.651563 0.250000 0.653125 0.250000 0.654687 0.248438 0.656250 0.248438 0.659375 0.245312 0.660937 0.245312 0.662500 0.243750 0.664062 0.243750 0.670312 0.237500 0.671875 0.237500 0.675000 0.234375 0.676562 0.234375 0.678125 0.232813 0.679688 0.232813 0.681250 0.231250 0.682813 0.231250 0.684375 0.229687 0.685937 0.229687 0.687500 0.228125 0.689063 0.228125 0.690625 0.226562 0.692187 0.226562 0.695312 0.223438 0.696875 0.223438 0.698438 0.221875 0.701562 0.221875 0.703125 0.220312 0.704688 0.220312 0.706250 0.218750 0.707812 0.218750 0.709375 0.217188 0.710938 0.217188 0.712500 0.215625 0.714063 0.215625 0.717187 0.212500 0.720313 0.212500 0.721875 0.210938 0.725000 0.210938 0.726562 0.209375 0.728125 0.209375 0.729688 0.207813 0.731250 0.207813 0.732812 0.206250 0.734375 0.206250 0.735938 0.204687 0.737500 0.204687 0.739062 0.203125 0.740625 0.203125 0.742188 0.201563 0.743750 0.201563 0.745313 0.200000 0.748437 0.200000 0.750000 0.198437 0.753125 0.198437 0.754687 0.196875 0.754687 0.193750 0.757812 0.190625 0.757812 0.187500 0.759375 0.185938 0.759375 0.184375 0.760938 0.182812 0.760938 0.181250 0.770312 0.171875 0.771875 0.171875 0.771875 0.165625 0.773438 0.164062 0.773438 0.150000 0.775000 0.148438 0.775000 0.123438 0.776563 0.121875 0.776563 0.103125 0.775000 0.101562 0.773438 0.101562 0.771875 0.100000 0.771875 0.098437 0.757812 0.084375 0.757812 0.071875 0.756250 0.071875 0.751563 0.067187 0.750000 0.067187 0.748437 0.065625 0.746875 0.065625 0.745313 0.064062 0.743750 0.064062 0.742188 0.062500 0.740625 0.062500 0.739062 0.060937 0.735938 0.060937 0.734375 0.059375 0.726562 0.059375 0.725000 0.057813 0.701562 0.057813 0.700000 0.059375 0.690625 0.059375 0.689063 0.060937 0.679688 0.060937 0.678125 0.062500 0.675000 0.062500 0.673438 0.060937 0.671875 0.060937 0.670312 0.059375 0.625000 0.059375 0.623437 0.057813
0 0.192188 0.068750 0.190625 0.070312 0.189062 0.070312 0.187500 0.071875 0.185938 0.071875 0.182812 0.075000 0.181250 0.075000 0.171875 0.084375 0.171875 0.085938 0.168750 0.089063 0.168750 0.090625 0.167187 0.092188 0.167187 0.093750 0.165625 0.095312 0.165625 0.096875 0.164062 0.098437 0.164062 0.103125 0.162500 0.104688 0.162500 0.162500 0.160938 0.164062 0.160938 0.203125 0.162500 0.204687 0.162500 0.209375 0.164062 0.210938 0.164062 0.212500 0.165625 0.214062 0.165625 0.215625 0.167187 0.217188 0.167187 0.218750 0.168750 0.220312 0.168750 0.221875 0.181250 0.234375 0.182812 0.234375 0.185938 0.237500 0.187500 0.237500 0.189062 0.239063 0.190625 0.239063 0.193750 0.242188 0.195312 0.242188 0.198437 0.245312 0.201563 0.245312 0.203125 0.246875 0.204687 0.246875 0.207813 0.250000 0.210938 0.250000 0.212500 0.251563 0.214062 0.251563 0.215625 0.253125 0.220312 0.253125 0.221875 0.254688 0.229687 0.254688 0.231250 0.256250 0.240625 0.256250 0.242188 0.257812 0.245312 0.257812 0.246875 0.259375 0.248438 0.259375 0.250000 0.260937 0.253125 0.260937 0.254688 0.262500 0.260937 0.262500 0.262500 0.264062 0.268750 0.264062 0.270313 0.265625 0.273438 0.265625 0.276562 0.268750 0.279687 0.268750 0.281250 0.270313 0.284375 0.270313 0.285938 0.271875 0.290625 0.271875 0.292187 0.273438 0.295312 0.273438 0.296875 0.275000 0.300000 0.275000 0.301563 0.276562 0.303125 0.276562 0.304688 0.278125 0.307812 0.278125 0.309375 0.279687 0.312500 0.279687 0.314063 0.281250 0.317188 0.281250 0.320312 0.284375 0.321875 0.284375 0.323437 0.285938 0.325000 0.285938 0.326562 0.287500 0.329688 0.287500 0.331250 0.289062 0.332813 0.289062 0.334375 0.290625 0.337500 0.290625 0.339062 0.292187 0.342187 0.292187 0.343750 0.293750 0.350000 0.293750 0.351562 0.295312 0.367188 0.295312 0.368750 0.293750 0.375000 0.293750 0.376563 0.292187 0.379688 0.292187 0.381250 0.290625 0.382812 0.290625 0.384375 0.289062 0.384375 0.287500 0.385937 0.285938 0.387500 0.285938 0.389062 0.284375 0.393750 0.284375 0.395313 0.282813 0.396875 0.282813 0.398438 0.281250 0.400000 0.281250 0.404687 0.276562 0.404687 0.275000 0.406250 0.273438 0.406250 0.267188 0.407813 0.265625 0.407813 0.262500 0.409375 0.260937 0.409375 0.254688 0.410938 0.253125 0.410938 0.250000 0.412500 0.248438 0.412500 0.243750 0.414062 0.242188 0.414062 0.190625 0.412500 0.189062 0.412500 0.182812 0.410938 0.181250 0.410938 0.173437 0.409375 0.171875 0.409375 0.139063 0.407813 0.137500 0.407813 0.115625 0.406250 0.114062 0.406250 0.104688 0.404687 0.103125 0.404687 0.101562 0.400000 0.096875 0.400000 0.078125 0.398438 0.078125 0.393750 0.073438 0.392188 0.073438 0.390625 0.071875 0.389062 0.071875 0.387500 0.070312 0.259375 0.070312 0.257812 0.068750 0.256250 0.070312 0.254688 0.070312 0.253125 0.068750 0.251563 0.070312 0.250000 0.070312 0.248438 0.068750 0.246875 0.070312 0.245312 0.070312 0.243750 0.068750
0 0.181250 0.264062 0.179688 0.265625 0.178125 0.265625 0.176563 0.267188 0.175000 0.267188 0.173437 0.268750 0.171875 0.268750 0.171875 0.276562 0.170313 0.278125 0.170313 0.285938 0.171875 0.287500 0.168750 0.290625 0.167187 0.290625 0.165625 0.292187 0.164062 0.292187 0.154688 0.301563 0.154688 0.303125 0.151562 0.306250 0.151562 0.307812 0.150000 0.309375 0.150000 0.312500 0.148438 0.314063 0.148438 0.318750 0.146875 0.320312 0.146875 0.334375 0.148438 0.335938 0.148438 0.337500 0.146875 0.339062 0.146875 0.364063 0.145313 0.365625 0.145313 0.375000 0.146875 0.376563 0.146875 0.381250 0.145313 0.382812 0.145313 0.398438 0.146875 0.400000 0.145313 0.401562 0.145313 0.426563 0.143750 0.428125 0.143750 0.439063 0.145313 0.440625 0.145313 0.445312 0.143750 0.446875 0.143750 0.471875 0.142187 0.473438 0.142187 0.479687 0.143750 0.481250 0.143750 0.489063 0.142187 0.490625 0.142187 0.504687 0.143750 0.506250 0.143750 0.507812 0.142187 0.509375 0.142187 0.534375 0.140625 0.535937 0.140625 0.545312 0.142187 0.546875 0.142187 0.553125 0.140625 0.554688 0.140625 0.570312 0.142187 0.571875 0.140625 0.573438 0.140625 0.596875 0.139063 0.598437 0.139063 0.610938 0.140625 0.612500 0.140625 0.615625 0.139063 0.617188 0.139063 0.643750 0.137500 0.645312 0.137500 0.650000 0.139063 0.651563 0.139063 0.660937 0.137500 0.662500 0.137500 0.675000 0.139063 0.676562 0.139063 0.679688 0.137500 0.681250 0.137500 0.706250 0.135937 0.707812 0.135937 0.715625 0.137500 0.717187 0.137500 0.723437 0.135937 0.725000 0.135937 0.740625 0.137500 0.742188 0.135937 0.743750 0.135937 0.768750 0.134375 0.770312 0.134375 0.781250 0.135937 0.782813 0.135937 0.785937 0.134375 0.787500 0.134375 0.815625 0.132812 0.817187 0.132812 0.820312 0.134375 0.821875 0.134375 0.829688 0.135937 0.831250 0.135937 0.834375 0.137500 0.835938 0.137500 0.837500 0.139063 0.839063 0.139063 0.840625 0.143750 0.845313 0.143750 0.846875 0.146875 0.850000 0.148438 0.850000 0.153125 0.854688 0.154688 0.854688 0.156250 0.856250 0.157812 0.856250 0.159375 0.857812 0.162500 0.857812 0.164062 0.859375 0.170313 0.859375 0.171875 0.860938 0.181250 0.860938 0.182812 0.859375 0.206250 0.859375 0.207813 0.857812 0.217188 0.857812 0.220312 0.860938 0.223438 0.860938 0.225000 0.862500 0.228125 0.862500 0.229687 0.864062 0.234375 0.864062 0.235937 0.865625 0.271875 0.865625 0.273438 0.864062 0.285938 0.864062 0.287500 0.862500 0.296875 0.862500 0.298438 0.860938 0.304688 0.860938 0.306250 0.859375 0.323437 0.859375 0.325000 0.857812 0.376563 0.857812 0.378125 0.859375 0.389062 0.859375 0.390625 0.860938 0.398438 0.860938 0.400000 0.862500 0.423438 0.862500 0.425000 0.860938 0.432812 0.860938 0.434375 0.859375 0.435937 0.859375 0.437500 0.857812 0.440625 0.857812 0.442188 0.856250 0.462500 0.856250 0.464062 0.854688 0.467187 0.854688 0.468750 0.853125 0.470313 0.853125 0.471875 0.851562 0.473438 0.851562 0.479687 0.845313 0.479687 0.843750 0.482812 0.840625 0.482812 0.837500 0.484375 0.835938 0.484375 0.818750 0.485938 0.817187 0.485938 0.814063 0.487500 0.812500 0.487500 0.795312 0.489063 0.793750 0.489063 0.789062 0.490625 0.787500 0.490625 0.779687 0.492188 0.778125 0.492188 0.642188 0.493750 0.640625 0.493750 0.575000 0.492188 0.573438 0.492188 0.526563 0.493750 0.525000 0.493750 0.484375 0.495312 0.482812 0.495312 0.450000 0.496875 0.448437 0.496875 0.420312 0.498437 0.418750 0.498437 0.417187 0.500000 0.415625 0.500000 0.414062 0.501563 0.412500 0.501563 0.407813 0.503125 0.406250 0.503125 0.387500 0.501563 0.385937 0.501563 0.382812 0.500000 0.381250 0.500000 0.379688 0.498437 0.378125 0.498437 0.376563 0.496875 0.375000 0.496875 0.373437 0.493750 0.370312 0.492188 0.370312 0.490625 0.368750 0.489063 0.368750 0.487500 0.367188 0.485938 0.367188 0.484375 0.365625 0.479687 0.365625 0.478125 0.364063 0.473438 0.364063 0.471875 0.362500 0.470313 0.362500 0.468750 0.360938 0.467187 0.360938 0.465625 0.359375 0.464062 0.359375 0.462500 0.357812 0.456250 0.357812 0.454688 0.356250 0.451562 0.356250 0.450000 0.354687 0.448437 0.354687 0.446875 0.353125 0.445312 0.353125 0.443750 0.351562 0.439063 0.351562 0.437500 0.350000 0.432812 0.350000 0.431250 0.348438 0.429688 0.348438 0.428125 0.346875 0.426563 0.346875 0.425000 0.345313 0.423438 0.345313 0.421875 0.343750 0.415625 0.343750 0.414062 0.342187 0.410938 0.342187 0.409375 0.340625 0.407813 0.340625 0.406250 0.339062 0.404687 0.339062 0.403125 0.337500 0.398438 0.337500 0.396875 0.335938 0.392188 0.335938 0.390625 0.334375 0.389062 0.334375 0.387500 0.332813 0.385937 0.332813 0.384375 0.331250 0.382812 0.331250 0.381250 0.329688 0.375000 0.329688 0.373437 0.328125 0.370312 0.328125 0.368750 0.326562 0.367188 0.326562 0.365625 0.325000 0.364063 0.325000 0.362500 0.323437 0.357812 0.323437 0.356250 0.321875 0.351562 0.321875 0.350000 0.320312 0.348438 0.320312 0.346875 0.318750 0.345313 0.318750 0.343750 0.317188 0.342187 0.317188 0.340625 0.315625 0.334375 0.315625 0.332813 0.314063 0.329688 0.314063 0.328125 0.312500 0.326562 0.312500 0.325000 0.310937 0.323437 0.310937 0.321875 0.309375 0.317188 0.309375 0.315625 0.307812 0.312500 0.307812 0.310937 0.306250 0.307812 0.306250 0.306250 0.304688 0.304688 0.304688 0.303125 0.303125 0.301563 0.303125 0.300000 0.301563 0.293750 0.301563 0.292187 0.300000 0.289062 0.300000 0.287500 0.298438 0.285938 0.298438 0.284375 0.296875 0.282813 0.296875 0.281250 0.295312 0.276562 0.295312 0.275000 0.293750 0.271875 0.293750 0.270313 0.292187 0.267188 0.292187 0.265625 0.290625 0.264062 0.290625 0.262500 0.289062 0.260937 0.289062 0.259375 0.287500 0.253125 0.287500 0.251563 0.285938 0.248438 0.285938 0.246875 0.284375 0.245312 0.284375 0.242188 0.281250 0.235937 0.281250 0.234375 0.279687 0.231250 0.279687 0.229687 0.278125 0.226562 0.278125 0.225000 0.276562 0.223438 0.276562 0.221875 0.275000 0.220312 0.275000 0.218750 0.273438 0.212500 0.273438 0.210938 0.271875 0.207813 0.271875 0.206250 0.270313 0.204687 0.270313 0.201563 0.267188 0.195312 0.267188 0.193750 0.265625 0.190625 0.265625 0.189062 0.264062
0 0.559375 0.504687 0.557813 0.506250 0.554688 0.506250 0.553125 0.507812 0.550000 0.507812 0.548438 0.509375 0.546875 0.509375 0.545312 0.510938 0.543750 0.510938 0.542188 0.512500 0.540625 0.512500 0.539062 0.514062 0.535937 0.514062 0.532813 0.517188 0.531250 0.517188 0.528125 0.520312 0.526563 0.520312 0.523438 0.523438 0.523438 0.526563 0.521875 0.528125 0.521875 0.531250 0.520312 0.532813 0.520312 0.539062 0.518750 0.540625 0.518750 0.545312 0.517188 0.546875 0.517188 0.550000 0.515625 0.551562 0.515625 0.554688 0.514062 0.556250 0.514062 0.557813 0.512500 0.559375 0.512500 0.564063 0.510938 0.565625 0.510938 0.573438 0.512500 0.575000 0.512500 0.581250 0.514062 0.582812 0.514062 0.585938 0.515625 0.587500 0.515625 0.592187 0.514062 0.593750 0.514062 0.595313 0.515625 0.596875 0.515625 0.600000 0.514062 0.601562 0.514062 0.603125 0.515625 0.604688 0.515625 0.607812 0.514062 0.609375 0.515625 0.610938 0.515625 0.615625 0.514062 0.617188 0.515625 0.618750 0.515625 0.623437 0.514062 0.625000 0.515625 0.626563 0.515625 0.631250 0.514062 0.632812 0.515625 0.634375 0.515625 0.639062 0.514062 0.640625 0.515625 0.642188 0.515625 0.646875 0.514062 0.648438 0.515625 0.650000 0.515625 0.654687 0.514062 0.656250 0.515625 0.657813 0.515625 0.660937 0.514062 0.662500 0.514062 0.664062 0.515625 0.665625 0.515625 0.668750 0.514062 0.670312 0.514062 0.671875 0.515625 0.673438 0.515625 0.676562 0.514062 0.678125 0.515625 0.679688 0.515625 0.684375 0.514062 0.685937 0.515625 0.687500 0.515625 0.692187 0.514062 0.693750 0.515625 0.695312 0.515625 0.700000 0.514062 0.701562 0.515625 0.703125 0.515625 0.707812 0.514062 0.709375 0.515625 0.710938 0.515625 0.715625 0.514062 0.717187 0.515625 0.718750 0.515625 0.723437 0.514062 0.725000 0.515625 0.726562 0.515625 0.735938 0.517188 0.737500 0.517188 0.739062 0.515625 0.740625 0.515625 0.768750 0.514062 0.770312 0.515625 0.771875 0.515625 0.776563 0.514062 0.778125 0.515625 0.779687 0.515625 0.784375 0.514062 0.785937 0.515625 0.787500 0.515625 0.792188 0.514062 0.793750 0.515625 0.795312 0.515625 0.798438 0.514062 0.800000 0.514062 0.801562 0.515625 0.803125 0.515625 0.806250 0.514062 0.807813 0.514062 0.809375 0.515625 0.810937 0.515625 0.814063 0.514062 0.815625 0.514062 0.817187 0.515625 0.818750 0.515625 0.821875 0.514062 0.823438 0.515625 0.825000 0.515625 0.828125 0.525000 0.837500 0.525000 0.839063 0.531250 0.845313 0.532813 0.845313 0.535937 0.848437 0.535937 0.850000 0.539062 0.853125 0.540625 0.853125 0.542188 0.854688 0.632812 0.854688 0.634375 0.856250 0.648438 0.856250 0.650000 0.857812 0.657813 0.857812 0.659375 0.859375 0.743750 0.859375 0.745313 0.857812 0.750000 0.857812 0.751563 0.856250 0.773438 0.856250 0.775000 0.854688 0.776563 0.854688 0.779687 0.851562 0.781250 0.851562 0.782813 0.850000 0.785937 0.850000 0.789062 0.846875 0.790625 0.846875 0.792188 0.845313 0.793750 0.845313 0.796875 0.842187 0.796875 0.840625 0.801562 0.835938 0.801562 0.834375 0.803125 0.832812 0.803125 0.831250 0.804688 0.829688 0.804688 0.828125 0.806250 0.826562 0.806250 0.823438 0.807813 0.821875 0.807813 0.801562 0.806250 0.800000 0.806250 0.798438 0.804688 0.796875 0.804688 0.795312 0.806250 0.793750 0.806250 0.784375 0.804688 0.782813 0.804688 0.629687 0.796875 0.621875 0.796875 0.617188 0.795312 0.615625 0.795312 0.610938 0.793750 0.609375 0.793750 0.601562 0.792188 0.600000 0.792188 0.596875 0.790625 0.595313 0.790625 0.593750 0.789062 0.592187 0.789062 0.590625 0.787500 0.589063 0.787500 0.585938 0.785937 0.585938 0.782813 0.582812 0.781250 0.582812 0.778125 0.579688 0.776563 0.579688 0.773438 0.576562 0.768750 0.576562 0.767188 0.575000 0.760938 0.575000 0.759375 0.573438 0.753125 0.573438 0.751563 0.571875 0.750000 0.571875 0.748437 0.570312 0.746875 0.570312 0.745313 0.568750 0.743750 0.568750 0.742188 0.567187 0.740625 0.567187 0.737500 0.564063 0.735938 0.564063 0.734375 0.562500 0.729688 0.562500 0.728125 0.560937 0.726562 0.560937 0.721875 0.556250 0.720313 0.556250 0.718750 0.554688 0.717187 0.554688 0.715625 0.553125 0.712500 0.553125 0.710938 0.551562 0.709375 0.551562 0.707812 0.550000 0.706250 0.550000 0.704688 0.548438 0.701562 0.548438 0.700000 0.546875 0.693750 0.546875 0.692187 0.545312 0.687500 0.545312 0.685937 0.543750 0.682813 0.543750 0.681250 0.542188 0.675000 0.542188 0.671875 0.539062 0.668750 0.539062 0.667188 0.537500 0.664062 0.537500 0.662500 0.535937 0.659375 0.535937 0.657813 0.534375 0.656250 0.534375 0.654687 0.532813 0.653125 0.532813 0.651563 0.531250 0.646875 0.531250 0.645312 0.529687 0.643750 0.529687 0.642188 0.528125 0.639062 0.528125 0.637500 0.526563 0.634375 0.526563 0.632812 0.525000 0.629687 0.525000 0.628125 0.523438 0.625000 0.523438 0.623437 0.521875 0.621875 0.521875 0.620313 0.520312 0.618750 0.520312 0.617188 0.518750 0.614062 0.518750 0.612500 0.517188 0.610938 0.517188 0.609375 0.515625 0.604688 0.515625 0.603125 0.514062 0.600000 0.514062 0.598437 0.512500 0.595313 0.512500 0.593750 0.510938 0.590625 0.510938 0.589063 0.509375 0.585938 0.509375 0.584375 0.507812 0.581250 0.507812 0.579688 0.506250 0.573438 0.506250 0.571875 0.504687
