7 0.209375 0.003125 0.181250 0.003125 0.171875 0.017188 0.121875 0.059375 0.121875 0.139063 0.129688 0.142187 0.143750 0.200000 0.168750 0.215625 0.284375 0.254688 0.296875 0.254688 0.312500 0.240625 0.370312 0.248438 0.389062 0.239063 0.400000 0.220312 0.401562 0.157812 0.400000 0.110937 0.390625 0.092188 0.357812 0.068750 0.329688 0.068750 0.270313 0.079687 0.268750 0.053125 0.254688 0.045312 0.218750 0.003125
4 0.868664 0.003125 0.442188 0.003125 0.437500 0.028125 0.435937 0.145313 0.434375 0.154688 0.428125 0.156250 0.428125 0.268750 0.434375 0.270313 0.445312 0.301563 0.476562 0.318750 0.520312 0.317188 0.662500 0.251563 0.773438 0.189062 0.817187 0.171875 0.848437 0.153125 0.870313 0.125000 0.876563 0.123438 0.876563 0.003125
4 0.868750 0.000000 0.446875 0.000000 0.439063 0.023438 0.435937 0.164062 0.428125 0.170313 0.428125 0.256250 0.434375 0.257812 0.439063 0.285938 0.446875 0.301563 0.467187 0.312500 0.470313 0.320312 0.512500 0.320312 0.514062 0.314063 0.690625 0.235937 0.757812 0.195312 0.851562 0.150000 0.865625 0.134375 0.870313 0.120313 0.876563 0.118750 0.876563 0.000000
0 0.395313 0.003125 0.121875 0.003125 0.121875 0.203125 0.314063 0.268750 0.318750 0.276562 0.375000 0.276562 0.381250 0.265625 0.403125 0.250000 0.410938 0.234375 0.414062 0.210938 0.420312 0.209375 0.420312 0.056250 0.414062 0.054688 0.412500 0.031250 0.403125 0.003125
5 0.427813 0.734375 0.354687 0.734375 0.353125 0.740625 0.328125 0.748437 0.128125 0.770312 0.128125 0.890625 0.450000 0.920312 0.475000 0.920312 0.489063 0.914062 0.489063 0.889062 0.484375 0.889062 0.481250 0.881250 0.475000 0.801562 0.460938 0.771875 0.435937 0.740625 0.435937 0.734375
6 0.817187 0.228125 0.785937 0.228125 0.782813 0.235937 0.742188 0.243750 0.707812 0.264062 0.656250 0.275000 0.562500 0.339062 0.554688 0.351562 0.546875 0.354687 0.546875 0.479687 0.585938 0.504687 0.796875 0.585938 0.818750 0.589063 0.840625 0.581250 0.853125 0.562500 0.842187 0.532813 0.859375 0.517188 0.865625 0.503125 0.860938 0.390625 0.870313 0.337500 0.862500 0.315625 0.870313 0.296875 0.876563 0.293750 0.870313 0.292187 0.867188 0.279687 0.825000 0.234375 0.825000 0.228125
0 0.840625 0.215625 0.770312 0.215625 0.767188 0.223438 0.659375 0.271875 0.557813 0.326562 0.545312 0.342187 0.540625 0.342187 0.540625 0.481250 0.546875 0.481250 0.568750 0.501563 0.603125 0.520312 0.804688 0.593750 0.809375 0.601562 0.853125 0.601562 0.865625 0.581250 0.876563 0.575000 0.876563 0.262500 0.868750 0.259375 0.848437 0.215625
0 0.627233 0.546875 0.575000 0.546875 0.575000 0.553125 0.546875 0.581250 0.540625 0.581250 0.540625 0.960938 0.585938 0.998437 0.873437 0.998437 0.870313 0.979688 0.876563 0.932813 0.876563 0.812500 0.875000 0.681250 0.870313 0.653125 0.762500 0.601562 0.642188 0.556250 0.635938 0.546875
5 0.141667 0.615625 0.121875 0.615625 0.121875 0.770312 0.195312 0.770312 0.196875 0.764062 0.215625 0.759375 0.332813 0.746875 0.396875 0.729688 0.465625 0.721875 0.475000 0.715625 0.460938 0.662500 0.465625 0.646875 0.482812 0.648438 0.482812 0.615625 0.403125 0.615625 0.395313 0.625000 0.328125 0.639062 0.184375 0.657813 0.162500 0.657813 0.151562 0.650000 0.151562 0.615625
2 0.615938 0.553125 0.579688 0.553125 0.548438 0.590625 0.540625 0.593750 0.540625 0.928125 0.607812 0.931250 0.612500 0.935937 0.615625 0.953125 0.609375 0.959375 0.570312 0.960938 0.562500 0.965625 0.562500 0.971875 0.571875 0.981250 0.592187 0.990625 0.617188 0.993750 0.628125 0.987500 0.651563 0.987500 0.659375 0.992188 0.659375 0.998437 0.832812 0.998437 0.842187 0.982812 0.864062 0.965625 0.876563 0.962500 0.876563 0.682813 0.870313 0.682813 0.859375 0.664062 0.845313 0.651563 0.657813 0.575000 0.628125 0.560937 0.625000 0.553125
0 0.196406 0.246875 0.121875 0.246875 0.121875 0.998437 0.207813 0.998437 0.220312 0.992188 0.234375 0.998437 0.465625 0.998437 0.503125 0.965625 0.509375 0.951562 0.514062 0.892188 0.520312 0.890625 0.520312 0.864062 0.512500 0.857812 0.510938 0.809375 0.514062 0.740625 0.520312 0.739062 0.514062 0.737500 0.514062 0.732812 0.520312 0.731250 0.520312 0.603125 0.514062 0.601562 0.512500 0.407813 0.506250 0.382812 0.495312 0.365625 0.468750 0.345313 0.332813 0.301563 0.212500 0.256250 0.204687 0.246875
5 0.142187 0.500000 0.146875 0.603125 0.139063 0.632812 0.143750 0.650000 0.154688 0.657813 0.379688 0.628125 0.487500 0.598437 0.482812 0.509375 0.470313 0.476562 0.432812 0.440625 0.379688 0.409375 0.362500 0.382812 0.334375 0.356250 0.312500 0.353125 0.296875 0.334375 0.212500 0.290625 0.189062 0.287500 0.181250 0.314063 0.167187 0.320312 0.171875 0.329688
0 0.445312 0.000000 0.440625 0.004687 0.440625 0.006250 0.439063 0.007812 0.439063 0.010937 0.437500 0.012500 0.437500 0.026562 0.435937 0.028125 0.435937 0.031250 0.434375 0.032813 0.434375 0.082812 0.432812 0.084375 0.432812 0.171875 0.434375 0.173437 0.434375 0.181250 0.432812 0.182812 0.432812 0.226562 0.431250 0.228125 0.431250 0.259375 0.432812 0.260937 0.432812 0.264062 0.434375 0.265625 0.434375 0.271875 0.435937 0.273438 0.435937 0.278125 0.437500 0.279687 0.437500 0.282813 0.439063 0.284375 0.439063 0.285938 0.440625 0.287500 0.440625 0.289062 0.442188 0.290625 0.442188 0.292187 0.446875 0.296875 0.446875 0.298438 0.454688 0.306250 0.456250 0.306250 0.460938 0.310937 0.462500 0.310937 0.464062 0.312500 0.465625 0.312500 0.467187 0.314063 0.470313 0.314063 0.471875 0.315625 0.475000 0.315625 0.476562 0.317188 0.482812 0.317188 0.484375 0.318750 0.489063 0.318750 0.490625 0.320312 0.504687 0.320312 0.506250 0.318750 0.510938 0.318750 0.512500 0.317188 0.515625 0.317188 0.517188 0.315625 0.521875 0.315625 0.523438 0.314063 0.526563 0.314063 0.528125 0.312500 0.529687 0.312500 0.531250 0.310937 0.532813 0.310937 0.534375 0.309375 0.535937 0.309375 0.537500 0.307812 0.539062 0.307812 0.545312 0.301563 0.546875 0.301563 0.548438 0.300000 0.551562 0.300000 0.553125 0.298438 0.556250 0.298438 0.557813 0.296875 0.559375 0.296875 0.560937 0.295312 0.562500 0.295312 0.564063 0.293750 0.565625 0.293750 0.567187 0.292187 0.568750 0.292187 0.570312 0.290625 0.571875 0.290625 0.573438 0.289062 0.575000 0.289062 0.576562 0.287500 0.579688 0.287500 0.581250 0.285938 0.584375 0.285938 0.585938 0.284375 0.587500 0.284375 0.589063 0.282813 0.590625 0.282813 0.592187 0.281250 0.595313 0.281250 0.596875 0.279687 0.598437 0.279687 0.600000 0.278125 0.601562 0.278125 0.603125 0.276562 0.604688 0.276562 0.606250 0.275000 0.607812 0.275000 0.609375 0.273438 0.610938 0.273438 0.612500 0.271875 0.614062 0.271875 0.615625 0.270313 0.617188 0.270313 0.618750 0.268750 0.620313 0.268750 0.621875 0.267188 0.623437 0.267188 0.625000 0.265625 0.626563 0.265625 0.628125 0.264062 0.629687 0.264062 0.631250 0.262500 0.632812 0.262500 0.635938 0.259375 0.637500 0.259375 0.640625 0.256250 0.642188 0.256250 0.643750 0.254688 0.645312 0.254688 0.646875 0.253125 0.648438 0.253125 0.650000 0.251563 0.656250 0.251563 0.659375 0.248438 0.662500 0.248438 0.664062 0.246875 0.665625 0.246875 0.667188 0.245312 0.671875 0.245312 0.673438 0.243750 0.676562 0.243750 0.678125 0.242188 0.679688 0.242188 0.684375 0.237500 0.684375 0.235937 0.685937 0.234375 0.687500 0.234375 0.689063 0.232813 0.690625 0.232813 0.692187 0.231250 0.693750 0.231250 0.695312 0.229687 0.696875 0.229687 0.698438 0.228125 0.706250 0.228125 0.709375 0.225000 0.710938 0.225000 0.714063 0.221875 0.717187 0.221875 0.718750 0.220312 0.720313 0.220312 0.721875 0.218750 0.723437 0.218750 0.726562 0.215625 0.728125 0.215625 0.729688 0.214062 0.731250 0.214062 0.732812 0.212500 0.734375 0.212500 0.735938 0.210938 0.737500 0.210938 0.739062 0.209375 0.740625 0.209375 0.742188 0.207813 0.743750 0.207813 0.746875 0.204687 0.750000 0.204687 0.751563 0.203125 0.753125 0.203125 0.754687 0.201563 0.757812 0.201563 0.760938 0.198437 0.765625 0.198437 0.768750 0.195312 0.770312 0.195312 0.771875 0.193750 0.773438 0.193750 0.778125 0.189062 0.779687 0.189062 0.782813 0.185938 0.784375 0.185938 0.785937 0.184375 0.787500 0.184375 0.789062 0.182812 0.790625 0.182812 0.792188 0.181250 0.796875 0.181250 0.798438 0.179688 0.800000 0.179688 0.801562 0.178125 0.806250 0.178125 0.807813 0.176563 0.810937 0.176563 0.812500 0.175000 0.818750 0.175000 0.828125 0.165625 0.829688 0.165625 0.832812 0.162500 0.834375 0.162500 0.839063 0.157812 0.840625 0.157812 0.842187 0.156250 0.845313 0.156250 0.846875 0.154688 0.856250 0.154688 0.857812 0.153125 0.859375 0.153125 0.860938 0.151562 0.862500 0.151562 0.868750 0.145313 0.868750 0.143750 0.870313 0.142187 0.870313 0.140625 0.871875 0.139063 0.871875 0.137500 0.873437 0.135937 0.873437 0.131250 0.875000 0.129688 0.875000 0.000000
