0 0.507589 0.546875 0.459375 0.546875 0.456250 0.554688 0.328125 0.610938 0.296875 0.628125 0.284375 0.642188 0.278125 0.642188 0.278125 0.723437 0.303125 0.737500 0.357812 0.745313 0.467187 0.754687 0.484375 0.754687 0.504059 0.747623 0.523284 0.727361 0.525000 0.689063 0.526563 0.576562 0.515625 0.546875
4 0.503645 0.546875 0.459375 0.546875 0.456250 0.554688 0.312500 0.620313 0.290625 0.646875 0.284375 0.646875 0.284375 0.714063 0.307812 0.731250 0.334375 0.734375 0.351562 0.743750 0.453125 0.751563 0.454688 0.757812 0.489063 0.757812 0.489063 0.753125 0.509375 0.737500 0.520312 0.709375 0.526563 0.707812 0.526563 0.570312 0.520312 0.568750 0.512500 0.546875
1 0.598437 0.571875 0.551562 0.571875 0.540625 0.593750 0.534375 0.595313 0.534375 0.732812 0.540625 0.732812 0.559375 0.751563 0.587500 0.757812 0.589063 0.764062 0.696875 0.764062 0.698438 0.757812 0.726562 0.743750 0.726562 0.626563 0.720313 0.626563 0.695312 0.610938 0.609375 0.579688 0.606250 0.571875
0 0.698166 0.196875 0.520312 0.196875 0.501563 0.220312 0.496875 0.234375 0.490625 0.235937 0.490625 0.509375 0.534375 0.542188 0.668750 0.587500 0.671875 0.595313 0.704688 0.595313 0.723437 0.570312 0.723437 0.226562 0.706250 0.203125 0.706250 0.196875
0 0.340625 0.390625 0.317188 0.390625 0.306913 0.397195 0.297823 0.411869 0.293280 0.431083 0.291881 0.445058 0.286988 0.584802 0.300270 0.596330 0.315625 0.600000 0.337500 0.596875 0.446875 0.545312 0.462500 0.532813 0.470153 0.520869 0.476562 0.510938 0.476562 0.456250 0.471875 0.456250 0.459375 0.442188 0.431250 0.428125 0.356250 0.403125 0.348438 0.390625
0 0.576767 0.567542 0.550000 0.571875 0.542188 0.589063 0.534375 0.592187 0.534375 0.739062 0.562086 0.756247 0.654687 0.762500 0.667188 0.764062 0.674642 0.764281 0.684778 0.764631 0.689063 0.764062 0.701562 0.762500 0.726562 0.745313 0.726562 0.626563 0.720313 0.626563 0.697712 0.610164 0.631250 0.589063 0.620111 0.580819 0.608227 0.574880
7 0.653125 0.403125 0.614062 0.403125 0.612500 0.410938 0.590625 0.431250 0.584375 0.431250 0.584375 0.462500 0.590625 0.464062 0.598437 0.478125 0.595313 0.493750 0.596875 0.515625 0.610938 0.546875 0.620313 0.556250 0.637500 0.565625 0.665625 0.568750 0.690625 0.559375 0.703125 0.545312 0.712500 0.514062 0.714063 0.493750 0.709375 0.478125 0.709375 0.459375 0.703125 0.442188 0.687500 0.425000 0.665625 0.412500 0.660937 0.403125
0 0.459008 0.203125 0.328125 0.203125 0.328125 0.209375 0.307812 0.231250 0.303125 0.231250 0.303125 0.359375 0.418750 0.410938 0.426563 0.415625 0.426563 0.420312 0.459375 0.420312 0.459375 0.414062 0.475000 0.400000 0.479687 0.384375 0.482812 0.267188 0.489063 0.265625 0.489063 0.232813 0.482812 0.231250 0.467187 0.203125
1 0.462109 0.209375 0.339062 0.209375 0.339062 0.214062 0.328125 0.220312 0.314063 0.239063 0.309375 0.239063 0.309375 0.362500 0.434375 0.412500 0.437500 0.420312 0.450000 0.420312 0.451562 0.414062 0.464062 0.407813 0.471875 0.400000 0.478125 0.381250 0.481250 0.306250 0.481250 0.228125 0.470313 0.209375
2 0.295312 0.485938 0.290625 0.543750 0.293750 0.567187 0.306250 0.593750 0.320312 0.598437 0.339062 0.595313 0.457813 0.539062 0.468750 0.526563 0.475000 0.490625 0.473438 0.464062 0.464062 0.443750 0.345313 0.395313 0.323437 0.396875 0.307812 0.409375
5 0.504687 0.262500 0.501563 0.281250 0.515625 0.429688 0.510938 0.498437 0.543750 0.518750 0.557813 0.504687 0.556250 0.493750 0.596875 0.418750 0.628125 0.403125 0.648438 0.401562 0.668750 0.410938 0.679688 0.406250 0.706250 0.340625 0.717187 0.276562 0.715625 0.254688 0.707812 0.220312 0.692187 0.212500 0.545312 0.260937
