0 0.630859 0.609375 0.616466 0.603630 0.598736 0.600675 0.587655 0.605477 0.574727 0.614341 0.554688 0.634375 0.545547 0.657925 0.543700 0.715177 0.542963 0.799391 0.539269 0.913523 0.545178 0.937163 0.557813 0.953125 0.593414 0.961272 0.609042 0.961492 0.626563 0.960938 0.727902 0.958850 0.749692 0.958850 0.789062 0.951562 0.812500 0.932813 0.825000 0.903125 0.836805 0.756420 0.834375 0.721875 0.815625 0.696875 0.796875 0.684375 0.648438 0.620313
0 0.667978 0.092725 0.506911 0.086014 0.471875 0.123438 0.466645 0.162520 0.465625 0.382812 0.489063 0.404687 0.504687 0.412500 0.542188 0.414062 0.582812 0.398438 0.722561 0.333877 0.834861 0.276161 0.854994 0.265872 0.862152 0.241711 0.866627 0.218447 0.869311 0.192147 0.869758 0.156803 0.861705 0.132642 0.838439 0.109825 0.814280 0.100877 0.707350 0.094963
0 0.394181 0.075522 0.196545 0.067495 0.175967 0.073881 0.147208 0.109708 0.141627 0.136917 0.143022 0.258311 0.171875 0.289062 0.226562 0.315625 0.370312 0.368750 0.412500 0.368750 0.431250 0.356250 0.448437 0.320312 0.451562 0.270313 0.451562 0.220312 0.451562 0.181250 0.451562 0.150000 0.440625 0.107813 0.426563 0.090625 0.407813 0.079687
5 0.493589 0.746875 0.190625 0.746875 0.190625 0.751563 0.184375 0.753125 0.184375 0.914062 0.239063 0.914062 0.248438 0.939063 0.260937 0.918750 0.270313 0.914062 0.292187 0.920312 0.303125 0.907813 0.415625 0.904687 0.439063 0.884375 0.471875 0.871875 0.490625 0.856250 0.498437 0.828125 0.501563 0.782813 0.507812 0.781250 0.507812 0.756250 0.501563 0.754687 0.501563 0.746875
0 0.788411 0.317595 0.767125 0.325759 0.750000 0.335938 0.697148 0.357248 0.598597 0.406523 0.580520 0.416437 0.563025 0.429558 0.552820 0.450552 0.549322 0.535398 0.553125 0.559375 0.577020 0.577094 0.600000 0.587500 0.748437 0.653125 0.779687 0.662500 0.796875 0.664062 0.823438 0.651563 0.837500 0.635938 0.845313 0.612500 0.856250 0.371875 0.856055 0.354333 0.846142 0.335964 0.822233 0.320219
7 0.368750 0.128125 0.290625 0.128125 0.289062 0.134375 0.226741 0.150172 0.207206 0.166219 0.204416 0.188544 0.215625 0.245312 0.223438 0.248438 0.246875 0.289062 0.270313 0.312500 0.314063 0.331250 0.317188 0.339062 0.365625 0.339062 0.367188 0.332813 0.385937 0.326562 0.406250 0.310937 0.421875 0.290625 0.423438 0.267188 0.432812 0.242188 0.428125 0.192188 0.407813 0.153125 0.379688 0.135937 0.376563 0.128125
5 0.282366 0.384375 0.232813 0.384375 0.229687 0.395313 0.210938 0.407813 0.196875 0.453125 0.178125 0.489063 0.171875 0.490625 0.171875 0.557813 0.214062 0.571875 0.259375 0.595313 0.307812 0.609375 0.356250 0.634375 0.395313 0.643750 0.400000 0.651563 0.453125 0.651563 0.457813 0.642188 0.489063 0.621875 0.507812 0.592187 0.514062 0.576562 0.514062 0.539062 0.518750 0.529687 0.526563 0.526563 0.526563 0.478125 0.520312 0.478125 0.501563 0.456250 0.487500 0.448437 0.293750 0.392188 0.290625 0.384375
4 0.641077 0.114681 0.558059 0.120002 0.528969 0.106520 0.515842 0.111842 0.498812 0.127453 0.483913 0.133130 0.481428 0.148384 0.482492 0.174283 0.488172 0.221400 0.482075 0.288833 0.480998 0.334744 0.481358 0.340842 0.480281 0.349092 0.479655 0.368698 0.485331 0.374375 0.490298 0.385728 0.503125 0.406250 0.545642 0.403822 0.795312 0.284375 0.830881 0.240980 0.838331 0.233530 0.848975 0.197344 0.845072 0.165414 0.828397 0.138450 0.801080 0.124614 0.718417 0.116100 0.674780 0.114327 0.662008 0.115036
0 0.230469 0.334375 0.199459 0.328002 0.174258 0.335684 0.163194 0.343675 0.153667 0.354125 0.145983 0.371950 0.146875 0.915625 0.155203 0.932833 0.169341 0.952502 0.185322 0.962952 0.216977 0.962030 0.482812 0.959375 0.507812 0.937500 0.515625 0.921875 0.523438 0.876563 0.532813 0.509375 0.528125 0.473438 0.506250 0.446875 0.484375 0.434375 0.357812 0.382812 0.242188 0.342187
5 0.160938 0.675000 0.157812 0.709375 0.170313 0.745313 0.282813 0.745313 0.379688 0.757812 0.409375 0.750000 0.465625 0.748437 0.498437 0.735938 0.517188 0.706250 0.510938 0.626563 0.500000 0.625000 0.440625 0.660937 0.353125 0.634375 0.337500 0.621875 0.289062 0.603125 0.257812 0.598437 0.239063 0.584375 0.181250 0.564063
2 0.557813 0.471875 0.556250 0.526563 0.571875 0.557813 0.746875 0.632812 0.792188 0.643750 0.809375 0.640625 0.820312 0.615625 0.831250 0.509375 0.834375 0.371875 0.817187 0.346875 0.801562 0.337500 0.775000 0.335938 0.737500 0.351562 0.721875 0.365625 0.570312 0.435937 0.560937 0.448437
6 0.553125 0.653125 0.556250 0.739062 0.550000 0.768750 0.550000 0.878125 0.554688 0.885938 0.595313 0.900000 0.596875 0.914062 0.618750 0.914062 0.632812 0.921875 0.664062 0.910937 0.695312 0.918750 0.775000 0.904687 0.789062 0.890625 0.810937 0.821875 0.803125 0.767188 0.807813 0.734375 0.803125 0.709375 0.789062 0.693750 0.728125 0.671875 0.698438 0.653125 0.610938 0.615625 0.573438 0.625000
