4 0.653125 0.046875 0.629687 0.046875 0.628125 0.053125 0.573438 0.065625 0.496875 0.057813 0.478125 0.073438 0.470313 0.095312 0.465625 0.140625 0.459375 0.142187 0.459375 0.293750 0.465625 0.295312 0.471875 0.309375 0.492188 0.325000 0.495312 0.332813 0.531250 0.332813 0.532813 0.326562 0.690625 0.251563 0.776563 0.214062 0.820312 0.201563 0.820312 0.179688 0.812500 0.176563 0.814063 0.154688 0.820312 0.153125 0.814063 0.151562 0.809375 0.129688 0.809375 0.089063 0.789062 0.046875 0.707812 0.046875 0.707812 0.051562 0.692187 0.062500 0.678125 0.062500 0.664062 0.054688 0.660937 0.046875
1 0.613867 0.528125 0.557813 0.528125 0.548438 0.546875 0.540625 0.548438 0.540625 0.828125 0.546875 0.828125 0.568750 0.845313 0.589063 0.850000 0.737500 0.850000 0.770312 0.845313 0.790625 0.826562 0.800000 0.803125 0.801562 0.773438 0.807813 0.771875 0.807813 0.628125 0.768750 0.595313 0.628125 0.537500 0.621875 0.528125
3 0.774553 0.259375 0.725000 0.259375 0.723437 0.267188 0.695312 0.284375 0.631250 0.306250 0.585938 0.328125 0.540625 0.359375 0.540625 0.459375 0.545312 0.459375 0.562500 0.479687 0.584375 0.492188 0.739062 0.553125 0.767188 0.557813 0.787500 0.548438 0.801562 0.525000 0.807813 0.523438 0.807813 0.429688 0.803125 0.429688 0.800000 0.421875 0.795312 0.367188 0.800000 0.310937 0.807813 0.295312 0.801562 0.293750 0.782813 0.259375
7 0.341797 0.065625 0.317188 0.065625 0.317188 0.071875 0.310937 0.076563 0.268750 0.090625 0.228125 0.120313 0.226562 0.126562 0.235937 0.137500 0.235937 0.153125 0.226562 0.173437 0.215625 0.178125 0.215625 0.203125 0.231250 0.214062 0.240625 0.232813 0.254688 0.240625 0.350000 0.273438 0.356250 0.282813 0.384375 0.282813 0.387500 0.275000 0.409375 0.267188 0.428125 0.239063 0.431250 0.179688 0.415625 0.153125 0.414062 0.117188 0.401562 0.103125 0.356250 0.076563 0.350000 0.065625
0 0.754642 0.046875 0.487500 0.046875 0.465614 0.071822 0.459375 0.090625 0.459375 0.304688 0.482812 0.325000 0.504687 0.332813 0.506250 0.339062 0.518750 0.339062 0.520312 0.332813 0.810937 0.200000 0.818750 0.190625 0.812500 0.090625 0.793750 0.060937 0.764062 0.053125 0.762500 0.046875
0 0.241992 0.259375 0.185938 0.259375 0.162500 0.303125 0.146875 0.481250 0.145313 0.551562 0.140625 0.578125 0.134375 0.579688 0.134375 0.698438 0.140625 0.700000 0.140625 0.706250 0.134375 0.709375 0.140625 0.710938 0.143750 0.728125 0.145313 0.812500 0.153125 0.831250 0.165625 0.845313 0.198437 0.859375 0.318750 0.864062 0.320312 0.870313 0.453125 0.870313 0.454688 0.864062 0.471875 0.860938 0.496875 0.846875 0.510938 0.821875 0.512500 0.648438 0.520312 0.473438 0.526563 0.471875 0.526563 0.464062 0.520312 0.462500 0.520312 0.451562 0.520220 0.444433 0.521023 0.418750 0.520312 0.401562 0.509375 0.381250 0.489063 0.360938 0.426563 0.340625 0.320312 0.296875 0.253125 0.267188 0.250000 0.259375
0 0.396750 0.034375 0.206250 0.034375 0.206250 0.040625 0.179688 0.071875 0.171875 0.075000 0.171875 0.203125 0.178125 0.203125 0.196875 0.221875 0.223438 0.235937 0.351562 0.281250 0.365625 0.287500 0.368750 0.295312 0.403125 0.295312 0.406250 0.287500 0.425000 0.275000 0.439063 0.246875 0.445312 0.109375 0.439063 0.071875 0.419841 0.046139 0.404687 0.034375
5 0.435937 0.653125 0.425000 0.653125 0.425000 0.657813 0.406250 0.676562 0.300000 0.770312 0.278125 0.787500 0.265625 0.790625 0.265625 0.798438 0.321875 0.806250 0.328125 0.807813 0.329688 0.814063 0.470313 0.814063 0.473438 0.806250 0.482812 0.804688 0.482812 0.785937 0.476562 0.784375 0.462500 0.701562 0.448437 0.667188 0.446875 0.653125
5 0.282227 0.309375 0.223438 0.309375 0.223438 0.315625 0.215625 0.318750 0.215625 0.398438 0.226562 0.401562 0.251563 0.381250 0.276562 0.371875 0.289062 0.375000 0.328125 0.414062 0.370312 0.475000 0.440625 0.560937 0.450000 0.582812 0.460938 0.582812 0.473438 0.509375 0.501563 0.401562 0.498437 0.389062 0.487500 0.379688 0.448437 0.362500 0.295312 0.317188 0.290625 0.309375
0 0.613392 0.515625 0.562500 0.515625 0.562500 0.521875 0.534375 0.546875 0.534375 0.837500 0.562500 0.857812 0.576562 0.862500 0.579688 0.870313 0.776563 0.870313 0.778125 0.864062 0.796875 0.856250 0.814063 0.828125 0.820312 0.826562 0.820312 0.625000 0.814063 0.625000 0.789062 0.595313 0.640625 0.532813 0.623437 0.523438 0.621875 0.515625
0 0.779241 0.246875 0.729688 0.246875 0.726562 0.254688 0.570312 0.328125 0.540625 0.353125 0.540625 0.465625 0.546875 0.465625 0.564063 0.482812 0.584375 0.493750 0.740625 0.554688 0.746875 0.564063 0.792188 0.564063 0.792188 0.557813 0.814063 0.531250 0.820312 0.529687 0.820312 0.340625 0.821361 0.317775 0.818952 0.279250 0.810119 0.261594 0.787500 0.253125 0.787500 0.246875
5 0.311931 0.409375 0.228125 0.409375 0.226562 0.417187 0.201563 0.442188 0.176563 0.478125 0.148438 0.532813 0.142187 0.556250 0.134375 0.559375 0.134375 0.682813 0.142187 0.685937 0.146875 0.706250 0.170313 0.751563 0.203125 0.778125 0.243750 0.793750 0.268750 0.793750 0.279687 0.785937 0.410938 0.670312 0.459375 0.618750 0.470313 0.617188 0.470313 0.604688 0.450000 0.590625 0.445312 0.571875 0.415625 0.565625 0.409375 0.553125 0.400000 0.553125 0.282813 0.454688 0.268750 0.435937 0.253125 0.429688 0.246875 0.421875 0.253125 0.415625 0.278125 0.418750 0.296875 0.432812 0.309375 0.426563 0.320312 0.409375
5 0.282813 0.371875 0.254688 0.371875 0.254688 0.376563 0.221875 0.404687 0.221875 0.418750 0.235937 0.418750 0.254688 0.429688 0.409375 0.568750 0.415625 0.581250 0.437500 0.593750 0.443750 0.607812 0.464062 0.607812 0.464062 0.584375 0.454688 0.581250 0.371875 0.478125 0.320312 0.404687 0.292187 0.378125 0.292187 0.371875
