1 0.581250 0.565625 0.526563 0.565625 0.509375 0.600000 0.503125 0.601562 0.503125 0.873437 0.526563 0.893750 0.551562 0.903125 0.648438 0.907813 0.668750 0.917188 0.685937 0.917188 0.700000 0.909375 0.726562 0.910937 0.746875 0.906250 0.770312 0.882812 0.776563 0.845313 0.782813 0.843750 0.782813 0.671875 0.778125 0.671875 0.753125 0.645312 0.603125 0.579688 0.592187 0.573438 0.589063 0.565625
7 0.290625 0.103125 0.271875 0.129688 0.239063 0.134375 0.228125 0.143750 0.221875 0.143750 0.221875 0.273438 0.251563 0.282813 0.278125 0.281250 0.296875 0.300000 0.340625 0.318750 0.343750 0.326562 0.384375 0.326562 0.384375 0.321875 0.404687 0.306250 0.412500 0.289062 0.409375 0.248438 0.414062 0.214062 0.420312 0.212500 0.420312 0.162500 0.414062 0.160938 0.396875 0.128125 0.378125 0.114062 0.375000 0.103125 0.340625 0.103125 0.339062 0.109375 0.331250 0.110937 0.314063 0.110937 0.310937 0.103125 0.304688 0.103125 0.301563 0.109375 0.300000 0.103125
0 0.759180 0.284375 0.703125 0.284375 0.703125 0.290625 0.687500 0.300000 0.535937 0.371875 0.515625 0.387500 0.510558 0.501062 0.525756 0.517300 0.579688 0.543750 0.700000 0.590625 0.718750 0.600000 0.720313 0.607812 0.759375 0.607812 0.773438 0.589063 0.776563 0.576562 0.782813 0.575000 0.782813 0.307812 0.776563 0.306250 0.767188 0.284375
0 0.664062 0.073438 0.618750 0.081250 0.487500 0.081250 0.460938 0.093750 0.450000 0.104688 0.440625 0.125000 0.434375 0.126562 0.434375 0.345313 0.457813 0.364063 0.473438 0.370312 0.475000 0.376563 0.500000 0.376563 0.504687 0.368750 0.581250 0.337500 0.676562 0.289062 0.725000 0.273438 0.782813 0.229687 0.782813 0.095312 0.754687 0.082812 0.671875 0.073438
0 0.381180 0.078125 0.215625 0.078125 0.215625 0.278125 0.334375 0.325000 0.339062 0.332813 0.382812 0.332813 0.382812 0.328125 0.409375 0.306250 0.418750 0.284375 0.420312 0.171875 0.426563 0.170313 0.426563 0.131250 0.420312 0.129688 0.414062 0.106250 0.389062 0.078125
0 0.239063 0.303125 0.215625 0.303125 0.215625 0.898438 0.245312 0.904687 0.378125 0.912500 0.393750 0.914062 0.395313 0.920312 0.425000 0.920312 0.426563 0.914062 0.451562 0.903125 0.465625 0.889062 0.473438 0.865625 0.479687 0.793750 0.487500 0.485938 0.489063 0.467187 0.495312 0.465625 0.495312 0.434375 0.489063 0.432812 0.482812 0.412500 0.467187 0.396875 0.329688 0.345313 0.250000 0.310937 0.246875 0.303125
4 0.676562 0.065625 0.660937 0.065625 0.660937 0.073438 0.651563 0.079687 0.620313 0.075000 0.590625 0.087500 0.553125 0.093750 0.490625 0.089063 0.462500 0.101562 0.446875 0.125000 0.440625 0.126562 0.440625 0.334375 0.448437 0.335938 0.470313 0.370312 0.507812 0.370312 0.509375 0.364063 0.617188 0.312500 0.712500 0.270313 0.739062 0.265625 0.778125 0.223438 0.782813 0.223438 0.782813 0.093750 0.771875 0.089063 0.715625 0.090625 0.687500 0.073438 0.684375 0.065625
5 0.232031 0.640625 0.221875 0.640625 0.221875 0.743750 0.231250 0.748437 0.289062 0.817187 0.343750 0.851562 0.396875 0.864062 0.398438 0.870313 0.443750 0.870313 0.446875 0.862500 0.457813 0.859375 0.457813 0.795312 0.450000 0.789062 0.446875 0.737500 0.440625 0.732812 0.393750 0.731250 0.356250 0.723437 0.264062 0.668750 0.245312 0.651563 0.242188 0.640625
5 0.250625 0.346875 0.215625 0.346875 0.215625 0.604688 0.225000 0.609375 0.243750 0.645312 0.279687 0.671875 0.285938 0.682813 0.414062 0.682813 0.429688 0.640625 0.475000 0.442188 0.457813 0.426563 0.370312 0.393750 0.328125 0.384375 0.262500 0.354687 0.259375 0.346875
0 0.584375 0.559375 0.529687 0.559375 0.509375 0.592187 0.504687 0.637500 0.503125 0.643750 0.499544 0.696678 0.496875 0.882812 0.503125 0.882812 0.529687 0.909375 0.550000 0.917188 0.642188 0.920312 0.664062 0.925000 0.668750 0.932813 0.745313 0.932813 0.748437 0.925000 0.762500 0.920312 0.775000 0.903125 0.782813 0.900000 0.782813 0.668750 0.778125 0.668750 0.756250 0.642188 0.654233 0.594283 0.595313 0.567187 0.592187 0.559375
