0 0.819231 0.148487 0.787661 0.150131 0.761642 0.160988 0.603830 0.240675 0.586006 0.257814 0.577941 0.279594 0.580392 0.381300 0.599142 0.404737 0.621017 0.417237 0.816330 0.484425 0.836642 0.482862 0.852267 0.475050 0.866330 0.454737 0.868322 0.440109 0.868322 0.362675 0.866330 0.350050 0.864767 0.278175 0.855392 0.187550 0.849142 0.175050 0.827267 0.154738
7 0.341980 0.000000 0.229687 0.000000 0.204687 0.060937 0.196875 0.064062 0.196875 0.118750 0.204687 0.121875 0.215625 0.139063 0.240625 0.153125 0.295312 0.167187 0.329688 0.184375 0.364063 0.193750 0.368750 0.201563 0.381250 0.201563 0.381250 0.196875 0.409375 0.171875 0.418750 0.145313 0.445312 0.140625 0.445312 0.056250 0.437500 0.056250 0.428125 0.040625 0.398438 0.014063 0.368750 0.014063 0.384375 0.015625 0.389062 0.025000 0.389062 0.046875 0.378125 0.051562 0.350000 0.000000
0 0.453002 0.000000 0.159375 0.000000 0.159375 0.114062 0.170195 0.123916 0.190625 0.139063 0.203125 0.145313 0.396875 0.207813 0.423438 0.207813 0.453125 0.189062 0.464062 0.165625 0.464062 0.092188 0.462500 0.081250 0.460938 0.000000
0 0.839687 0.000102 0.477517 0.000505 0.483162 0.200948 0.488003 0.215467 0.495312 0.225000 0.515625 0.242188 0.551562 0.250000 0.573438 0.243750 0.748437 0.154688 0.810937 0.120313 0.836461 0.107381 0.845313 0.096875 0.845313 0.003125
4 0.687277 0.453125 0.639062 0.453125 0.635938 0.460938 0.612500 0.467187 0.584375 0.490625 0.584375 0.593750 0.589063 0.593750 0.592187 0.601562 0.593750 0.643750 0.623437 0.696875 0.629687 0.718750 0.629687 0.751563 0.614062 0.776563 0.614062 0.787500 0.645312 0.804688 0.745313 0.804688 0.853125 0.771875 0.864062 0.757812 0.867188 0.728125 0.876563 0.723437 0.876563 0.532813 0.870313 0.532813 0.860938 0.520312 0.845313 0.512500 0.781250 0.493750 0.742188 0.475000 0.701562 0.462500 0.695312 0.453125
0 0.255911 0.180528 0.228811 0.171952 0.205141 0.177097 0.187500 0.184375 0.173437 0.201563 0.165734 0.220295 0.165625 0.801562 0.175000 0.814063 0.192188 0.834375 0.215708 0.845913 0.240625 0.846875 0.470313 0.832812 0.545312 0.821875 0.565625 0.804688 0.582812 0.782813 0.572481 0.592250 0.570312 0.548438 0.559375 0.309375 0.545312 0.285938 0.517188 0.267188 0.292187 0.193750 0.270313 0.185938
0 0.664152 0.442205 0.654600 0.439405 0.629405 0.439734 0.615077 0.446158 0.593750 0.467187 0.587620 0.490523 0.584375 0.635938 0.584375 0.650000 0.584375 0.673438 0.590847 0.774048 0.606172 0.792198 0.622305 0.805909 0.632387 0.812766 0.645695 0.815589 0.686430 0.816800 0.704983 0.815992 0.730794 0.815992 0.826781 0.809136 0.853125 0.801562 0.876563 0.792188 0.876563 0.531250 0.846875 0.509375 0.687500 0.453125 0.683203 0.450998 0.676562 0.448437
1 0.785859 0.003125 0.478125 0.003125 0.478125 0.128125 0.484375 0.129688 0.487500 0.203125 0.496875 0.221875 0.520312 0.240625 0.551562 0.251563 0.554688 0.243750 0.692187 0.175000 0.732812 0.159375 0.807813 0.115625 0.823438 0.096875 0.826562 0.081250 0.832812 0.079687 0.832812 0.075000 0.826562 0.073438 0.809375 0.020313 0.793750 0.007812 0.793750 0.003125
1 0.781250 0.003125 0.490036 0.000083 0.494378 0.193158 0.498052 0.214536 0.510938 0.234375 0.534375 0.243750 0.554688 0.243750 0.682813 0.178125 0.734375 0.157812 0.804688 0.117188 0.826562 0.098437 0.826562 0.059375 0.818750 0.056250 0.807813 0.021875 0.792188 0.010937 0.789062 0.003125
2 0.810262 0.175352 0.819009 0.179563 0.826461 0.187986 0.834884 0.203861 0.837477 0.230428 0.843750 0.270313 0.840392 0.299758 0.843955 0.385288 0.850000 0.395313 0.847844 0.423841 0.847844 0.442308 0.848437 0.454688 0.839063 0.464062 0.821875 0.471875 0.803125 0.471875 0.692187 0.428125 0.621875 0.407813 0.615228 0.403106 0.607778 0.401486 0.596114 0.394683 0.584775 0.375569 0.584375 0.273438 0.587500 0.270313 0.607453 0.261530 0.614256 0.253753 0.627216 0.249866 0.643414 0.242739 0.653134 0.234963 0.662530 0.232047 0.670628 0.225892 0.678728 0.223623 0.687475 0.216172 0.699786 0.213256 0.715013 0.201270 0.730241 0.195763 0.760694 0.185070 0.784992 0.171788 0.803134 0.172113
5 0.359375 0.400000 0.343750 0.396875 0.337500 0.401562 0.334375 0.393750 0.337500 0.403125 0.345313 0.403125 0.345313 0.421875 0.479687 0.578125 0.504687 0.601562 0.526563 0.604688 0.557813 0.537500 0.559375 0.507812
5 0.190625 0.496875 0.189062 0.535937 0.196875 0.571875 0.220312 0.646875 0.264062 0.726562 0.262500 0.765625 0.271875 0.789062 0.342187 0.773438 0.359375 0.782813 0.368750 0.801562 0.384375 0.814063 0.404687 0.803125 0.468750 0.704688 0.459375 0.635938 0.275000 0.437500 0.250000 0.446875 0.229687 0.443750 0.215625 0.448437 0.203125 0.464062
5 0.276562 0.320312 0.276562 0.343750 0.320312 0.392188 0.339062 0.385937 0.493750 0.470313 0.507812 0.476562 0.526563 0.471875 0.540625 0.440625 0.540625 0.423438 0.525000 0.409375 0.514062 0.356250 0.495312 0.318750 0.471875 0.310937 0.426563 0.321875 0.398438 0.306250 0.339062 0.257812 0.321875 0.257812 0.295312 0.278125
