7 0.419922 0.803125 0.329688 0.803125 0.326562 0.810937 0.298438 0.832812 0.254688 0.893750 0.234375 0.909375 0.228125 0.909375 0.228125 0.943750 0.235937 0.950000 0.228125 0.959375 0.235937 0.960938 0.256250 0.998437 0.378125 0.998437 0.396875 0.982812 0.412500 0.956250 0.457813 0.931250 0.481250 0.926562 0.501563 0.914062 0.501563 0.868750 0.495312 0.867188 0.476562 0.839063 0.450000 0.818750 0.431250 0.810937 0.428125 0.803125
6 0.635491 0.659375 0.585938 0.659375 0.578125 0.676562 0.559375 0.689063 0.559375 0.925000 0.609375 0.940625 0.609375 0.951562 0.585938 0.964063 0.596875 0.973437 0.651563 0.984375 0.673438 0.998437 0.714063 0.998437 0.726562 0.989062 0.731250 0.998437 0.750000 0.998437 0.760938 0.973437 0.795312 0.943750 0.815625 0.914062 0.825000 0.857812 0.832812 0.853125 0.832812 0.771875 0.826562 0.770312 0.804688 0.728125 0.787500 0.714063 0.746875 0.693750 0.667188 0.675000 0.646875 0.667188 0.643750 0.659375
2 0.800520 0.346875 0.756250 0.346875 0.751563 0.356250 0.614062 0.426563 0.553125 0.468750 0.553125 0.589063 0.589063 0.612500 0.721875 0.659375 0.775000 0.682813 0.776563 0.689063 0.795312 0.689063 0.796875 0.682813 0.815625 0.673438 0.828125 0.660937 0.839063 0.639062 0.845313 0.637500 0.845313 0.601562 0.840625 0.601562 0.837500 0.593750 0.832812 0.543750 0.835938 0.443750 0.831250 0.387500 0.809375 0.346875
0 0.760591 0.118750 0.490625 0.123438 0.476562 0.128125 0.453125 0.146875 0.453125 0.410938 0.457813 0.410938 0.479687 0.437500 0.492188 0.443750 0.495312 0.451562 0.540625 0.451562 0.543750 0.443750 0.575000 0.431250 0.748437 0.328125 0.809375 0.296875 0.839063 0.267188 0.845313 0.267188 0.845313 0.159375 0.817187 0.134375 0.768750 0.118750
0 0.800313 0.340625 0.764062 0.340625 0.760938 0.348438 0.745313 0.357812 0.596875 0.432812 0.546875 0.471875 0.546875 0.589063 0.584375 0.615625 0.778125 0.687500 0.782813 0.695312 0.796875 0.695312 0.798438 0.689063 0.820312 0.678125 0.837500 0.657813 0.845313 0.634375 0.848748 0.629177 0.848748 0.606317 0.845313 0.600000 0.845313 0.571875 0.847633 0.563192 0.846795 0.543120 0.845313 0.537500 0.840625 0.498437 0.840625 0.389062 0.828125 0.365625 0.809375 0.346875 0.809375 0.340625
0 0.638281 0.653125 0.578125 0.653125 0.570312 0.667188 0.553125 0.679688 0.553125 0.984375 0.557813 0.984375 0.568750 0.998437 0.804688 0.998437 0.836820 0.975406 0.847294 0.955245 0.845313 0.935937 0.845313 0.759375 0.840700 0.745989 0.829838 0.728598 0.812500 0.721875 0.737500 0.689063 0.651563 0.660937 0.646875 0.653125
5 0.248264 0.415625 0.184375 0.415625 0.167187 0.465625 0.175000 0.564063 0.168750 0.579688 0.159375 0.584375 0.159375 0.793750 0.165625 0.795312 0.173437 0.810937 0.179688 0.850000 0.196875 0.882812 0.293750 0.806250 0.320312 0.795312 0.364063 0.800000 0.409375 0.787500 0.495312 0.748437 0.520312 0.728125 0.520312 0.717187 0.507812 0.709375 0.489063 0.684375 0.464062 0.628125 0.450000 0.620313 0.443750 0.603125 0.370312 0.506250 0.357812 0.484375 0.357812 0.465625 0.314063 0.434375 0.289062 0.437500 0.275000 0.426563 0.259375 0.423438 0.256250 0.415625
0 0.216992 0.378125 0.160938 0.378125 0.160938 0.384375 0.142187 0.404687 0.134375 0.406250 0.134375 0.985938 0.142187 0.989062 0.145313 0.998437 0.515625 0.998437 0.529687 0.971875 0.525000 0.750000 0.529687 0.634375 0.523438 0.525000 0.503125 0.493750 0.475000 0.478125 0.328125 0.429688 0.245312 0.395313 0.228125 0.385937 0.225000 0.378125
0 0.373206 0.121875 0.164062 0.121875 0.135937 0.159375 0.128125 0.162500 0.128125 0.309375 0.132812 0.309375 0.159375 0.337500 0.184375 0.350000 0.350000 0.406250 0.353125 0.414062 0.392188 0.414062 0.395313 0.406250 0.421875 0.389062 0.432812 0.365625 0.439063 0.364063 0.439063 0.220312 0.432812 0.218750 0.429688 0.192188 0.417187 0.157812 0.406250 0.143750 0.384375 0.129688 0.381250 0.121875
5 0.356250 0.453125 0.346875 0.453125 0.346875 0.475000 0.354687 0.476562 0.370312 0.506250 0.420312 0.573438 0.434375 0.587500 0.457813 0.579688 0.467187 0.590625 0.473438 0.614062 0.484375 0.614062 0.484375 0.607812 0.506250 0.564063 0.514062 0.560937 0.514062 0.539062 0.509375 0.539062 0.493750 0.521875 0.454688 0.506250 0.425000 0.482812 0.368750 0.460938 0.365625 0.453125
4 0.459375 0.151562 0.450000 0.192188 0.453125 0.368750 0.464062 0.412500 0.476562 0.429688 0.500000 0.443750 0.525000 0.445312 0.565625 0.432812 0.596875 0.406250 0.671875 0.373437 0.701562 0.346875 0.739062 0.332813 0.764062 0.314063 0.812500 0.292187 0.832812 0.268750 0.842187 0.223438 0.837500 0.164062 0.801562 0.131250 0.725000 0.123438 0.692187 0.129688 0.659375 0.126562 0.595313 0.140625 0.540625 0.123438 0.532813 0.109375 0.512500 0.104688 0.489063 0.126562 0.473438 0.132812
6 0.134375 0.173437 0.131250 0.237500 0.148438 0.309375 0.168750 0.335938 0.354687 0.407813 0.389062 0.407813 0.418750 0.393750 0.434375 0.360938 0.431250 0.226562 0.426563 0.189062 0.400000 0.145313 0.378125 0.132812 0.350000 0.137500 0.317188 0.123438 0.181250 0.121875 0.156250 0.132812
