4 0.568750 0.084375 0.546875 0.085938 0.526563 0.103125 0.482812 0.121875 0.471875 0.139063 0.471025 0.143331 0.471875 0.306250 0.476562 0.337500 0.487500 0.359375 0.512500 0.375000 0.545312 0.373437 0.589063 0.351562 0.628125 0.339062 0.656250 0.320312 0.784375 0.259375 0.831250 0.231250 0.842187 0.218750 0.845313 0.201563 0.845313 0.129688 0.837500 0.103125 0.814063 0.082812 0.808477 0.079817 0.717569 0.081514 0.710938 0.084375 0.693750 0.087500 0.682813 0.085938 0.679752 0.081998 0.621875 0.084375 0.606250 0.084375
0 0.806166 0.078125 0.520312 0.084375 0.503125 0.089063 0.489063 0.100000 0.473813 0.113506 0.468484 0.132153 0.468105 0.335380 0.472291 0.349080 0.484375 0.362500 0.507812 0.379688 0.528995 0.382189 0.546875 0.378125 0.826562 0.240625 0.843750 0.217188 0.849817 0.196852 0.849817 0.162219 0.845313 0.120313 0.835938 0.100000 0.817187 0.085938
0 0.248177 0.309375 0.207813 0.309375 0.187500 0.339062 0.178125 0.365625 0.171875 0.565625 0.165625 0.567187 0.165625 0.890625 0.201563 0.920312 0.229687 0.929688 0.421875 0.934375 0.479687 0.926562 0.520312 0.896875 0.526563 0.876563 0.532813 0.737500 0.539062 0.735938 0.539062 0.454688 0.532813 0.453125 0.521875 0.423438 0.506250 0.409375 0.364063 0.353125 0.262500 0.318750 0.256250 0.309375
5 0.250000 0.634375 0.231250 0.634375 0.221875 0.710938 0.215625 0.712500 0.221875 0.715625 0.221875 0.735938 0.215625 0.737500 0.215625 0.856250 0.239063 0.867188 0.340625 0.868750 0.431250 0.881250 0.456250 0.879687 0.457813 0.837500 0.476562 0.829688 0.476562 0.820312 0.465625 0.818750 0.456250 0.826562 0.446875 0.826562 0.403125 0.818750 0.314063 0.751563 0.295312 0.728125 0.260937 0.657813 0.259375 0.634375
7 0.407813 0.109375 0.376563 0.109375 0.373437 0.118750 0.339062 0.139063 0.301563 0.140625 0.264062 0.148438 0.234375 0.170313 0.234375 0.248438 0.242188 0.251563 0.254688 0.290625 0.279687 0.303125 0.346875 0.317188 0.384375 0.307812 0.421875 0.306250 0.435937 0.296875 0.442188 0.284375 0.445312 0.239063 0.434375 0.209375 0.443750 0.193750 0.443750 0.167187 0.415625 0.109375
5 0.313392 0.453125 0.262500 0.453125 0.256250 0.464062 0.246875 0.540625 0.242188 0.548438 0.228125 0.554688 0.228125 0.607812 0.246875 0.621875 0.315625 0.748437 0.393750 0.814063 0.420312 0.825000 0.446875 0.825000 0.453125 0.820312 0.464062 0.793750 0.482812 0.681250 0.512500 0.564063 0.520312 0.560937 0.520312 0.535937 0.384375 0.479687 0.326562 0.460938 0.321875 0.453125
0 0.617287 0.566006 0.601305 0.565245 0.576562 0.578125 0.561344 0.591884 0.555255 0.605966 0.553125 0.896875 0.565150 0.913848 0.575000 0.920312 0.584939 0.928311 0.609375 0.934375 0.707812 0.939063 0.798438 0.939063 0.831250 0.928125 0.853125 0.893750 0.853125 0.689063 0.844491 0.668380 0.826562 0.653125 0.659375 0.584375 0.650000 0.579688
0 0.412305 0.084375 0.228125 0.084375 0.223438 0.093750 0.184375 0.123438 0.184375 0.260937 0.190625 0.260937 0.206250 0.276562 0.231250 0.289062 0.375000 0.340625 0.410938 0.342187 0.435937 0.328125 0.451562 0.298438 0.457813 0.296875 0.457813 0.134375 0.451562 0.132812 0.442188 0.109375 0.420312 0.084375
0 0.806770 0.278125 0.781316 0.277533 0.760938 0.285938 0.595977 0.374198 0.575425 0.385234 0.559441 0.405405 0.556016 0.504353 0.572000 0.527948 0.597498 0.543933 0.645831 0.563723 0.771420 0.612817 0.791209 0.619667 0.819372 0.617003 0.839542 0.601780 0.852102 0.583894 0.856669 0.570192 0.851341 0.443081 0.846875 0.325000 0.839542 0.302270 0.815625 0.284375
5 0.267923 0.376861 0.242188 0.371875 0.242188 0.378125 0.237097 0.395130 0.234375 0.492188 0.240625 0.492188 0.246875 0.504687 0.253125 0.496875 0.259375 0.464062 0.270313 0.454688 0.290625 0.451562 0.379688 0.479687 0.479687 0.520312 0.496875 0.518750 0.500000 0.482812 0.501563 0.476562 0.507812 0.475000 0.507812 0.439063 0.495312 0.429688 0.412500 0.410938 0.370312 0.395313 0.281250 0.379688 0.274773 0.378384
3 0.769898 0.314448 0.787405 0.316731 0.799963 0.323581 0.811761 0.336141 0.813283 0.461730 0.810239 0.516531 0.815566 0.557633 0.814425 0.572856 0.809097 0.588459 0.800723 0.596452 0.788166 0.602541 0.777128 0.603302 0.767188 0.601562 0.613102 0.532516 0.575045 0.514628 0.565911 0.502450 0.567814 0.424433 0.575806 0.413016 0.591409 0.398934 0.671709 0.360117 0.736027 0.327387 0.757339 0.320917
1 0.647734 0.594930 0.712431 0.623092 0.774464 0.647830 0.810239 0.660769 0.816328 0.685125 0.820514 0.695400 0.827745 0.720898 0.825081 0.803483 0.826222 0.827841 0.825000 0.856250 0.800000 0.887500 0.782813 0.893750 0.725000 0.887500 0.685937 0.909375 0.679688 0.918750 0.661816 0.911947 0.646875 0.918750 0.631250 0.893750 0.578125 0.881250 0.567187 0.871875 0.563247 0.856383 0.562500 0.825000 0.560937 0.823438 0.558680 0.709102 0.561725 0.695020 0.567814 0.648209 0.564008 0.628039 0.563628 0.620047 0.560937 0.612500 0.577328 0.592647 0.595216 0.583512 0.618050 0.582370 0.634414 0.588841
