4 0.779531 0.040625 0.628125 0.040625 0.626563 0.046875 0.582812 0.053125 0.503125 0.050000 0.490625 0.056250 0.476562 0.076563 0.475000 0.106250 0.468750 0.118750 0.459375 0.123438 0.459375 0.153125 0.467187 0.159375 0.465625 0.210938 0.459375 0.212500 0.459375 0.273438 0.465625 0.275000 0.468750 0.292187 0.482812 0.314063 0.507812 0.326562 0.509375 0.332813 0.526563 0.332813 0.528125 0.326562 0.701562 0.248438 0.814063 0.185938 0.821875 0.176563 0.832812 0.129688 0.817187 0.085938 0.800000 0.067187 0.787500 0.040625
7 0.313542 0.103125 0.221875 0.103125 0.221875 0.107813 0.215625 0.109375 0.215625 0.143750 0.221875 0.145313 0.229687 0.171875 0.225000 0.201563 0.265625 0.228125 0.293750 0.259375 0.337500 0.276562 0.357812 0.279687 0.371875 0.287500 0.373437 0.295312 0.395313 0.295312 0.398438 0.287500 0.420312 0.276562 0.434375 0.259375 0.439063 0.259375 0.439063 0.243750 0.434375 0.243750 0.429688 0.234375 0.431250 0.121875 0.420312 0.112500 0.337500 0.114062 0.325000 0.110937 0.321875 0.103125
0 0.792067 0.034375 0.490625 0.034375 0.460938 0.075000 0.453125 0.078125 0.453125 0.290625 0.459375 0.292187 0.476562 0.320312 0.500000 0.332813 0.501563 0.339062 0.523438 0.339062 0.525000 0.332813 0.706250 0.250000 0.814063 0.190625 0.831250 0.167187 0.839063 0.164062 0.839063 0.104688 0.832812 0.103125 0.826562 0.067187 0.800000 0.034375
1 0.610938 0.528125 0.579688 0.528125 0.579688 0.532813 0.562500 0.545312 0.554688 0.560937 0.546875 0.564063 0.546875 0.840625 0.551562 0.840625 0.557813 0.853125 0.582812 0.875000 0.634375 0.881250 0.660937 0.889062 0.662500 0.895312 0.732812 0.895312 0.734375 0.889062 0.801562 0.884375 0.846875 0.839063 0.851562 0.839063 0.851562 0.767188 0.845313 0.765625 0.837500 0.731250 0.835938 0.660937 0.826562 0.626563 0.798438 0.601562 0.762500 0.592187 0.667188 0.554688 0.621875 0.535937 0.618750 0.528125
0 0.409319 0.040625 0.196875 0.040625 0.175000 0.070312 0.165625 0.075000 0.165625 0.214062 0.171875 0.214062 0.184375 0.228125 0.204687 0.239063 0.360938 0.292187 0.387500 0.295312 0.417187 0.284375 0.445312 0.259375 0.445312 0.073438 0.437500 0.070312 0.417187 0.040625
0 0.799108 0.234375 0.746875 0.234375 0.743750 0.242188 0.710938 0.260937 0.581250 0.321875 0.553125 0.343750 0.546875 0.343750 0.546875 0.468750 0.582812 0.490625 0.768750 0.562500 0.771875 0.570312 0.812500 0.570312 0.812500 0.565625 0.834375 0.546875 0.842187 0.532813 0.845313 0.510938 0.851562 0.506250 0.845313 0.504687 0.843750 0.490625 0.843750 0.418750 0.837500 0.384375 0.832812 0.282813 0.807813 0.234375
0 0.622767 0.521875 0.571875 0.521875 0.553125 0.546875 0.546875 0.564063 0.540625 0.565625 0.540625 0.845313 0.548438 0.848437 0.556250 0.865625 0.576562 0.885938 0.600000 0.893750 0.637500 0.895312 0.639062 0.901563 0.682813 0.901563 0.684375 0.895312 0.743750 0.895312 0.745313 0.901563 0.778125 0.901563 0.779687 0.895312 0.817187 0.890625 0.829688 0.884375 0.851562 0.856250 0.857812 0.854688 0.857812 0.725000 0.851562 0.723437 0.850000 0.656250 0.840625 0.623437 0.812500 0.596875 0.637500 0.531250 0.631250 0.521875
1 0.793359 0.253125 0.735938 0.253125 0.734375 0.260937 0.553125 0.351562 0.553125 0.467187 0.559375 0.467187 0.579688 0.482812 0.768750 0.556250 0.771875 0.564063 0.789062 0.564063 0.790625 0.557813 0.812500 0.548438 0.829688 0.520312 0.831250 0.439063 0.823438 0.407813 0.820312 0.290625 0.801562 0.253125
0 0.243164 0.265625 0.184375 0.265625 0.184375 0.271875 0.167187 0.290625 0.159375 0.312500 0.148438 0.521875 0.146875 0.537500 0.140625 0.539062 0.140625 0.860938 0.167187 0.884375 0.207813 0.892188 0.434375 0.895312 0.489063 0.887500 0.514062 0.867188 0.521875 0.851562 0.525000 0.825000 0.528125 0.520312 0.523438 0.390625 0.512500 0.371875 0.495312 0.357812 0.390625 0.317188 0.259375 0.275000 0.251563 0.265625
5 0.431250 0.659375 0.429688 0.665625 0.407813 0.673438 0.373437 0.698438 0.303125 0.718750 0.275000 0.737500 0.239063 0.750000 0.232813 0.750000 0.220312 0.734375 0.214062 0.701562 0.204687 0.693750 0.196875 0.693750 0.196875 0.840625 0.357812 0.842187 0.454688 0.853125 0.475000 0.857812 0.476562 0.864062 0.489063 0.864062 0.493750 0.845313 0.478125 0.798438 0.489063 0.778125 0.489063 0.739062 0.482812 0.715625 0.443750 0.659375
5 0.195312 0.532813 0.195312 0.631250 0.212500 0.678125 0.223438 0.690625 0.229687 0.729688 0.243750 0.740625 0.275000 0.729688 0.284375 0.707812 0.303125 0.707812 0.306250 0.715625 0.331250 0.712500 0.368750 0.690625 0.390625 0.687500 0.400000 0.676562 0.490625 0.635938 0.504687 0.626563 0.509375 0.614062 0.509375 0.595313 0.498437 0.564063 0.451562 0.479687 0.446875 0.442188 0.429688 0.434375 0.389062 0.342187 0.378125 0.335938 0.362500 0.337500 0.285938 0.375000 0.250000 0.407813 0.229687 0.442188
5 0.206250 0.376563 0.209375 0.428125 0.223438 0.453125 0.245312 0.417187 0.292187 0.365625 0.234375 0.359375 0.209375 0.368750
5 0.404687 0.375000 0.459375 0.501563 0.479687 0.525000 0.485938 0.465625 0.470313 0.389062 0.456250 0.379688
