1 0.171428 0.128125 0.064062 0.128125 0.039062 0.171875 0.010937 0.332813 0.003125 0.337500 0.003125 0.470313 0.160938 0.470313 0.162500 0.464062 0.179688 0.464062 0.181250 0.470313 0.198437 0.470313 0.200000 0.464062 0.215625 0.464062 0.217188 0.470313 0.237500 0.470313 0.239063 0.464062 0.284375 0.460938 0.303125 0.454688 0.339062 0.428125 0.339062 0.392188 0.331250 0.390625 0.312500 0.357812 0.206250 0.159375 0.179688 0.128125
0 0.912458 0.121875 0.629687 0.121875 0.607812 0.176563 0.587500 0.246875 0.578125 0.268750 0.571875 0.270313 0.571875 0.326562 0.604688 0.354687 0.643750 0.362500 0.779687 0.364063 0.896875 0.359375 0.932813 0.351562 0.959375 0.323437 0.964063 0.323437 0.964063 0.289062 0.954688 0.281250 0.943750 0.245312 0.920312 0.121875
2 0.541998 0.128125 0.285938 0.128125 0.282813 0.135937 0.259375 0.146875 0.259375 0.190625 0.267188 0.192188 0.342187 0.328125 0.360938 0.350000 0.385937 0.360938 0.489063 0.360938 0.509375 0.353125 0.518750 0.342187 0.581250 0.185938 0.589063 0.182812 0.589063 0.157812 0.582812 0.157812 0.568750 0.142187 0.551562 0.134375 0.550000 0.128125
4 0.895312 0.121875 0.629687 0.121875 0.601562 0.195312 0.595313 0.232813 0.579688 0.278125 0.571875 0.281250 0.571875 0.321875 0.578125 0.321875 0.601562 0.350000 0.618750 0.357812 0.743750 0.362500 0.751563 0.364063 0.753125 0.370312 0.771875 0.362500 0.906250 0.356250 0.937500 0.350000 0.964063 0.326562 0.964063 0.295312 0.956250 0.292187 0.931250 0.184375 0.903125 0.121875
5 0.586980 0.403125 0.567187 0.403125 0.567187 0.409375 0.526563 0.465625 0.507812 0.462500 0.507812 0.476562 0.514062 0.484375 0.503125 0.503125 0.482812 0.520312 0.478125 0.507812 0.484375 0.490625 0.479687 0.481250 0.470313 0.482812 0.459375 0.501563 0.456250 0.526563 0.471875 0.534375 0.470313 0.543750 0.445312 0.576562 0.442188 0.596875 0.398438 0.643750 0.385937 0.665625 0.371875 0.673438 0.354687 0.717187 0.346875 0.720313 0.346875 0.831250 0.353125 0.831250 0.364063 0.845313 0.378125 0.853125 0.378125 0.857812 0.473438 0.857812 0.475000 0.851562 0.481250 0.851562 0.482812 0.857812 0.484375 0.851562 0.503125 0.848437 0.631250 0.842187 0.659375 0.826562 0.665625 0.820312 0.664062 0.807813 0.678125 0.803125 0.682813 0.795312 0.695312 0.821875 0.743750 0.814063 0.751563 0.807813 0.764062 0.810937 0.770312 0.803125 0.776563 0.803125 0.778125 0.793750 0.810937 0.779687 0.839063 0.759375 0.909375 0.695312 0.928125 0.706250 0.932813 0.721875 0.942187 0.726562 0.945312 0.746875 0.951562 0.748437 0.951562 0.651563 0.942187 0.646875 0.931250 0.615625 0.903125 0.582812 0.835938 0.553125 0.692187 0.460938 0.667188 0.451562 0.629687 0.425000 0.600000 0.410938 0.596875 0.403125
0 0.578089 0.121875 0.248438 0.121875 0.246875 0.128125 0.240625 0.128125 0.240625 0.173437 0.250000 0.178125 0.262500 0.196875 0.339062 0.331250 0.359375 0.353125 0.387500 0.364063 0.389062 0.370312 0.484375 0.370312 0.485938 0.364063 0.521875 0.350000 0.546875 0.318750 0.603125 0.165625 0.603125 0.151562 0.585938 0.128125 0.585938 0.121875
0 0.196733 0.121875 0.029687 0.121875 0.029687 0.128125 0.000000 0.164062 0.000000 0.476562 0.112500 0.476562 0.114062 0.470313 0.284375 0.465625 0.318750 0.451562 0.343750 0.420312 0.350000 0.404687 0.346875 0.381250 0.204687 0.121875
0 0.942158 0.371875 0.534375 0.371875 0.534375 0.376563 0.526563 0.379688 0.431250 0.384375 0.396875 0.396875 0.371875 0.431250 0.276562 0.657813 0.235937 0.768750 0.228125 0.771875 0.228125 0.851562 0.250000 0.868750 0.251563 0.876563 0.735938 0.876563 0.737500 0.870313 0.782813 0.865625 0.998437 0.851562 0.998437 0.418750 0.954688 0.381250 0.950000 0.371875
7 0.047395 0.553125 0.003125 0.553125 0.003125 0.832812 0.025000 0.823438 0.037500 0.826562 0.037500 0.840625 0.050000 0.857812 0.146875 0.857812 0.160938 0.837500 0.175000 0.796875 0.198437 0.765625 0.220312 0.721875 0.268750 0.609375 0.276562 0.606250 0.276562 0.571875 0.253125 0.562500 0.214062 0.559375 0.140625 0.575000 0.101562 0.575000 0.060937 0.560937 0.056250 0.553125
0 0.243548 0.484375 0.003125 0.484375 0.003125 0.876563 0.064062 0.876563 0.065625 0.882812 0.087500 0.882812 0.089063 0.876563 0.140625 0.876563 0.157812 0.865625 0.192188 0.804688 0.231250 0.700000 0.276562 0.604688 0.289062 0.560937 0.295312 0.559375 0.295312 0.539062 0.289062 0.537500 0.278125 0.512500 0.251563 0.490625 0.251563 0.484375
5 0.937500 0.653125 0.932813 0.667188 0.909375 0.696875 0.860938 0.743750 0.817187 0.776563 0.746875 0.806250 0.746875 0.820312 0.781250 0.825000 0.860938 0.825000 0.964063 0.821875 0.998437 0.814063 0.998437 0.731250 0.989062 0.728125 0.979688 0.717187 0.953125 0.667188 0.951562 0.653125
5 0.865234 0.409375 0.840625 0.409375 0.840625 0.414062 0.831250 0.418750 0.690625 0.456250 0.690625 0.467187 0.698438 0.467187 0.795312 0.525000 0.875000 0.584375 0.912500 0.606250 0.914062 0.614062 0.926562 0.614062 0.926562 0.590625 0.915625 0.584375 0.900000 0.537500 0.873437 0.409375
5 0.494375 0.446875 0.459375 0.446875 0.442188 0.504687 0.385937 0.621875 0.354687 0.712500 0.346875 0.717187 0.346875 0.726562 0.378125 0.726562 0.400000 0.668750 0.434375 0.615625 0.456250 0.568750 0.515625 0.485938 0.525000 0.465625 0.506250 0.454688 0.503125 0.446875
