6 0.220312 0.121875 0.150000 0.121875 0.150000 0.128125 0.125000 0.156250 0.085938 0.182812 0.070312 0.200000 0.056250 0.225000 0.032813 0.290625 0.020313 0.298438 0.003125 0.298438 0.003125 0.348438 0.010937 0.350000 0.026562 0.378125 0.031250 0.426563 0.050000 0.451562 0.325000 0.451562 0.326562 0.445312 0.359375 0.429688 0.371875 0.417187 0.376563 0.404687 0.382812 0.403125 0.382812 0.359375 0.375000 0.356250 0.354687 0.310937 0.320312 0.264062 0.293750 0.207813 0.231250 0.131250 0.228125 0.121875
0 0.289019 0.465625 0.014063 0.465625 0.014063 0.471875 0.003125 0.476562 0.003125 0.876563 0.137500 0.876563 0.142187 0.867188 0.182812 0.840625 0.201563 0.821875 0.309375 0.585938 0.318750 0.567187 0.326562 0.564063 0.326562 0.492188 0.300000 0.473438 0.296875 0.465625
5 0.685547 0.378125 0.660937 0.378125 0.657813 0.390625 0.640625 0.415625 0.620313 0.435937 0.587500 0.457813 0.504687 0.540625 0.501563 0.550000 0.495312 0.553125 0.504687 0.559375 0.478125 0.587500 0.471875 0.584375 0.475000 0.592187 0.487500 0.581250 0.501563 0.585938 0.489063 0.601562 0.476562 0.601562 0.484375 0.609375 0.481250 0.617188 0.465625 0.625000 0.450000 0.603125 0.445312 0.603125 0.421875 0.629687 0.415625 0.629687 0.415625 0.651563 0.420312 0.651563 0.457813 0.690625 0.429688 0.745313 0.415625 0.757812 0.415625 0.778125 0.437500 0.785937 0.464062 0.776563 0.500000 0.776563 0.514062 0.784375 0.553125 0.782813 0.557813 0.789062 0.564063 0.784375 0.584375 0.782813 0.603125 0.807813 0.631250 0.793750 0.653125 0.790625 0.670312 0.795312 0.673438 0.803125 0.682813 0.804688 0.690625 0.814063 0.684375 0.825000 0.664062 0.820312 0.632812 0.821875 0.612500 0.814063 0.615625 0.821875 0.601562 0.825000 0.598437 0.839063 0.604688 0.839063 0.614062 0.828125 0.639062 0.832812 0.640625 0.839063 0.728125 0.839063 0.729688 0.832812 0.860938 0.823438 0.901563 0.814063 0.998437 0.737500 0.998437 0.612500 0.956250 0.582812 0.934375 0.560937 0.865625 0.520312 0.804688 0.467187 0.764062 0.443750 0.700000 0.389062 0.693750 0.378125
2 0.579541 0.140625 0.332813 0.140625 0.329688 0.148438 0.303125 0.162500 0.303125 0.201563 0.317188 0.214062 0.367188 0.304688 0.392188 0.335938 0.428125 0.351562 0.429688 0.357812 0.529687 0.357812 0.531250 0.351562 0.546875 0.346875 0.560937 0.332813 0.618750 0.192188 0.617188 0.168750 0.606250 0.156250 0.590625 0.148438 0.587500 0.140625
7 0.202764 0.490625 0.104688 0.490625 0.092188 0.509375 0.037500 0.632812 0.025000 0.646875 0.003125 0.657813 0.003125 0.795312 0.178125 0.795312 0.184375 0.781250 0.207813 0.776563 0.220312 0.767188 0.279687 0.637500 0.284375 0.600000 0.279687 0.578125 0.257812 0.537500 0.237500 0.512500 0.212500 0.496875 0.210938 0.490625
0 0.229395 0.121875 0.107813 0.121875 0.107813 0.126562 0.079687 0.153125 0.025000 0.289062 0.017188 0.295312 0.003125 0.295312 0.003125 0.360938 0.009375 0.362500 0.009375 0.367188 0.003125 0.368750 0.003125 0.423438 0.007812 0.423438 0.020313 0.440625 0.040625 0.448437 0.071875 0.451562 0.073438 0.457813 0.110937 0.457813 0.112500 0.451562 0.125000 0.450000 0.318750 0.450000 0.359375 0.434375 0.381250 0.406250 0.389062 0.403125 0.389062 0.367188 0.382812 0.365625 0.353125 0.307812 0.318750 0.257812 0.301563 0.220312 0.237500 0.121875
0 0.584375 0.121875 0.318750 0.121875 0.312500 0.132812 0.296875 0.140625 0.296875 0.195312 0.307812 0.203125 0.370312 0.312500 0.392188 0.339062 0.412500 0.351562 0.465625 0.357812 0.467187 0.364063 0.485938 0.364063 0.487500 0.357812 0.529687 0.354687 0.557813 0.340625 0.571875 0.321875 0.618750 0.201563 0.625000 0.189062 0.632812 0.185938 0.632812 0.157812 0.626563 0.157812 0.592187 0.126562 0.592187 0.121875
0 0.648438 0.371875 0.460938 0.371875 0.457813 0.379688 0.443750 0.384375 0.421875 0.406250 0.287500 0.703125 0.278125 0.709375 0.278125 0.840625 0.284375 0.840625 0.314063 0.862500 0.317188 0.870313 0.557813 0.870313 0.564063 0.862500 0.614062 0.857812 0.695312 0.857812 0.801562 0.845313 0.998437 0.839063 0.998437 0.381250 0.990625 0.379688 0.987500 0.371875 0.689063 0.371875 0.684375 0.382812 0.664062 0.382812 0.656250 0.371875
0 0.888889 0.121875 0.681250 0.121875 0.650000 0.167187 0.640625 0.204687 0.617188 0.256250 0.609375 0.259375 0.609375 0.320312 0.615625 0.320312 0.631250 0.337500 0.651563 0.348438 0.707812 0.357812 0.825000 0.357812 0.928125 0.351562 0.959375 0.345313 0.989062 0.328125 0.989062 0.284375 0.981250 0.281250 0.965625 0.245312 0.950000 0.178125 0.935937 0.153125 0.921875 0.139063 0.898438 0.128125 0.896875 0.121875
5 0.876563 0.440625 0.848437 0.440625 0.845313 0.448437 0.823438 0.459375 0.803125 0.462500 0.803125 0.473438 0.810937 0.475000 0.839063 0.500000 0.867188 0.521875 0.882812 0.529687 0.903125 0.546875 0.931250 0.557813 0.934375 0.564063 0.935937 0.545312 0.926562 0.517188 0.915625 0.492188 0.906250 0.481250 0.898438 0.462500 0.885938 0.445312 0.885938 0.440625
4 0.867120 0.121875 0.693750 0.121875 0.692187 0.128125 0.673438 0.132812 0.639062 0.179688 0.634375 0.207813 0.617188 0.256250 0.609375 0.260937 0.609375 0.317188 0.648438 0.346875 0.715625 0.364063 0.717187 0.370312 0.751563 0.370312 0.754687 0.362500 0.779687 0.354687 0.900000 0.353125 0.953125 0.348438 0.970313 0.340625 0.979688 0.329688 0.981250 0.314063 0.973437 0.290625 0.973437 0.265625 0.960938 0.240625 0.959375 0.192188 0.946875 0.168750 0.929688 0.150000 0.893750 0.131250 0.876563 0.128125 0.875000 0.121875
