6 0.171205 0.146875 0.120313 0.146875 0.115625 0.168750 0.095312 0.206250 0.054688 0.339062 0.051562 0.356250 0.056250 0.370312 0.040625 0.387500 0.015625 0.398438 0.015625 0.432812 0.021875 0.432812 0.032813 0.453125 0.048438 0.465625 0.106250 0.470313 0.107813 0.476562 0.335938 0.476562 0.337500 0.470313 0.368750 0.454688 0.382812 0.439063 0.387500 0.425000 0.385937 0.412500 0.346875 0.342187 0.337500 0.301563 0.315625 0.279687 0.301563 0.232813 0.262500 0.179688 0.237500 0.167187 0.184375 0.154688 0.179688 0.146875
4 0.739844 0.140625 0.714063 0.140625 0.710938 0.148438 0.662500 0.187500 0.637500 0.275000 0.628125 0.298438 0.621875 0.300000 0.621875 0.353125 0.628125 0.353125 0.660937 0.378125 0.728125 0.387500 0.732812 0.395313 0.812500 0.395313 0.817187 0.387500 0.862500 0.384375 0.965625 0.387500 0.998437 0.379688 0.998437 0.275000 0.993750 0.271875 0.975000 0.210938 0.953125 0.184375 0.920312 0.159375 0.879687 0.148438 0.875000 0.140625 0.756250 0.140625 0.754687 0.146875 0.750000 0.146875 0.748437 0.140625
0 0.234114 0.146875 0.145313 0.146875 0.142187 0.157812 0.121875 0.167187 0.101562 0.192188 0.034375 0.389062 0.020313 0.404687 0.009375 0.409375 0.009375 0.426563 0.015625 0.428125 0.028125 0.451562 0.065625 0.470313 0.067187 0.476562 0.329688 0.476562 0.332813 0.468750 0.362500 0.457813 0.387500 0.434375 0.393750 0.409375 0.376563 0.365625 0.335938 0.295312 0.323437 0.260937 0.278125 0.178125 0.262500 0.162500 0.245312 0.154688 0.242188 0.146875
5 0.719062 0.459375 0.682813 0.459375 0.681250 0.467187 0.598437 0.529687 0.457813 0.667188 0.451562 0.639062 0.450000 0.651563 0.432812 0.665625 0.426563 0.651563 0.418750 0.646875 0.421875 0.631250 0.401562 0.653125 0.331250 0.767188 0.315625 0.778125 0.315625 0.796875 0.335938 0.810937 0.339062 0.832812 0.353125 0.845313 0.379688 0.845313 0.425000 0.862500 0.510938 0.868750 0.515625 0.876563 0.845313 0.876563 0.848437 0.868750 0.998437 0.796875 0.998437 0.678125 0.978125 0.665625 0.800000 0.515625 0.732812 0.468750 0.728125 0.459375
3 0.582812 0.178125 0.356250 0.178125 0.353125 0.185938 0.328125 0.196875 0.328125 0.240625 0.337500 0.245312 0.378125 0.326562 0.407813 0.368750 0.426563 0.376563 0.481250 0.384375 0.545312 0.384375 0.559375 0.378125 0.575000 0.360938 0.631250 0.237500 0.639062 0.234375 0.639062 0.207813 0.625000 0.195312 0.592187 0.184375 0.590625 0.178125
0 0.292053 0.490625 0.021875 0.490625 0.020313 0.498437 0.000000 0.510938 0.000000 0.882812 0.007812 0.882812 0.009375 0.876563 0.159375 0.871875 0.160938 0.865625 0.190625 0.840625 0.217188 0.781250 0.284375 0.664062 0.301563 0.621875 0.325000 0.584375 0.332813 0.581250 0.332813 0.520312 0.303125 0.498437 0.300000 0.490625
0 0.510938 0.403125 0.471875 0.403125 0.468750 0.410938 0.435937 0.434375 0.421875 0.454688 0.307812 0.690625 0.267188 0.767188 0.253125 0.778125 0.253125 0.853125 0.260937 0.854688 0.270313 0.871875 0.387500 0.876563 0.714063 0.875000 0.731250 0.876563 0.732812 0.882812 0.770312 0.882812 0.771875 0.876563 0.812500 0.875000 0.940625 0.876563 0.942187 0.882812 0.975000 0.882812 0.976562 0.876563 0.995313 0.875000 0.995313 0.403125 0.753125 0.403125 0.751563 0.409375 0.740625 0.410938 0.720313 0.409375 0.718750 0.403125 0.525000 0.403125 0.523438 0.409375 0.518750 0.403125
0 0.875000 0.140625 0.734375 0.140625 0.732812 0.146875 0.704688 0.154688 0.679688 0.171875 0.668750 0.182812 0.651563 0.217188 0.642188 0.264062 0.629687 0.295312 0.621875 0.298438 0.621875 0.356250 0.628125 0.356250 0.654687 0.379688 0.693750 0.389062 0.767188 0.395313 0.843750 0.389062 0.957812 0.393750 0.998437 0.389062 0.998437 0.253125 0.981250 0.214062 0.964063 0.189062 0.940625 0.167187 0.914062 0.153125 0.884375 0.146875 0.882812 0.140625
5 0.913542 0.496875 0.846875 0.496875 0.842187 0.504687 0.809375 0.512500 0.809375 0.525000 0.817187 0.526563 0.998437 0.679688 0.998437 0.592187 0.982812 0.579688 0.953125 0.534375 0.921875 0.501563 0.921875 0.496875
0 0.613933 0.159375 0.335938 0.159375 0.331250 0.168750 0.309375 0.182812 0.309375 0.217188 0.317188 0.220312 0.329688 0.239063 0.370312 0.323437 0.404687 0.368750 0.435937 0.385937 0.465625 0.389062 0.467187 0.395313 0.539062 0.395313 0.540625 0.389062 0.571875 0.373437 0.590625 0.353125 0.648438 0.218750 0.650000 0.193750 0.621875 0.159375
7 0.192045 0.546875 0.112500 0.546875 0.110937 0.553125 0.075000 0.568750 0.040625 0.592187 0.012500 0.631250 0.003125 0.635938 0.003125 0.832812 0.150000 0.832812 0.143750 0.807813 0.151562 0.796875 0.165625 0.795312 0.182812 0.778125 0.215625 0.773438 0.234375 0.751563 0.265625 0.695312 0.287500 0.643750 0.295312 0.640625 0.295312 0.626563 0.287500 0.623437 0.278125 0.606250 0.257812 0.585938 0.215625 0.557813 0.203125 0.554688 0.200000 0.546875
