5 0.322395 0.384375 0.304688 0.384375 0.304688 0.389062 0.284375 0.406250 0.267188 0.440625 0.246875 0.464062 0.243750 0.518750 0.235937 0.540625 0.228125 0.542188 0.228125 0.660937 0.234375 0.662500 0.248438 0.695312 0.298438 0.737500 0.300000 0.745313 0.318750 0.745313 0.326562 0.732812 0.346875 0.721875 0.432812 0.645312 0.489063 0.604688 0.414062 0.498437 0.354687 0.425000 0.331250 0.384375
4 0.543750 0.078125 0.542188 0.084375 0.526563 0.090625 0.492188 0.096875 0.467187 0.107813 0.445312 0.132812 0.440625 0.132812 0.440625 0.300000 0.448437 0.303125 0.454688 0.318750 0.475000 0.331250 0.478125 0.339062 0.504687 0.339062 0.507812 0.331250 0.657813 0.254688 0.704688 0.240625 0.748437 0.206250 0.760938 0.182812 0.764062 0.154688 0.770312 0.153125 0.770312 0.140625 0.764062 0.139063 0.757812 0.115625 0.746875 0.103125 0.723437 0.090625 0.692187 0.085938 0.689063 0.078125 0.634375 0.078125 0.629687 0.085938 0.589063 0.090625 0.554688 0.084375 0.553125 0.078125
0 0.245052 0.278125 0.204687 0.278125 0.182812 0.320312 0.178125 0.471875 0.171875 0.473438 0.171875 0.801562 0.190625 0.810937 0.195312 0.820312 0.465625 0.820312 0.490625 0.782813 0.495312 0.659375 0.501563 0.657813 0.501563 0.390625 0.496875 0.390625 0.489063 0.376563 0.467187 0.359375 0.262500 0.289062 0.253125 0.278125
3 0.732589 0.265625 0.684375 0.265625 0.676562 0.276562 0.521875 0.350000 0.521875 0.454688 0.570312 0.481250 0.704688 0.531250 0.707812 0.539062 0.734375 0.539062 0.753125 0.517188 0.762500 0.493750 0.754687 0.298438 0.740625 0.265625
0 0.600869 0.509375 0.532813 0.509375 0.518750 0.532813 0.515625 0.570312 0.509375 0.571875 0.509375 0.579688 0.515625 0.581250 0.517188 0.596875 0.517188 0.625000 0.509375 0.631250 0.509375 0.721875 0.515625 0.723437 0.517188 0.764062 0.525000 0.793750 0.532813 0.807813 0.553125 0.818750 0.556250 0.826562 0.734375 0.826562 0.737500 0.818750 0.765625 0.801562 0.776563 0.778125 0.782813 0.776563 0.782813 0.610938 0.776563 0.609375 0.765625 0.584375 0.753125 0.573438 0.618750 0.520312 0.609375 0.509375
0 0.390489 0.078125 0.215625 0.078125 0.210938 0.087500 0.184375 0.104688 0.184375 0.229687 0.215625 0.251563 0.356250 0.300000 0.359375 0.307812 0.390625 0.307812 0.393750 0.300000 0.417187 0.282813 0.426563 0.242188 0.426563 0.123438 0.398438 0.078125
5 0.437500 0.653125 0.418750 0.653125 0.414062 0.664062 0.385937 0.684375 0.325000 0.717187 0.296875 0.720313 0.260937 0.703125 0.243750 0.704688 0.234375 0.710938 0.234375 0.764062 0.265625 0.773438 0.365625 0.782813 0.367188 0.789062 0.454688 0.789062 0.456250 0.710938 0.446875 0.653125
5 0.298264 0.340625 0.234375 0.340625 0.234375 0.457813 0.250000 0.460938 0.260937 0.451562 0.279687 0.412500 0.295312 0.395313 0.310937 0.389062 0.332813 0.393750 0.414062 0.495312 0.464062 0.568750 0.478125 0.579688 0.481250 0.470313 0.475000 0.453125 0.470313 0.392188 0.448437 0.381250 0.312500 0.348438 0.306250 0.340625
0 0.727936 0.078125 0.471875 0.078125 0.448437 0.107813 0.440625 0.110937 0.440625 0.314063 0.470313 0.335938 0.503125 0.337500 0.654687 0.260937 0.700000 0.243750 0.745313 0.215625 0.770312 0.193750 0.770312 0.110937 0.737500 0.085938 0.735938 0.078125
0 0.737500 0.253125 0.690625 0.253125 0.687500 0.260937 0.550000 0.328125 0.532813 0.339062 0.521875 0.353125 0.515625 0.353125 0.515625 0.451562 0.545312 0.475000 0.581250 0.492188 0.659375 0.517188 0.710938 0.539062 0.712500 0.545312 0.740625 0.545312 0.740625 0.540625 0.776563 0.509375 0.776563 0.312500 0.770312 0.310937 0.764062 0.282813 0.745313 0.253125
6 0.593750 0.515625 0.539062 0.515625 0.525000 0.540625 0.521875 0.575000 0.515625 0.576562 0.515625 0.582812 0.521875 0.584375 0.523438 0.607812 0.521875 0.631250 0.515625 0.632812 0.515625 0.698438 0.520312 0.698438 0.525000 0.707812 0.526563 0.754687 0.540625 0.793750 0.560937 0.801562 0.562500 0.807813 0.587500 0.807813 0.596875 0.796875 0.626563 0.795312 0.648438 0.800000 0.651563 0.807813 0.665625 0.807813 0.667188 0.801562 0.700000 0.795312 0.720313 0.782813 0.743750 0.748437 0.757812 0.712500 0.764062 0.710938 0.764062 0.645312 0.757812 0.643750 0.746875 0.596875 0.726562 0.578125 0.607812 0.525000 0.601562 0.515625
7 0.256250 0.154688 0.239063 0.221875 0.226562 0.229687 0.226562 0.245312 0.248438 0.257812 0.262500 0.259375 0.285938 0.246875 0.303125 0.259375 0.364063 0.260937 0.382812 0.254688 0.407813 0.231250 0.415625 0.209375 0.417187 0.160938 0.410938 0.140625 0.401562 0.132812 0.368750 0.129688 0.334375 0.135937 0.318750 0.125000 0.289062 0.126562
