2 0.637469 0.128125 0.253125 0.128125 0.253125 0.179688 0.262500 0.185938 0.356250 0.367188 0.378125 0.400000 0.409375 0.417187 0.512500 0.417187 0.543750 0.403125 0.564063 0.371875 0.617188 0.223438 0.639062 0.173437 0.645312 0.171875 0.645312 0.128125
4 0.192125 0.128125 0.003125 0.128125 0.003125 0.532813 0.045312 0.542188 0.140625 0.545312 0.296875 0.534375 0.331250 0.518750 0.351562 0.485938 0.357812 0.484375 0.357812 0.445312 0.348438 0.437500 0.328125 0.375000 0.301563 0.328125 0.257812 0.231250 0.218750 0.173437 0.200000 0.128125
7 0.172869 0.603125 0.089063 0.603125 0.076563 0.623437 0.065625 0.657813 0.039062 0.676562 0.021875 0.696875 0.006250 0.735938 0.004687 0.767188 0.000000 0.773438 0.000000 0.856250 0.009375 0.865625 0.009375 0.876563 0.210938 0.876563 0.228125 0.845313 0.231250 0.828125 0.206250 0.812500 0.207813 0.795312 0.235937 0.775000 0.232813 0.753125 0.265625 0.732812 0.282813 0.693750 0.289062 0.689063 0.281250 0.685937 0.270313 0.662500 0.254688 0.646875 0.218750 0.623437 0.182812 0.609375 0.181250 0.603125
1 0.965580 0.128125 0.698438 0.128125 0.665625 0.206250 0.629687 0.321875 0.621875 0.325000 0.621875 0.381250 0.628125 0.381250 0.648438 0.403125 0.670312 0.412500 0.689063 0.414062 0.690625 0.420312 0.857812 0.420312 0.859375 0.414062 0.870313 0.412500 0.953125 0.414062 0.998437 0.404687 0.998437 0.223438 0.992188 0.212500 0.985938 0.159375 0.973437 0.128125
0 0.990502 0.121875 0.697291 0.127239 0.682813 0.170313 0.656250 0.226562 0.631250 0.307812 0.618208 0.344594 0.621875 0.384375 0.653125 0.410938 0.695312 0.425000 0.926562 0.425000 0.998437 0.418750 0.998437 0.121875
0 0.649933 0.124020 0.240625 0.121875 0.240625 0.175000 0.246875 0.175000 0.254688 0.187500 0.345313 0.367188 0.378125 0.409375 0.400000 0.421875 0.417187 0.425000 0.500000 0.423438 0.543264 0.416500 0.556250 0.400000 0.575000 0.376563 0.629687 0.218750 0.650000 0.181250 0.657813 0.178125 0.660967 0.129539
0 0.249853 0.565625 0.003125 0.565625 0.003125 0.876563 0.231250 0.876563 0.232813 0.851562 0.250000 0.785937 0.265625 0.759375 0.293750 0.681250 0.298438 0.671875 0.307812 0.667188 0.307812 0.623437 0.300000 0.620313 0.284375 0.590625 0.260937 0.573438 0.257812 0.565625
0 0.190625 0.121875 0.003125 0.121875 0.003125 0.550000 0.217188 0.548438 0.278125 0.543750 0.323437 0.532813 0.340625 0.520312 0.356250 0.493750 0.364063 0.490625 0.364063 0.429688 0.356250 0.426563 0.256250 0.228125 0.220312 0.175000 0.198437 0.121875
5 0.956162 0.490625 0.821875 0.490625 0.817187 0.498437 0.784375 0.504687 0.570312 0.523438 0.506250 0.535937 0.407813 0.568750 0.387500 0.582812 0.387500 0.603125 0.378125 0.607812 0.378125 0.646875 0.385937 0.650000 0.392188 0.664062 0.403125 0.753125 0.426563 0.778125 0.464062 0.770312 0.512500 0.771875 0.706250 0.684375 0.776563 0.650000 0.825000 0.585938 0.864062 0.553125 0.921875 0.531250 0.964063 0.531250 0.964063 0.490625
0 0.990625 0.446875 0.451562 0.446875 0.448437 0.454688 0.426563 0.464062 0.406250 0.485938 0.364063 0.581250 0.343750 0.648438 0.334375 0.710938 0.321875 0.751563 0.315625 0.753125 0.315625 0.875000 0.960938 0.875000 0.998437 0.870313 0.998437 0.446875
5 0.823958 0.703125 0.806250 0.703125 0.804688 0.709375 0.715625 0.748437 0.664062 0.776563 0.645312 0.789062 0.645312 0.807813 0.629687 0.815625 0.626563 0.821875 0.614062 0.821875 0.595313 0.809375 0.578125 0.825000 0.553125 0.832812 0.553125 0.853125 0.601562 0.868750 0.606250 0.876563 0.700000 0.876563 0.703125 0.862500 0.775000 0.823438 0.834375 0.778125 0.870313 0.757812 0.882812 0.775000 0.915625 0.759375 0.934375 0.784375 0.945312 0.787500 0.945312 0.703125 0.892188 0.703125 0.889062 0.710938 0.881250 0.712500 0.837500 0.710938 0.832812 0.703125
5 0.993750 0.628125 0.990625 0.643750 0.978125 0.657813 0.926562 0.698438 0.898438 0.714063 0.901563 0.721875 0.887500 0.737500 0.851562 0.760938 0.840625 0.762500 0.832812 0.771875 0.809375 0.771875 0.801562 0.759375 0.801562 0.732812 0.796875 0.726562 0.785937 0.726562 0.778125 0.728125 0.773438 0.739062 0.778125 0.745313 0.773438 0.764062 0.779687 0.771875 0.750000 0.776563 0.746875 0.789062 0.743750 0.778125 0.729688 0.767188 0.729688 0.757812 0.739062 0.751563 0.731250 0.748437 0.714063 0.751563 0.646875 0.784375 0.646875 0.793750 0.678125 0.793750 0.685937 0.807813 0.682813 0.817187 0.646875 0.815625 0.646875 0.871875 0.943750 0.870313 0.960938 0.829688 0.968750 0.796875 0.989062 0.751563 0.998437 0.742188 0.998437 0.628125
