4 0.781094 0.000000 0.470313 0.000000 0.465625 0.017188 0.415625 0.057813 0.415625 0.185938 0.421875 0.187500 0.426563 0.209375 0.426563 0.306250 0.437500 0.340625 0.459375 0.364063 0.482812 0.373437 0.520312 0.371875 0.554688 0.360938 0.795312 0.232813 0.846875 0.185938 0.853125 0.176563 0.856250 0.143750 0.864062 0.140625 0.864062 0.131250 0.856250 0.126562 0.857812 0.106250 0.864062 0.104688 0.864062 0.082812 0.857812 0.081250 0.854688 0.057813 0.840625 0.040625 0.837500 0.025000 0.823438 0.012500 0.795312 0.009375 0.789062 0.000000
5 0.184375 0.479687 0.164062 0.503125 0.140625 0.593750 0.134375 0.595313 0.134375 0.760938 0.142187 0.767188 0.153125 0.825000 0.181250 0.879687 0.221875 0.921875 0.289062 0.929688 0.362500 0.931250 0.373437 0.945312 0.385937 0.945312 0.385937 0.937500 0.401562 0.925000 0.484375 0.923438 0.495312 0.915625 0.495312 0.875000 0.465625 0.868750 0.440625 0.848437 0.248438 0.518750 0.232813 0.504687 0.185938 0.481250
2 0.811458 0.271875 0.767188 0.271875 0.764062 0.279687 0.578125 0.381250 0.546875 0.404687 0.546875 0.542188 0.578125 0.565625 0.620313 0.573438 0.748437 0.615625 0.795312 0.628125 0.814063 0.626563 0.825000 0.620313 0.839063 0.606250 0.846875 0.587500 0.850000 0.492188 0.857812 0.487500 0.857812 0.423438 0.850000 0.418750 0.845313 0.314063 0.832812 0.289062 0.820312 0.278125 0.820312 0.271875
1 0.634180 0.615625 0.578125 0.615625 0.578125 0.620313 0.553125 0.640625 0.553125 0.812500 0.559375 0.814063 0.560937 0.825000 0.560937 0.914062 0.570312 0.929688 0.614062 0.935937 0.620313 0.965625 0.637500 0.979688 0.684375 0.982812 0.698438 0.987500 0.704688 0.998437 0.743750 0.998437 0.768750 0.968750 0.807813 0.960938 0.826562 0.950000 0.846875 0.928125 0.851562 0.912500 0.857812 0.910937 0.857812 0.750000 0.851562 0.748437 0.842187 0.703125 0.821875 0.684375 0.723437 0.648438 0.693750 0.632812 0.646875 0.623437 0.642188 0.615625
0 0.838970 0.003125 0.443750 0.003125 0.443750 0.009375 0.415625 0.032813 0.415625 0.279687 0.421875 0.281250 0.429688 0.334375 0.456250 0.371875 0.478125 0.382812 0.479687 0.389062 0.517188 0.389062 0.518750 0.382812 0.585938 0.353125 0.784375 0.243750 0.837500 0.210938 0.865625 0.181250 0.870313 0.181250 0.870313 0.039062 0.865625 0.039062 0.846875 0.015625 0.846875 0.003125
0 0.354687 0.003125 0.128125 0.003125 0.128125 0.287500 0.153125 0.289062 0.173437 0.284375 0.212500 0.292187 0.303125 0.329688 0.318750 0.337500 0.321875 0.345313 0.351562 0.345313 0.354687 0.337500 0.373437 0.331250 0.392188 0.314063 0.400000 0.295312 0.407813 0.292187 0.407813 0.173437 0.401562 0.171875 0.400000 0.164062 0.390625 0.050000 0.362500 0.003125
0 0.628645 0.609375 0.584375 0.609375 0.556250 0.643750 0.546875 0.648438 0.546875 0.823438 0.553125 0.825000 0.554688 0.835938 0.554688 0.887500 0.553125 0.895312 0.546875 0.896875 0.546875 0.914062 0.553125 0.915625 0.554688 0.956250 0.564063 0.985938 0.571875 0.998437 0.781250 0.998437 0.790625 0.992188 0.840625 0.985938 0.864062 0.960938 0.870313 0.960938 0.870313 0.707812 0.835938 0.682813 0.696875 0.629687 0.642188 0.617188 0.637500 0.609375
0 0.831055 0.259375 0.775000 0.259375 0.762500 0.273438 0.684375 0.315625 0.654687 0.337500 0.568750 0.378125 0.545312 0.404687 0.540625 0.404687 0.540625 0.539062 0.550000 0.543750 0.559375 0.559375 0.589063 0.576562 0.771875 0.634375 0.792188 0.643750 0.795312 0.651563 0.835938 0.651563 0.835938 0.645312 0.860938 0.625000 0.868750 0.609375 0.873437 0.579688 0.871875 0.326562 0.865625 0.292187 0.842187 0.270313 0.839063 0.259375
7 0.276562 0.053125 0.229687 0.053125 0.228125 0.059375 0.196875 0.079687 0.192188 0.114062 0.184375 0.120313 0.139063 0.089063 0.121875 0.085938 0.121875 0.228125 0.140625 0.239063 0.143750 0.254688 0.157812 0.273438 0.201563 0.279687 0.246875 0.303125 0.329688 0.329688 0.359375 0.312500 0.379688 0.281250 0.382812 0.245312 0.389062 0.243750 0.389062 0.171875 0.382812 0.170313 0.381250 0.156250 0.367188 0.128125 0.350000 0.106250 0.326562 0.087500 0.290625 0.079687 0.284375 0.053125
0 0.263980 0.334375 0.121875 0.334375 0.121875 0.995313 0.521875 0.995313 0.525000 0.984375 0.532813 0.981250 0.532813 0.784375 0.526563 0.782813 0.520312 0.703125 0.515625 0.490625 0.501563 0.442188 0.487500 0.425000 0.465625 0.412500 0.331250 0.370312 0.279687 0.345313 0.271875 0.334375
5 0.326042 0.965625 0.259375 0.965625 0.259375 0.984375 0.264062 0.984375 0.267188 0.989062 0.259375 0.992188 0.259375 0.998437 0.470313 0.998437 0.470313 0.965625 0.379688 0.965625 0.378125 0.973437 0.367188 0.975000 0.335938 0.971875 0.334375 0.965625
