0 0.374934 0.059375 0.193750 0.059375 0.193750 0.064062 0.151562 0.106250 0.146875 0.106250 0.146875 0.220312 0.196875 0.248438 0.326562 0.293750 0.331250 0.301563 0.371875 0.301563 0.371875 0.296875 0.400000 0.273438 0.406250 0.257812 0.407813 0.229687 0.414062 0.228125 0.414062 0.107813 0.407813 0.106250 0.401562 0.084375 0.382812 0.059375
1 0.572917 0.528125 0.531250 0.528125 0.509375 0.562500 0.503125 0.564063 0.503125 0.840625 0.510938 0.843750 0.526563 0.865625 0.562500 0.878125 0.751563 0.879687 0.768750 0.873437 0.782813 0.859375 0.789062 0.845313 0.795312 0.843750 0.795312 0.742188 0.789062 0.740625 0.787500 0.648438 0.782813 0.631250 0.760938 0.606250 0.626563 0.554688 0.582812 0.534375 0.581250 0.528125
2 0.750977 0.259375 0.692187 0.259375 0.689063 0.267188 0.612500 0.307812 0.526563 0.346875 0.517188 0.362500 0.509375 0.365625 0.509375 0.459375 0.551562 0.489063 0.732812 0.557813 0.734375 0.564063 0.746875 0.564063 0.748437 0.557813 0.765625 0.551562 0.778125 0.535937 0.782813 0.503125 0.789062 0.492188 0.795312 0.490625 0.795312 0.482812 0.785937 0.478125 0.781250 0.462500 0.775000 0.289062 0.759375 0.259375
0 0.220139 0.271875 0.156250 0.271875 0.137500 0.304688 0.129688 0.375000 0.128125 0.381250 0.121875 0.862500 0.157812 0.879687 0.323437 0.887500 0.442188 0.882812 0.459375 0.870313 0.473438 0.835938 0.476562 0.709375 0.470313 0.603125 0.481250 0.478125 0.482812 0.471875 0.489063 0.470313 0.489063 0.406250 0.482812 0.404687 0.468750 0.375000 0.451562 0.359375 0.248438 0.287500 0.231250 0.279687 0.228125 0.271875
7 0.335742 0.128125 0.279687 0.128125 0.279687 0.132812 0.257812 0.151562 0.229687 0.195312 0.220312 0.204687 0.209375 0.207813 0.209375 0.246875 0.265625 0.268750 0.296875 0.262500 0.310937 0.282813 0.326562 0.290625 0.357812 0.293750 0.384375 0.284375 0.396875 0.267188 0.401562 0.226562 0.407813 0.225000 0.407813 0.187500 0.401562 0.185938 0.395313 0.170313 0.379688 0.168750 0.343750 0.132812 0.343750 0.128125
0 0.577678 0.521875 0.528125 0.521875 0.528125 0.528125 0.510938 0.543750 0.503125 0.560937 0.496875 0.562500 0.496875 0.862500 0.525000 0.887500 0.546875 0.895312 0.770312 0.901563 0.795312 0.875000 0.800000 0.862500 0.801562 0.653125 0.785937 0.620313 0.770312 0.604688 0.701562 0.571875 0.623437 0.546875 0.592187 0.532813 0.585938 0.521875
0 0.754464 0.240625 0.717328 0.251083 0.675000 0.264062 0.525000 0.335938 0.507812 0.356250 0.503125 0.356250 0.503125 0.460938 0.543750 0.490625 0.728125 0.562500 0.764062 0.570312 0.789062 0.546875 0.796875 0.531250 0.800000 0.448437 0.792188 0.301563 0.787500 0.281250
0 0.741916 0.046875 0.564063 0.046875 0.562500 0.053125 0.553125 0.054688 0.464062 0.054688 0.446875 0.064062 0.429688 0.092188 0.421875 0.095312 0.421875 0.307812 0.439063 0.321875 0.457813 0.334375 0.457813 0.339062 0.495312 0.339062 0.496875 0.332813 0.617188 0.275000 0.709375 0.218750 0.773438 0.190625 0.789062 0.164062 0.795312 0.162500 0.795312 0.120313 0.789062 0.118750 0.779687 0.078125 0.765625 0.060937 0.750000 0.051562 0.750000 0.046875
5 0.212500 0.346875 0.200000 0.431250 0.196875 0.539062 0.184375 0.659375 0.171875 0.728125 0.165625 0.729688 0.165625 0.845313 0.189062 0.851562 0.290625 0.837500 0.346875 0.814063 0.356250 0.803125 0.339062 0.762500 0.334375 0.734375 0.339062 0.660937 0.251563 0.439063 0.220312 0.346875
4 0.742000 0.053125 0.550000 0.053125 0.548438 0.059375 0.512500 0.065625 0.470313 0.060937 0.453125 0.067187 0.421875 0.089063 0.421875 0.289062 0.428125 0.290625 0.443750 0.321875 0.467187 0.332813 0.507812 0.326562 0.700000 0.234375 0.764062 0.198437 0.773438 0.189062 0.782813 0.160938 0.789062 0.159375 0.789062 0.140625 0.781250 0.135937 0.771875 0.087500 0.750000 0.053125
5 0.298125 0.334375 0.265625 0.334375 0.265625 0.343750 0.273438 0.346875 0.289062 0.382812 0.379688 0.626563 0.398438 0.656250 0.429688 0.673438 0.432812 0.682813 0.445312 0.682813 0.459375 0.623437 0.464062 0.573438 0.470313 0.571875 0.470313 0.526563 0.464062 0.525000 0.459375 0.501563 0.432812 0.446875 0.353125 0.365625 0.309375 0.342187 0.306250 0.334375
