7 0.323958 0.096875 0.306250 0.096875 0.293750 0.115625 0.267188 0.125000 0.251563 0.142187 0.221875 0.154688 0.203125 0.168750 0.203125 0.221875 0.210938 0.221875 0.246875 0.245312 0.353125 0.285938 0.359375 0.295312 0.392188 0.295312 0.395313 0.287500 0.420312 0.270313 0.428125 0.256250 0.437500 0.159375 0.443750 0.145313 0.440625 0.121875 0.426563 0.107813 0.401562 0.104688 0.389062 0.110937 0.376563 0.126562 0.360938 0.128125 0.332813 0.101562 0.332813 0.096875
0 0.403125 0.040625 0.215625 0.040625 0.215625 0.045312 0.184375 0.071875 0.173437 0.112500 0.165625 0.117188 0.171875 0.209375 0.209375 0.235937 0.285938 0.260937 0.365625 0.293750 0.386030 0.300338 0.390625 0.301563 0.392188 0.295312 0.412500 0.285938 0.431250 0.260937 0.442188 0.195312 0.443750 0.140625 0.445312 0.081250 0.415625 0.050000
1 0.597917 0.546875 0.556250 0.546875 0.531250 0.587500 0.521875 0.695312 0.515625 0.696875 0.515625 0.884375 0.520312 0.884375 0.543750 0.910937 0.570312 0.921875 0.712500 0.932813 0.714063 0.939063 0.782813 0.939063 0.784375 0.932813 0.815625 0.909375 0.826562 0.873437 0.832812 0.871875 0.832812 0.826562 0.826562 0.825000 0.825000 0.793750 0.826562 0.745313 0.832812 0.743750 0.832812 0.675000 0.825000 0.671875 0.807813 0.646875 0.779687 0.628125 0.756250 0.618750 0.723437 0.596875 0.659375 0.579688 0.609375 0.554688 0.606250 0.546875
2 0.793359 0.271875 0.735938 0.271875 0.729688 0.281250 0.562500 0.353125 0.553125 0.362500 0.548438 0.376563 0.540625 0.379688 0.540625 0.478125 0.564063 0.496875 0.595313 0.512500 0.760938 0.585938 0.789062 0.587500 0.806250 0.576562 0.820312 0.554688 0.825000 0.462500 0.840625 0.453125 0.843750 0.432812 0.828125 0.387500 0.823438 0.312500 0.801562 0.271875
4 0.610730 0.053125 0.498437 0.053125 0.473438 0.098437 0.460938 0.176563 0.453125 0.182812 0.453125 0.298438 0.460938 0.301563 0.475000 0.323437 0.492188 0.331250 0.495312 0.339062 0.534375 0.339062 0.534375 0.334375 0.545312 0.328125 0.765625 0.235937 0.807813 0.214062 0.826562 0.196875 0.820312 0.109375 0.810937 0.090625 0.801562 0.082812 0.632812 0.062500 0.620313 0.059375 0.618750 0.053125
0 0.673242 0.053125 0.489063 0.053125 0.467187 0.093750 0.462500 0.153125 0.459375 0.165625 0.453125 0.310937 0.475000 0.328125 0.503125 0.339062 0.545312 0.332813 0.785937 0.228125 0.812500 0.214062 0.839063 0.192188 0.839063 0.101562 0.796875 0.067187 0.759375 0.053125 0.698438 0.053125 0.681250 0.053125
0 0.601562 0.540625 0.554688 0.540625 0.529687 0.571875 0.517188 0.698438 0.515625 0.900000 0.532813 0.923438 0.546875 0.929688 0.646875 0.943750 0.817187 0.951562 0.834375 0.929688 0.851562 0.900000 0.851562 0.695312 0.839063 0.667188 0.812500 0.635938 0.756250 0.607812 0.615625 0.551562
0 0.800000 0.253125 0.750000 0.260937 0.692187 0.289062 0.564063 0.340625 0.548438 0.353125 0.540625 0.373437 0.539062 0.473438 0.559375 0.496875 0.745313 0.582812 0.792188 0.601562 0.834375 0.573438 0.843750 0.540625 0.839063 0.312500 0.834375 0.292187 0.807813 0.253125
0 0.234202 0.259375 0.170313 0.259375 0.150000 0.295312 0.129688 0.417187 0.128125 0.423438 0.121875 0.425000 0.121875 0.896875 0.164062 0.920312 0.276562 0.932813 0.278125 0.939063 0.443750 0.939063 0.446875 0.931250 0.468750 0.915625 0.484375 0.882812 0.492188 0.743750 0.490625 0.665625 0.510938 0.442188 0.514062 0.428125 0.514062 0.407813 0.503125 0.381250 0.478125 0.360938 0.340625 0.301563 0.245312 0.267188 0.242188 0.259375
5 0.207813 0.334375 0.200000 0.334375 0.200000 0.365625 0.165625 0.621875 0.160938 0.712500 0.146875 0.809375 0.140625 0.810937 0.140625 0.850000 0.160938 0.856250 0.171875 0.868750 0.239063 0.843750 0.278125 0.837500 0.345313 0.801562 0.371875 0.775000 0.382812 0.775000 0.382812 0.750000 0.375000 0.751563 0.371875 0.764062 0.364063 0.759375 0.362500 0.746875 0.370312 0.734375 0.365625 0.707812 0.292187 0.500000 0.284375 0.484375 0.239063 0.446875 0.218750 0.415625 0.207813 0.376563 0.215625 0.334375
