7 0.300000 0.250000 0.298438 0.282813 0.303125 0.290625 0.350000 0.317188 0.381250 0.318750 0.410938 0.304688 0.417187 0.295312 0.418750 0.245312 0.371875 0.218750 0.320312 0.226562
7 0.240625 0.243750 0.239063 0.257812 0.246875 0.270313 0.265625 0.284375 0.282813 0.285938 0.296875 0.281250 0.296875 0.264062 0.318750 0.225000 0.295312 0.203125 0.275000 0.201563 0.250000 0.218750
7 0.328125 0.140625 0.296875 0.200000 0.323437 0.221875 0.370312 0.215625 0.400000 0.229687 0.400000 0.207813 0.407813 0.196875 0.423438 0.192188 0.421875 0.150000 0.414062 0.139063 0.389062 0.128125 0.360938 0.128125
7 0.231250 0.198437 0.226562 0.209375 0.246875 0.217188 0.276562 0.200000 0.292187 0.198437 0.310937 0.167187 0.307812 0.150000 0.287500 0.151562
4 0.445312 0.195312 0.442188 0.265625 0.448437 0.331250 0.476562 0.357812 0.510938 0.362500 0.784375 0.242188 0.815625 0.201563 0.814063 0.135937 0.803125 0.104688 0.790625 0.096875 0.725000 0.104688 0.632812 0.081250 0.573438 0.081250 0.520312 0.092188 0.484375 0.087500 0.471875 0.092188 0.459375 0.114062
2 0.532813 0.409375 0.531250 0.485938 0.545312 0.510938 0.740625 0.596875 0.770312 0.596875 0.789062 0.582812 0.796875 0.562500 0.790625 0.325000 0.779687 0.306250 0.757812 0.295312 0.737500 0.296875 0.660937 0.326562 0.551562 0.381250
1 0.521875 0.715625 0.526563 0.740625 0.521875 0.750000 0.525000 0.789062 0.518750 0.873437 0.521875 0.887500 0.542188 0.912500 0.587500 0.921875 0.753125 0.925000 0.776563 0.920312 0.795312 0.903125 0.803125 0.871875 0.801562 0.689063 0.782813 0.653125 0.587500 0.568750 0.562500 0.565625 0.542188 0.576562 0.528125 0.600000
5 0.187500 0.473438 0.185938 0.601562 0.160938 0.829688 0.192188 0.812500 0.340625 0.685937 0.243750 0.506250
5 0.275000 0.362500 0.268750 0.370312 0.290625 0.418750 0.292187 0.490625 0.375000 0.623437 0.387500 0.592187 0.389062 0.542188 0.370312 0.462500 0.356250 0.432812 0.331250 0.403125 0.303125 0.375000
5 0.189062 0.814063 0.181250 0.821875 0.184375 0.859375 0.189062 0.875000 0.203125 0.879687 0.250000 0.870313 0.296875 0.851562 0.345313 0.848437 0.370312 0.839063 0.406250 0.810937 0.406250 0.801562 0.351562 0.698438 0.340625 0.690625 0.328125 0.695312
5 0.231250 0.326562 0.229687 0.334375 0.246875 0.343750 0.387500 0.654687 0.435937 0.739062 0.445312 0.743750 0.470313 0.692187 0.478125 0.637500 0.476562 0.510938 0.457813 0.456250 0.431250 0.418750 0.404687 0.398438 0.393750 0.396875 0.348438 0.367188 0.290625 0.345313 0.276562 0.345313 0.253125 0.323437
0 0.567187 0.556250 0.565625 0.557813 0.554688 0.557813 0.553125 0.559375 0.550000 0.559375 0.548438 0.560937 0.546875 0.560937 0.545312 0.562500 0.543750 0.562500 0.542188 0.564063 0.540625 0.564063 0.523438 0.581250 0.523438 0.582812 0.521875 0.584375 0.521875 0.585938 0.520312 0.587500 0.520312 0.589063 0.518750 0.590625 0.518750 0.593750 0.517188 0.595313 0.517188 0.610938 0.515625 0.612500 0.515625 0.632812 0.514062 0.634375 0.514062 0.648438 0.512500 0.650000 0.512500 0.660937 0.510938 0.662500 0.510938 0.676562 0.509375 0.678125 0.509375 0.751563 0.510938 0.753125 0.510938 0.793750 0.512500 0.795312 0.506250 0.801562 0.506250 0.803125 0.504687 0.804688 0.504687 0.867188 0.506250 0.868750 0.506250 0.876563 0.503125 0.879687 0.503125 0.892188 0.504687 0.893750 0.504687 0.895312 0.506250 0.896875 0.506250 0.898438 0.507812 0.900000 0.507812 0.901563 0.509375 0.903125 0.509375 0.904687 0.510938 0.906250 0.510938 0.909375 0.512500 0.910937 0.512500 0.914062 0.514062 0.915625 0.514062 0.918750 0.517188 0.921875 0.518750 0.921875 0.521875 0.925000 0.523438 0.925000 0.525000 0.926562 0.526563 0.926562 0.537500 0.937500 0.540625 0.937500 0.542188 0.939063 0.546875 0.939063 0.550000 0.942187 0.551562 0.942187 0.553125 0.943750 0.554688 0.943750 0.556250 0.945312 0.557813 0.945312 0.564063 0.951562 0.650000 0.951562 0.651563 0.953125 0.712500 0.953125 0.714063 0.954688 0.776563 0.954688 0.778125 0.953125 0.782813 0.953125 0.784375 0.951562 0.785937 0.951562 0.787500 0.950000 0.789062 0.950000 0.790625 0.948438 0.792188 0.948438 0.793750 0.946875 0.795312 0.946875 0.798438 0.943750 0.800000 0.943750 0.803125 0.940625 0.803125 0.939063 0.807813 0.934375 0.807813 0.932813 0.814063 0.926562 0.814063 0.925000 0.815625 0.923438 0.815625 0.920312 0.817187 0.918750 0.817187 0.915625 0.818750 0.914062 0.818750 0.904687 0.820312 0.903125 0.820312 0.898438 0.821875 0.896875 0.821875 0.850000 0.823438 0.848437 0.823438 0.834375 0.821875 0.832812 0.821875 0.767188 0.820312 0.765625 0.820312 0.757812 0.821875 0.756250 0.821875 0.725000 0.820312 0.723437 0.820312 0.701562 0.818750 0.700000 0.818750 0.678125 0.817187 0.676562 0.817187 0.673438 0.814063 0.670312 0.814063 0.667188 0.810937 0.664062 0.810937 0.662500 0.807813 0.659375 0.807813 0.657813 0.798438 0.648438 0.796875 0.648438 0.795312 0.646875 0.793750 0.646875 0.790625 0.643750 0.789062 0.643750 0.787500 0.642188 0.785937 0.642188 0.784375 0.640625 0.782813 0.640625 0.779687 0.637500 0.778125 0.637500 0.776563 0.635938 0.775000 0.635938 0.773438 0.634375 0.771875 0.634375 0.770312 0.632812 0.768750 0.632812 0.767188 0.631250 0.765625 0.631250 0.764062 0.629687 0.762500 0.629687 0.760938 0.628125 0.757812 0.628125 0.756250 0.626563 0.750000 0.626563 0.748437 0.625000 0.739062 0.625000 0.737500 0.623437 0.735938 0.623437 0.731250 0.618750 0.729688 0.618750 0.728125 0.617188 0.726562 0.617188 0.725000 0.615625 0.723437 0.615625 0.721875 0.614062 0.720313 0.614062 0.718750 0.612500 0.717187 0.612500 0.715625 0.610938 0.714063 0.610938 0.712500 0.609375 0.710938 0.609375 0.709375 0.607812 0.707812 0.607812 0.706250 0.606250 0.701562 0.606250 0.700000 0.604688 0.695312 0.604688 0.692187 0.601562 0.690625 0.601562 0.689063 0.600000 0.687500 0.600000 0.685937 0.598437 0.679688 0.598437 0.678125 0.596875 0.676562 0.596875 0.675000 0.595313 0.673438 0.595313 0.668750 0.590625 0.667188 0.590625 0.665625 0.589063 0.664062 0.589063 0.662500 0.587500 0.660937 0.587500 0.659375 0.585938 0.657813 0.585938 0.656250 0.584375 0.653125 0.584375 0.651563 0.582812 0.650000 0.582812 0.648438 0.581250 0.646875 0.581250 0.645312 0.579688 0.643750 0.579688 0.642188 0.578125 0.639062 0.578125 0.637500 0.576562 0.634375 0.576562 0.632812 0.575000 0.629687 0.575000 0.628125 0.573438 0.623437 0.573438 0.621875 0.571875 0.617188 0.571875 0.615625 0.570312 0.610938 0.570312 0.609375 0.568750 0.606250 0.568750 0.604688 0.567187 0.603125 0.567187 0.601562 0.565625 0.600000 0.565625 0.598437 0.564063 0.596875 0.564063 0.595313 0.562500 0.592187 0.562500 0.590625 0.560937 0.587500 0.560937 0.584375 0.557813 0.581250 0.557813 0.579688 0.556250
0 0.753125 0.276562 0.751563 0.278125 0.748437 0.278125 0.746875 0.279687 0.732812 0.279687 0.731250 0.281250 0.728125 0.281250 0.726562 0.282813 0.725000 0.282813 0.717187 0.290625 0.715625 0.290625 0.714063 0.292187 0.712500 0.292187 0.710938 0.293750 0.709375 0.293750 0.707812 0.295312 0.706250 0.295312 0.704688 0.296875 0.701562 0.296875 0.700000 0.298438 0.698438 0.298438 0.696875 0.300000 0.693750 0.300000 0.692187 0.301563 0.690625 0.301563 0.689063 0.303125 0.687500 0.303125 0.685937 0.304688 0.684375 0.304688 0.681250 0.307812 0.679688 0.307812 0.678125 0.309375 0.676562 0.309375 0.673438 0.312500 0.671875 0.312500 0.668750 0.315625 0.664062 0.315625 0.662500 0.317188 0.660937 0.317188 0.659375 0.318750 0.657813 0.318750 0.656250 0.320312 0.653125 0.320312 0.651563 0.321875 0.650000 0.321875 0.648438 0.323437 0.646875 0.323437 0.645312 0.325000 0.642188 0.325000 0.640625 0.326562 0.639062 0.326562 0.637500 0.328125 0.634375 0.328125 0.632812 0.329688 0.629687 0.329688 0.628125 0.331250 0.626563 0.331250 0.625000 0.332813 0.621875 0.332813 0.620313 0.334375 0.618750 0.334375 0.617188 0.335938 0.615625 0.335938 0.614062 0.337500 0.612500 0.337500 0.610938 0.339062 0.609375 0.339062 0.607812 0.340625 0.606250 0.340625 0.603125 0.343750 0.601562 0.343750 0.600000 0.345313 0.598437 0.345313 0.596875 0.346875 0.595313 0.346875 0.593750 0.348438 0.592187 0.348438 0.590625 0.350000 0.589063 0.350000 0.587500 0.351562 0.585938 0.351562 0.584375 0.353125 0.582812 0.353125 0.581250 0.354687 0.578125 0.354687 0.576562 0.356250 0.573438 0.356250 0.571875 0.357812 0.570312 0.357812 0.568750 0.359375 0.567187 0.359375 0.565625 0.360938 0.564063 0.360938 0.562500 0.362500 0.560937 0.362500 0.559375 0.364063 0.557813 0.364063 0.556250 0.365625 0.554688 0.365625 0.551562 0.368750 0.550000 0.368750 0.546875 0.371875 0.545312 0.371875 0.542188 0.375000 0.542188 0.376563 0.539062 0.379688 0.539062 0.381250 0.537500 0.382812 0.537500 0.387500 0.529687 0.395313 0.529687 0.417187 0.531250 0.418750 0.529687 0.420312 0.529687 0.421875 0.528125 0.423438 0.528125 0.426563 0.526563 0.428125 0.526563 0.443750 0.525000 0.445312 0.525000 0.465625 0.523438 0.467187 0.523438 0.485938 0.525000 0.487500 0.525000 0.490625 0.526563 0.492188 0.526563 0.493750 0.528125 0.495312 0.528125 0.496875 0.531250 0.500000 0.531250 0.501563 0.537500 0.507812 0.539062 0.507812 0.542188 0.510938 0.543750 0.510938 0.545312 0.512500 0.546875 0.512500 0.551562 0.517188 0.553125 0.517188 0.556250 0.520312 0.557813 0.520312 0.559375 0.521875 0.560937 0.521875 0.562500 0.523438 0.564063 0.523438 0.568750 0.528125 0.570312 0.528125 0.578125 0.535937 0.579688 0.535937 0.581250 0.537500 0.585938 0.537500 0.587500 0.539062 0.590625 0.539062 0.592187 0.540625 0.593750 0.540625 0.595313 0.542188 0.596875 0.542188 0.598437 0.543750 0.600000 0.543750 0.601562 0.545312 0.603125 0.545312 0.606250 0.548438 0.607812 0.548438 0.609375 0.550000 0.625000 0.550000 0.626563 0.551562 0.629687 0.551562 0.631250 0.553125 0.632812 0.553125 0.634375 0.554688 0.635938 0.554688 0.637500 0.556250 0.639062 0.556250 0.646875 0.564063 0.650000 0.564063 0.651563 0.565625 0.654687 0.565625 0.656250 0.567187 0.659375 0.567187 0.660937 0.568750 0.664062 0.568750 0.665625 0.570312 0.667188 0.570312 0.668750 0.571875 0.670312 0.571875 0.671875 0.573438 0.676562 0.573438 0.678125 0.575000 0.681250 0.575000 0.682813 0.576562 0.684375 0.576562 0.685937 0.578125 0.689063 0.578125 0.690625 0.579688 0.692187 0.579688 0.693750 0.581250 0.695312 0.581250 0.696875 0.582812 0.698438 0.582812 0.700000 0.584375 0.701562 0.584375 0.703125 0.585938 0.707812 0.585938 0.709375 0.587500 0.712500 0.587500 0.714063 0.589063 0.715625 0.589063 0.717187 0.590625 0.718750 0.590625 0.720313 0.592187 0.721875 0.592187 0.725000 0.595313 0.728125 0.595313 0.729688 0.596875 0.732812 0.596875 0.734375 0.598437 0.737500 0.598437 0.739062 0.600000 0.740625 0.600000 0.742188 0.601562 0.746875 0.601562 0.748437 0.603125 0.779687 0.603125 0.781250 0.604688 0.782813 0.604688 0.790625 0.596875 0.792188 0.596875 0.796875 0.592187 0.796875 0.590625 0.798438 0.589063 0.800000 0.589063 0.803125 0.585938 0.804688 0.585938 0.804688 0.584375 0.807813 0.581250 0.807813 0.579688 0.809375 0.578125 0.809375 0.575000 0.810937 0.573438 0.810937 0.556250 0.812500 0.554688 0.812500 0.431250 0.810937 0.429688 0.810937 0.426563 0.812500 0.425000 0.812500 0.331250 0.810937 0.329688 0.810937 0.325000 0.809375 0.323437 0.809375 0.320312 0.807813 0.318750 0.807813 0.314063 0.806250 0.312500 0.806250 0.309375 0.804688 0.307812 0.804688 0.303125 0.803125 0.301563 0.803125 0.298438 0.801562 0.296875 0.801562 0.295312 0.793750 0.287500 0.792188 0.287500 0.790625 0.285938 0.789062 0.285938 0.784375 0.281250 0.782813 0.281250 0.781250 0.279687 0.779687 0.279687 0.778125 0.278125 0.771875 0.278125 0.770312 0.276562
0 0.484375 0.079687 0.482812 0.081250 0.479687 0.081250 0.478125 0.082812 0.475000 0.082812 0.471875 0.085938 0.470313 0.085938 0.457813 0.098437 0.457813 0.100000 0.456250 0.101562 0.456250 0.103125 0.454688 0.104688 0.454688 0.106250 0.453125 0.107813 0.453125 0.114062 0.451562 0.115625 0.451562 0.126562 0.450000 0.128125 0.450000 0.146875 0.448437 0.148438 0.448437 0.179688 0.446875 0.181250 0.446875 0.184375 0.448437 0.185938 0.448437 0.187500 0.446875 0.189062 0.446875 0.196875 0.445312 0.198437 0.445312 0.207813 0.443750 0.209375 0.443750 0.217188 0.442188 0.218750 0.442188 0.223438 0.440625 0.225000 0.440625 0.284375 0.439063 0.285938 0.439063 0.293750 0.440625 0.295312 0.440625 0.310937 0.439063 0.312500 0.439063 0.323437 0.440625 0.325000 0.440625 0.329688 0.442188 0.331250 0.442188 0.332813 0.443750 0.334375 0.443750 0.335938 0.445312 0.337500 0.445312 0.339062 0.446875 0.340625 0.446875 0.342187 0.451562 0.346875 0.451562 0.348438 0.453125 0.348438 0.457813 0.353125 0.459375 0.353125 0.462500 0.356250 0.465625 0.356250 0.467187 0.357812 0.470313 0.357812 0.471875 0.359375 0.473438 0.359375 0.475000 0.360938 0.478125 0.360938 0.479687 0.362500 0.482812 0.362500 0.484375 0.364063 0.501563 0.364063 0.503125 0.362500 0.504687 0.364063 0.510938 0.364063 0.512500 0.362500 0.514062 0.362500 0.515625 0.360938 0.525000 0.360938 0.526563 0.359375 0.528125 0.359375 0.531250 0.356250 0.534375 0.356250 0.535937 0.354687 0.537500 0.354687 0.539062 0.353125 0.545312 0.353125 0.546875 0.351562 0.550000 0.351562 0.551562 0.350000 0.553125 0.350000 0.554688 0.348438 0.556250 0.348438 0.557813 0.346875 0.560937 0.346875 0.562500 0.345313 0.564063 0.345313 0.570312 0.339062 0.573438 0.339062 0.575000 0.337500 0.576562 0.337500 0.578125 0.335938 0.581250 0.335938 0.582812 0.334375 0.584375 0.334375 0.587500 0.331250 0.589063 0.331250 0.592187 0.328125 0.595313 0.328125 0.596875 0.326562 0.600000 0.326562 0.601562 0.325000 0.603125 0.325000 0.606250 0.321875 0.607812 0.321875 0.609375 0.320312 0.612500 0.320312 0.614062 0.318750 0.617188 0.318750 0.618750 0.317188 0.621875 0.317188 0.628125 0.310937 0.632812 0.310937 0.634375 0.309375 0.642188 0.309375 0.643750 0.307812 0.651563 0.307812 0.657813 0.301563 0.659375 0.301563 0.660937 0.300000 0.662500 0.300000 0.665625 0.296875 0.668750 0.296875 0.670312 0.295312 0.673438 0.295312 0.675000 0.293750 0.678125 0.293750 0.679688 0.292187 0.681250 0.292187 0.682813 0.290625 0.684375 0.290625 0.685937 0.289062 0.689063 0.289062 0.690625 0.287500 0.692187 0.287500 0.693750 0.285938 0.695312 0.285938 0.696875 0.284375 0.698438 0.284375 0.700000 0.282813 0.701562 0.282813 0.703125 0.281250 0.704688 0.281250 0.706250 0.279687 0.707812 0.279687 0.709375 0.278125 0.710938 0.278125 0.712500 0.276562 0.714063 0.276562 0.715625 0.275000 0.718750 0.275000 0.720313 0.273438 0.723437 0.273438 0.725000 0.271875 0.728125 0.271875 0.729688 0.270313 0.732812 0.270313 0.734375 0.268750 0.735938 0.268750 0.737500 0.267188 0.739062 0.267188 0.740625 0.265625 0.743750 0.265625 0.745313 0.264062 0.746875 0.264062 0.748437 0.262500 0.750000 0.262500 0.751563 0.260937 0.754687 0.260937 0.756250 0.259375 0.760938 0.259375 0.762500 0.257812 0.764062 0.257812 0.765625 0.256250 0.768750 0.256250 0.770312 0.254688 0.771875 0.254688 0.773438 0.253125 0.775000 0.253125 0.776563 0.251563 0.779687 0.251563 0.781250 0.250000 0.785937 0.250000 0.785937 0.248438 0.787500 0.246875 0.787500 0.245312 0.789062 0.243750 0.789062 0.240625 0.793750 0.235937 0.795312 0.235937 0.804688 0.226562 0.804688 0.225000 0.807813 0.221875 0.807813 0.218750 0.809375 0.217188 0.809375 0.214062 0.810937 0.212500 0.810937 0.204687 0.812500 0.203125 0.812500 0.157812 0.814063 0.156250 0.814063 0.126562 0.812500 0.125000 0.812500 0.121875 0.810937 0.120313 0.810937 0.118750 0.809375 0.117188 0.809375 0.115625 0.806250 0.112500 0.806250 0.110937 0.800000 0.104688 0.798438 0.104688 0.795312 0.101562 0.793750 0.101562 0.792188 0.100000 0.790625 0.100000 0.789062 0.098437 0.787500 0.098437 0.785937 0.096875 0.782813 0.096875 0.781250 0.095312 0.779687 0.095312 0.778125 0.093750 0.776563 0.093750 0.775000 0.092188 0.771875 0.092188 0.770312 0.090625 0.767188 0.090625 0.765625 0.089063 0.760938 0.089063 0.759375 0.087500 0.756250 0.087500 0.754687 0.085938 0.751563 0.085938 0.750000 0.084375 0.698438 0.084375 0.696875 0.085938 0.687500 0.085938 0.685937 0.087500 0.678125 0.087500 0.676562 0.089063 0.673438 0.089063 0.671875 0.090625 0.665625 0.090625 0.664062 0.089063 0.640625 0.089063 0.639062 0.087500 0.589063 0.087500 0.587500 0.085938 0.575000 0.085938 0.573438 0.084375 0.568750 0.084375 0.567187 0.082812 0.553125 0.082812 0.551562 0.081250 0.540625 0.081250 0.539062 0.079687
0 0.218750 0.078125 0.217188 0.079687 0.210938 0.079687 0.209375 0.081250 0.206250 0.081250 0.204687 0.082812 0.203125 0.082812 0.201563 0.084375 0.200000 0.084375 0.196875 0.087500 0.195312 0.087500 0.192188 0.090625 0.190625 0.090625 0.187500 0.093750 0.187500 0.095312 0.184375 0.098437 0.184375 0.100000 0.182812 0.101562 0.182812 0.103125 0.181250 0.104688 0.181250 0.107813 0.179688 0.109375 0.179688 0.114062 0.178125 0.115625 0.178125 0.120313 0.176563 0.121875 0.176563 0.129688 0.175000 0.131250 0.175000 0.134375 0.173437 0.135937 0.173437 0.142187 0.171875 0.143750 0.171875 0.148438 0.170313 0.150000 0.170313 0.154688 0.168750 0.156250 0.168750 0.160938 0.167187 0.162500 0.167187 0.178125 0.165625 0.179688 0.165625 0.187500 0.164062 0.189062 0.164062 0.190625 0.162500 0.192188 0.162500 0.195312 0.160938 0.196875 0.160938 0.203125 0.159375 0.204687 0.159375 0.218750 0.160938 0.220312 0.160938 0.225000 0.162500 0.226562 0.162500 0.228125 0.164062 0.229687 0.164062 0.231250 0.167187 0.234375 0.167187 0.237500 0.168750 0.239063 0.168750 0.240625 0.170313 0.242188 0.170313 0.243750 0.178125 0.251563 0.179688 0.251563 0.181250 0.253125 0.182812 0.253125 0.184375 0.254688 0.187500 0.254688 0.189062 0.256250 0.192188 0.256250 0.195312 0.259375 0.196875 0.259375 0.200000 0.262500 0.201563 0.262500 0.203125 0.264062 0.206250 0.264062 0.207813 0.265625 0.209375 0.265625 0.212500 0.268750 0.214062 0.268750 0.215625 0.270313 0.217188 0.270313 0.218750 0.271875 0.220312 0.271875 0.221875 0.273438 0.225000 0.273438 0.226562 0.275000 0.229687 0.275000 0.231250 0.276562 0.239063 0.276562 0.240625 0.278125 0.245312 0.278125 0.246875 0.279687 0.254688 0.279687 0.256250 0.281250 0.257812 0.281250 0.259375 0.282813 0.262500 0.282813 0.264062 0.284375 0.268750 0.284375 0.270313 0.285938 0.271875 0.285938 0.273438 0.287500 0.276562 0.287500 0.278125 0.289062 0.281250 0.289062 0.282813 0.290625 0.284375 0.290625 0.285938 0.292187 0.287500 0.292187 0.289062 0.293750 0.290625 0.293750 0.292187 0.295312 0.293750 0.295312 0.295312 0.296875 0.296875 0.296875 0.300000 0.300000 0.301563 0.300000 0.303125 0.301563 0.304688 0.301563 0.306250 0.303125 0.307812 0.303125 0.309375 0.304688 0.312500 0.304688 0.315625 0.307812 0.317188 0.307812 0.318750 0.309375 0.320312 0.309375 0.321875 0.310937 0.323437 0.310937 0.325000 0.312500 0.326562 0.312500 0.328125 0.314063 0.329688 0.314063 0.331250 0.315625 0.332813 0.315625 0.334375 0.317188 0.335938 0.317188 0.337500 0.318750 0.340625 0.318750 0.342187 0.320312 0.343750 0.320312 0.345313 0.321875 0.346875 0.321875 0.348438 0.323437 0.351562 0.323437 0.353125 0.325000 0.354687 0.325000 0.356250 0.326562 0.390625 0.326562 0.392188 0.325000 0.395313 0.325000 0.396875 0.323437 0.398438 0.323437 0.407813 0.314063 0.407813 0.312500 0.414062 0.306250 0.414062 0.304688 0.417187 0.301563 0.417187 0.300000 0.418750 0.298438 0.418750 0.295312 0.420312 0.293750 0.420312 0.290625 0.421875 0.289062 0.421875 0.284375 0.423438 0.282813 0.423438 0.273438 0.425000 0.271875 0.425000 0.264062 0.426563 0.262500 0.426563 0.256250 0.428125 0.254688 0.428125 0.243750 0.429688 0.242188 0.429688 0.232813 0.431250 0.231250 0.431250 0.221875 0.432812 0.220312 0.432812 0.195312 0.434375 0.193750 0.434375 0.178125 0.435937 0.176563 0.435937 0.165625 0.437500 0.164062 0.437500 0.131250 0.435937 0.129688 0.435937 0.125000 0.434375 0.123438 0.434375 0.121875 0.432812 0.120313 0.432812 0.118750 0.431250 0.117188 0.431250 0.114062 0.429688 0.112500 0.429688 0.110937 0.428125 0.109375 0.428125 0.107813 0.426563 0.106250 0.426563 0.104688 0.425000 0.103125 0.425000 0.101562 0.420312 0.096875 0.420312 0.095312 0.415625 0.090625 0.414062 0.090625 0.410938 0.087500 0.409375 0.087500 0.407813 0.085938 0.406250 0.085938 0.404687 0.084375 0.401562 0.084375 0.400000 0.082812 0.389062 0.082812 0.387500 0.081250 0.353125 0.081250 0.351562 0.079687 0.325000 0.079687 0.323437 0.081250 0.314063 0.081250 0.312500 0.082812 0.306250 0.082812 0.304688 0.081250 0.287500 0.081250 0.285938 0.082812 0.284375 0.081250 0.278125 0.081250 0.276562 0.079687 0.245312 0.079687 0.243750 0.078125
0 0.193750 0.290625 0.192188 0.292187 0.185938 0.292187 0.184375 0.293750 0.181250 0.293750 0.179688 0.295312 0.178125 0.295312 0.176563 0.296875 0.175000 0.296875 0.173437 0.298438 0.171875 0.298438 0.170313 0.300000 0.168750 0.300000 0.164062 0.304688 0.162500 0.304688 0.156250 0.310937 0.156250 0.312500 0.151562 0.317188 0.151562 0.318750 0.150000 0.320312 0.150000 0.321875 0.148438 0.323437 0.148438 0.325000 0.146875 0.326562 0.146875 0.328125 0.145313 0.329688 0.145313 0.334375 0.143750 0.335938 0.143750 0.340625 0.142187 0.342187 0.142187 0.343750 0.140625 0.345313 0.140625 0.348438 0.139063 0.350000 0.139063 0.354687 0.137500 0.356250 0.137500 0.375000 0.135937 0.376563 0.135937 0.378125 0.134375 0.379688 0.134375 0.382812 0.132812 0.384375 0.132812 0.389062 0.131250 0.390625 0.131250 0.395313 0.129688 0.396875 0.129688 0.400000 0.128125 0.401562 0.128125 0.412500 0.126562 0.414062 0.126562 0.453125 0.128125 0.454688 0.128125 0.468750 0.129688 0.470313 0.129688 0.478125 0.131250 0.479687 0.131250 0.506250 0.132812 0.507812 0.132812 0.510938 0.131250 0.512500 0.131250 0.521875 0.129688 0.523438 0.129688 0.531250 0.128125 0.532813 0.128125 0.550000 0.126562 0.551562 0.126562 0.584375 0.125000 0.585938 0.125000 0.637500 0.123438 0.639062 0.123438 0.645312 0.121875 0.646875 0.121875 0.682813 0.123438 0.684375 0.123438 0.704688 0.125000 0.706250 0.125000 0.714063 0.126562 0.715625 0.126562 0.721875 0.128125 0.723437 0.128125 0.754687 0.126562 0.756250 0.126562 0.762500 0.125000 0.764062 0.125000 0.768750 0.123438 0.770312 0.123438 0.793750 0.121875 0.795312 0.121875 0.859375 0.123438 0.860938 0.123438 0.871875 0.125000 0.873437 0.125000 0.879687 0.126562 0.881250 0.126562 0.884375 0.128125 0.885938 0.128125 0.887500 0.129688 0.889062 0.129688 0.890625 0.131250 0.892188 0.131250 0.893750 0.132812 0.895312 0.132812 0.896875 0.135937 0.900000 0.135937 0.901563 0.140625 0.906250 0.140625 0.907813 0.142187 0.909375 0.156250 0.909375 0.157812 0.910937 0.164062 0.910937 0.165625 0.912500 0.168750 0.912500 0.170313 0.914062 0.173437 0.914062 0.175000 0.915625 0.176563 0.915625 0.178125 0.917188 0.179688 0.917188 0.182812 0.920312 0.184375 0.920312 0.185938 0.921875 0.187500 0.920312 0.192188 0.920312 0.193750 0.918750 0.267188 0.918750 0.268750 0.920312 0.346875 0.920312 0.348438 0.918750 0.367188 0.918750 0.368750 0.917188 0.385937 0.917188 0.387500 0.915625 0.396875 0.915625 0.398438 0.917188 0.404687 0.917188 0.406250 0.918750 0.418750 0.918750 0.420312 0.920312 0.439063 0.920312 0.440625 0.921875 0.457813 0.921875 0.459375 0.920312 0.464062 0.920312 0.465625 0.918750 0.467187 0.918750 0.475000 0.910937 0.475000 0.909375 0.476562 0.907813 0.476562 0.904687 0.478125 0.903125 0.478125 0.900000 0.481250 0.896875 0.481250 0.895312 0.482812 0.893750 0.482812 0.892188 0.484375 0.890625 0.484375 0.887500 0.485938 0.885938 0.485938 0.882812 0.487500 0.881250 0.487500 0.878125 0.485938 0.876563 0.485938 0.871875 0.484375 0.870313 0.484375 0.860938 0.482812 0.859375 0.482812 0.845313 0.481250 0.843750 0.481250 0.839063 0.479687 0.837500 0.479687 0.804688 0.481250 0.803125 0.481250 0.793750 0.482812 0.792188 0.482812 0.732812 0.484375 0.731250 0.484375 0.681250 0.485938 0.679688 0.485938 0.601562 0.487500 0.600000 0.487500 0.584375 0.489063 0.582812 0.489063 0.559375 0.487500 0.557813 0.487500 0.554688 0.489063 0.553125 0.489063 0.542188 0.490625 0.540625 0.490625 0.535937 0.492188 0.534375 0.492188 0.526563 0.493750 0.525000 0.493750 0.487500 0.495312 0.485938 0.495312 0.478125 0.496875 0.476562 0.496875 0.465625 0.498437 0.464062 0.498437 0.459375 0.500000 0.457813 0.500000 0.434375 0.498437 0.432812 0.498437 0.426563 0.496875 0.425000 0.496875 0.420312 0.495312 0.418750 0.495312 0.417187 0.493750 0.415625 0.493750 0.414062 0.492188 0.412500 0.492188 0.410938 0.490625 0.409375 0.490625 0.407813 0.485938 0.403125 0.485938 0.401562 0.475000 0.390625 0.473438 0.390625 0.470313 0.387500 0.468750 0.387500 0.465625 0.384375 0.464062 0.384375 0.462500 0.382812 0.460938 0.382812 0.459375 0.381250 0.457813 0.381250 0.456250 0.379688 0.454688 0.379688 0.453125 0.378125 0.450000 0.378125 0.448437 0.376563 0.443750 0.376563 0.442188 0.375000 0.437500 0.375000 0.435937 0.373437 0.429688 0.373437 0.428125 0.371875 0.421875 0.371875 0.420312 0.370312 0.418750 0.370312 0.415625 0.367188 0.414062 0.367188 0.412500 0.365625 0.409375 0.365625 0.407813 0.364063 0.404687 0.364063 0.403125 0.362500 0.400000 0.362500 0.389062 0.351562 0.387500 0.351562 0.384375 0.348438 0.382812 0.348438 0.379688 0.345313 0.378125 0.345313 0.375000 0.342187 0.373437 0.342187 0.371875 0.340625 0.370312 0.340625 0.367188 0.337500 0.365625 0.337500 0.364063 0.335938 0.362500 0.335938 0.360938 0.334375 0.359375 0.334375 0.357812 0.332813 0.354687 0.332813 0.353125 0.331250 0.351562 0.331250 0.350000 0.329688 0.348438 0.329688 0.346875 0.328125 0.345313 0.328125 0.343750 0.326562 0.342187 0.326562 0.340625 0.325000 0.337500 0.325000 0.335938 0.323437 0.334375 0.323437 0.332813 0.321875 0.329688 0.321875 0.328125 0.320312 0.323437 0.320312 0.321875 0.318750 0.296875 0.318750 0.295312 0.320312 0.292187 0.317188 0.290625 0.317188 0.287500 0.314063 0.285938 0.314063 0.284375 0.312500 0.282813 0.312500 0.281250 0.310937 0.278125 0.310937 0.276562 0.309375 0.275000 0.309375 0.273438 0.307812 0.270313 0.307812 0.268750 0.306250 0.264062 0.306250 0.262500 0.304688 0.257812 0.304688 0.256250 0.303125 0.254688 0.303125 0.253125 0.301563 0.250000 0.301563 0.248438 0.300000 0.245312 0.300000 0.243750 0.298438 0.242188 0.298438 0.240625 0.296875 0.239063 0.296875 0.237500 0.295312 0.234375 0.295312 0.232813 0.293750 0.229687 0.293750 0.228125 0.292187 0.223438 0.292187 0.221875 0.290625
