6 0.590625 0.471875 0.542188 0.528125 0.537500 0.587500 0.531250 0.606250 0.529687 0.735938 0.528125 0.754687 0.521875 0.756250 0.521875 0.806250 0.534375 0.806250 0.540625 0.814063 0.539062 0.853125 0.550000 0.907813 0.576562 0.942187 0.635938 0.932813 0.654687 0.954688 0.673438 0.962500 0.687500 0.964063 0.701562 0.954688 0.723437 0.956250 0.731250 0.965625 0.731250 0.976562 0.740625 0.976562 0.743750 0.962500 0.757812 0.954688 0.829688 0.951562 0.859375 0.957812 0.876563 0.953125 0.876563 0.618750 0.868750 0.615625 0.857812 0.595313 0.817187 0.578125 0.793750 0.553125 0.748437 0.534375 0.706250 0.532813 0.671875 0.514062 0.656250 0.512500 0.618750 0.490625 0.601562 0.476562 0.601562 0.471875
3 0.823047 0.165625 0.765625 0.165625 0.760938 0.175000 0.593750 0.248438 0.556250 0.270313 0.542188 0.292187 0.534375 0.295312 0.534375 0.401562 0.539062 0.401562 0.559375 0.425000 0.584375 0.439063 0.803125 0.528125 0.845313 0.531250 0.876563 0.514062 0.876563 0.304688 0.868750 0.300000 0.864062 0.276562 0.864062 0.195312 0.856250 0.184375 0.835938 0.175000 0.831250 0.165625
7 0.248091 0.003125 0.182812 0.003125 0.178125 0.012500 0.150000 0.028125 0.132812 0.048438 0.128125 0.048438 0.128125 0.095312 0.134375 0.095312 0.182812 0.143750 0.292187 0.187500 0.295312 0.195312 0.315625 0.195312 0.318750 0.187500 0.353125 0.165625 0.384375 0.168750 0.401562 0.157812 0.401562 0.140625 0.393750 0.137500 0.382812 0.107813 0.378125 0.065625 0.365625 0.046875 0.353125 0.034375 0.339062 0.029687 0.314063 0.029687 0.303125 0.040625 0.292187 0.039062 0.278125 0.031250 0.256250 0.003125
5 0.406250 0.293750 0.395313 0.298438 0.357812 0.295312 0.270313 0.328125 0.257812 0.340625 0.242188 0.381250 0.234375 0.384375 0.234375 0.415625 0.243750 0.421875 0.273438 0.503125 0.379688 0.820312 0.381250 0.845313 0.373437 0.875000 0.356250 0.893750 0.353125 0.907813 0.371875 0.912500 0.375000 0.920312 0.409375 0.920312 0.439063 0.812500 0.443750 0.782813 0.445312 0.682813 0.468750 0.495312 0.470313 0.489063 0.476562 0.487500 0.476562 0.415625 0.468750 0.409375 0.453125 0.331250 0.442188 0.306250 0.417187 0.293750
0 0.412416 0.003125 0.128125 0.003125 0.128125 0.134375 0.329688 0.204687 0.371875 0.203125 0.398438 0.182812 0.410938 0.154688 0.414062 0.131250 0.420312 0.129688 0.420312 0.003125
0 0.628906 0.478125 0.568750 0.478125 0.568750 0.482812 0.545312 0.503125 0.532813 0.529687 0.528125 0.585938 0.521875 0.587500 0.529687 0.600000 0.528125 0.671875 0.521875 0.673438 0.521875 0.787500 0.528125 0.789062 0.528125 0.800000 0.521875 0.801562 0.521875 0.850000 0.529687 0.854688 0.540625 0.910937 0.559375 0.935937 0.600000 0.964063 0.615625 0.965625 0.650000 0.957812 0.725000 0.965625 0.753125 0.962500 0.778125 0.967187 0.792188 0.976562 0.793750 0.982812 0.851562 0.982812 0.867188 0.964063 0.876563 0.962500 0.876563 0.584375 0.654687 0.495312 0.639062 0.485938 0.637500 0.478125
0 0.184375 0.171875 0.121875 0.171875 0.121875 0.940625 0.142187 0.945312 0.179688 0.942187 0.232813 0.948438 0.339062 0.945312 0.359375 0.950000 0.415625 0.945312 0.434375 0.950000 0.457813 0.942187 0.482812 0.926562 0.500000 0.878125 0.506250 0.803125 0.503125 0.600000 0.507812 0.471875 0.514062 0.470313 0.514062 0.376563 0.507812 0.375000 0.506250 0.328125 0.493750 0.303125 0.476562 0.285938 0.448437 0.271875 0.321875 0.221875 0.192188 0.171875
5 0.171875 0.415625 0.170313 0.425000 0.137500 0.473438 0.128125 0.478125 0.128125 0.821875 0.139063 0.821875 0.190625 0.878125 0.212500 0.887500 0.260937 0.901563 0.389062 0.912500 0.389062 0.895312 0.376563 0.896875 0.346875 0.885938 0.326562 0.864062 0.314063 0.839063 0.310937 0.807813 0.218750 0.495312 0.201563 0.442188 0.184375 0.415625
0 0.862386 0.003125 0.434375 0.003125 0.434375 0.215625 0.464062 0.243750 0.489063 0.251563 0.490625 0.257812 0.610938 0.212500 0.831250 0.114062 0.850000 0.101562 0.864062 0.082812 0.870313 0.082812 0.870313 0.003125
0 0.824553 0.146875 0.779842 0.148283 0.553125 0.256250 0.535937 0.281250 0.528125 0.284375 0.529608 0.377325 0.542188 0.407813 0.557813 0.426563 0.609375 0.453125 0.664062 0.470313 0.806250 0.531250 0.879694 0.530019 0.876563 0.237500 0.871875 0.237500 0.867188 0.190625 0.854688 0.170313
4 0.854572 0.003125 0.434375 0.003125 0.434375 0.201563 0.440625 0.203125 0.448437 0.226562 0.476562 0.243750 0.479687 0.251563 0.518750 0.251563 0.525000 0.242188 0.804688 0.121875 0.843750 0.101562 0.860938 0.079687 0.862500 0.003125
