4 0.868658 0.003125 0.473438 0.003125 0.473438 0.009375 0.460938 0.020313 0.448437 0.042188 0.440625 0.045312 0.440625 0.289062 0.446875 0.290625 0.462500 0.325000 0.492188 0.343750 0.523438 0.343750 0.578125 0.326562 0.876563 0.176563 0.876563 0.003125
0 0.868633 0.003125 0.456250 0.003125 0.446875 0.021875 0.440625 0.023438 0.440625 0.304688 0.445312 0.304688 0.454688 0.321875 0.484375 0.346875 0.532813 0.348438 0.598437 0.323437 0.876563 0.179688 0.876563 0.003125
7 0.327791 0.053125 0.221875 0.053125 0.221875 0.057813 0.200000 0.076563 0.142187 0.171875 0.134375 0.175000 0.134375 0.225000 0.346875 0.300000 0.371875 0.296875 0.385937 0.289062 0.398438 0.271875 0.407813 0.198437 0.414062 0.196875 0.414062 0.120313 0.407813 0.118750 0.400000 0.101562 0.375000 0.075000 0.337500 0.059375 0.335938 0.053125
0 0.844866 0.234375 0.795312 0.234375 0.792188 0.242188 0.767188 0.256250 0.582812 0.348438 0.562500 0.365625 0.551562 0.382812 0.546875 0.382812 0.546875 0.503125 0.554688 0.506250 0.568750 0.528125 0.643750 0.565625 0.818750 0.631250 0.821875 0.639062 0.865625 0.639062 0.875000 0.612500 0.875000 0.271875 0.870313 0.253125 0.853125 0.240625 0.853125 0.234375
0 0.652605 0.584375 0.585938 0.584375 0.559375 0.618750 0.553125 0.639062 0.554608 0.643947 0.553997 0.928480 0.553125 0.940625 0.564063 0.985938 0.571875 0.998437 0.865625 0.998437 0.871875 0.989062 0.875000 0.968750 0.871875 0.678125 0.804688 0.645312 0.681250 0.600000 0.664062 0.592187 0.660937 0.584375
2 0.848091 0.253125 0.782813 0.253125 0.779687 0.260937 0.764062 0.270313 0.576562 0.365625 0.562500 0.384375 0.553125 0.389062 0.553125 0.503125 0.559375 0.503125 0.576562 0.525000 0.606250 0.540625 0.746875 0.601562 0.815625 0.625000 0.818750 0.632812 0.857812 0.632812 0.864062 0.621875 0.876563 0.617188 0.876563 0.270313 0.859375 0.262500 0.856250 0.253125
0 0.390536 0.003125 0.121875 0.003125 0.121875 0.225000 0.151562 0.240625 0.193750 0.250000 0.296875 0.287500 0.329688 0.301563 0.331250 0.307812 0.376563 0.307812 0.378125 0.301563 0.400000 0.292187 0.415625 0.273438 0.426563 0.245312 0.426563 0.181250 0.420312 0.048438 0.415625 0.031250 0.398438 0.009375 0.398438 0.003125
0 0.193170 0.282813 0.133014 0.282813 0.133014 0.290625 0.126764 0.292187 0.126764 0.998437 0.512702 0.998437 0.529919 0.975241 0.532362 0.925161 0.526764 0.443750 0.520514 0.420312 0.506452 0.401562 0.475202 0.381250 0.240827 0.303125 0.203327 0.289062 0.201764 0.282813
1 0.635714 0.590625 0.587500 0.590625 0.587500 0.595313 0.559375 0.618750 0.559375 0.929688 0.578125 0.932813 0.585938 0.943750 0.584375 0.953125 0.571875 0.964063 0.571875 0.971875 0.603125 0.998437 0.760938 0.998437 0.765625 0.993750 0.832812 0.992188 0.859375 0.982812 0.876563 0.970313 0.876563 0.692187 0.870313 0.692187 0.842187 0.670312 0.768750 0.646875 0.698438 0.614062 0.646875 0.598437 0.643750 0.590625
5 0.126562 0.618750 0.126562 0.789062 0.142187 0.832812 0.167187 0.871875 0.203125 0.896875 0.221875 0.918750 0.254688 0.920312 0.254688 0.895312 0.245312 0.887500 0.239063 0.854688 0.239063 0.825000 0.251563 0.767188 0.170313 0.498437 0.142187 0.539062
5 0.220312 0.429688 0.310937 0.757812 0.346875 0.784375 0.379688 0.823438 0.401562 0.890625 0.403125 0.917188 0.426563 0.925000 0.445312 0.918750 0.456250 0.790625 0.448437 0.715625 0.448437 0.468750 0.429688 0.389062 0.421875 0.379688 0.398438 0.373437 0.348438 0.376563 0.329688 0.387500 0.251563 0.410938
