4 0.536719 0.096875 0.493750 0.096875 0.492188 0.104688 0.464062 0.118750 0.442188 0.143750 0.421875 0.150000 0.421875 0.170313 0.435937 0.170313 0.435937 0.184375 0.429688 0.195312 0.445312 0.228125 0.446875 0.312500 0.457813 0.342187 0.470313 0.354687 0.489063 0.362500 0.517188 0.359375 0.737500 0.260937 0.764062 0.246875 0.789062 0.225000 0.789062 0.164062 0.782813 0.162500 0.779687 0.142187 0.764062 0.125000 0.721875 0.110937 0.656250 0.107813 0.640625 0.103125 0.639062 0.096875 0.623437 0.096875 0.621875 0.103125 0.601562 0.106250 0.554688 0.103125 0.553125 0.096875 0.548438 0.096875 0.546875 0.103125 0.545312 0.096875
1 0.593750 0.546875 0.546875 0.546875 0.529687 0.573438 0.521875 0.576562 0.521875 0.853125 0.526563 0.853125 0.546875 0.876563 0.581250 0.885938 0.710938 0.887500 0.764062 0.879687 0.784375 0.859375 0.790625 0.834375 0.787500 0.743750 0.793750 0.689063 0.784375 0.646875 0.765625 0.623437 0.673438 0.587500 0.637500 0.565625 0.603125 0.553125 0.601562 0.546875
5 0.304567 0.346875 0.209375 0.346875 0.203125 0.393750 0.196875 0.395313 0.196875 0.450000 0.203125 0.451562 0.203125 0.456250 0.196875 0.457813 0.203125 0.460938 0.203125 0.468750 0.196875 0.470313 0.203125 0.473438 0.203125 0.479687 0.196875 0.481250 0.196875 0.498437 0.203125 0.500000 0.206250 0.535937 0.206250 0.684375 0.204687 0.715625 0.203125 0.721875 0.196875 0.723437 0.196875 0.864062 0.253125 0.864062 0.259375 0.854688 0.281250 0.853125 0.275000 0.846875 0.282813 0.837500 0.307812 0.829688 0.348438 0.804688 0.396875 0.750000 0.437500 0.676562 0.443750 0.654687 0.453125 0.650000 0.465625 0.629687 0.473438 0.589063 0.476562 0.528125 0.446875 0.448437 0.421875 0.418750 0.368750 0.381250 0.315625 0.354687 0.312500 0.346875
0 0.598437 0.540625 0.543750 0.540625 0.543750 0.546875 0.515625 0.571875 0.515625 0.865625 0.520312 0.865625 0.540625 0.890625 0.567187 0.901563 0.568750 0.907813 0.765625 0.907813 0.767188 0.901563 0.789062 0.890625 0.801562 0.868750 0.807813 0.867188 0.807813 0.665625 0.801562 0.664062 0.782813 0.628125 0.767188 0.615625 0.612500 0.550000 0.606250 0.540625
0 0.240402 0.296875 0.192188 0.296875 0.170313 0.342187 0.143750 0.598437 0.140625 0.610938 0.134375 0.612500 0.134375 0.876563 0.165625 0.890625 0.292187 0.893750 0.301563 0.895312 0.303125 0.901563 0.443750 0.901563 0.446875 0.893750 0.464062 0.887500 0.478125 0.875000 0.487500 0.846875 0.492188 0.784375 0.490625 0.615625 0.500000 0.457813 0.507812 0.451562 0.507812 0.421875 0.500000 0.418750 0.490625 0.403125 0.460938 0.384375 0.257812 0.307812 0.248438 0.296875
3 0.745983 0.296875 0.693750 0.296875 0.690625 0.304688 0.659375 0.320312 0.545312 0.370312 0.526563 0.392188 0.521875 0.392188 0.521875 0.481250 0.560937 0.509375 0.703125 0.568750 0.732812 0.576562 0.734375 0.582812 0.760938 0.570312 0.775000 0.553125 0.779687 0.539062 0.781250 0.501563 0.770312 0.325000 0.754687 0.296875
0 0.545312 0.096875 0.529687 0.096875 0.528125 0.103125 0.518750 0.104688 0.476562 0.107813 0.454688 0.126562 0.439063 0.151562 0.421875 0.151562 0.421875 0.218750 0.432812 0.217188 0.442188 0.231250 0.446875 0.326562 0.456250 0.345313 0.473438 0.359375 0.489063 0.364063 0.490625 0.370312 0.504687 0.370312 0.506250 0.364063 0.529687 0.357812 0.668750 0.290625 0.737500 0.264062 0.768750 0.245312 0.784375 0.226562 0.789062 0.226562 0.789062 0.151562 0.782813 0.150000 0.776563 0.135937 0.762500 0.121875 0.714063 0.109375 0.562500 0.104688 0.554688 0.103125 0.553125 0.096875
0 0.393478 0.103125 0.215625 0.103125 0.215625 0.109375 0.195312 0.128125 0.184375 0.150000 0.178125 0.151562 0.178125 0.245312 0.221875 0.275000 0.253125 0.282813 0.334375 0.317188 0.373437 0.326562 0.375000 0.332813 0.385937 0.332813 0.387500 0.326562 0.403125 0.321875 0.417187 0.309375 0.426563 0.285938 0.432812 0.284375 0.432812 0.203125 0.426563 0.203125 0.417187 0.189062 0.417187 0.170313 0.426563 0.146875 0.432812 0.145313 0.432812 0.134375 0.426563 0.134375 0.401562 0.103125
0 0.755358 0.284375 0.703125 0.284375 0.700000 0.292187 0.540625 0.368750 0.526563 0.385937 0.521875 0.385937 0.521875 0.489063 0.578125 0.521875 0.729688 0.582812 0.756250 0.584375 0.776563 0.573438 0.789062 0.556250 0.793750 0.539062 0.793750 0.426563 0.785937 0.320312 0.764062 0.290625 0.764062 0.284375
7 0.297500 0.159375 0.262500 0.159375 0.259375 0.167187 0.239063 0.179688 0.220312 0.201563 0.215625 0.201563 0.215625 0.239063 0.221875 0.239063 0.228125 0.246875 0.234375 0.268750 0.248438 0.278125 0.314063 0.303125 0.373437 0.301563 0.414062 0.293750 0.420312 0.282813 0.426563 0.281250 0.426563 0.229687 0.418750 0.226562 0.406250 0.206250 0.393750 0.195312 0.350000 0.184375 0.309375 0.167187 0.306250 0.159375
