2 0.212500 0.346875 0.157812 0.346875 0.134375 0.393750 0.128125 0.395313 0.128125 0.704688 0.146875 0.714063 0.148438 0.720313 0.182812 0.720313 0.185938 0.712500 0.400000 0.609375 0.426563 0.590625 0.439063 0.568750 0.445312 0.567187 0.445312 0.462500 0.440625 0.462500 0.423438 0.440625 0.357812 0.407813 0.340625 0.404687 0.235937 0.360938 0.223438 0.354687 0.220312 0.346875
1 0.308958 0.040625 0.193750 0.040625 0.193750 0.045312 0.170313 0.064062 0.159375 0.085938 0.146875 0.207813 0.140625 0.209375 0.140625 0.279687 0.246875 0.326562 0.335938 0.359375 0.384375 0.382812 0.385937 0.389062 0.409375 0.389062 0.410938 0.382812 0.437500 0.365625 0.446875 0.346875 0.451562 0.187500 0.457813 0.185938 0.457813 0.087500 0.451562 0.085938 0.445312 0.071875 0.428125 0.056250 0.392188 0.048438 0.318750 0.046875 0.317188 0.040625
0 0.669619 0.659375 0.601562 0.659375 0.601562 0.665625 0.571875 0.690625 0.571875 0.943750 0.576562 0.943750 0.603125 0.975000 0.628125 0.989062 0.629687 0.995313 0.684375 0.995313 0.685937 0.989062 0.698438 0.987500 0.835938 0.981250 0.867188 0.971875 0.871875 0.965625 0.875000 0.918750 0.875000 0.754687 0.870313 0.739062 0.790625 0.703125 0.685937 0.668750 0.678125 0.659375
0 0.211980 0.334375 0.145313 0.334375 0.142187 0.343750 0.128125 0.353125 0.128125 0.726562 0.134375 0.726562 0.135937 0.732812 0.182812 0.732812 0.185938 0.725000 0.371875 0.634375 0.426563 0.601562 0.439063 0.584375 0.445312 0.565625 0.451562 0.564063 0.451562 0.453125 0.445312 0.453125 0.439063 0.442188 0.415625 0.423438 0.343750 0.393750 0.314063 0.376563 0.229687 0.345313 0.220312 0.334375
4 0.446875 0.615625 0.445312 0.621875 0.421875 0.634375 0.270313 0.700000 0.198437 0.742188 0.128125 0.771875 0.128125 0.998437 0.395313 0.998437 0.406250 0.993750 0.476562 0.990625 0.507812 0.973437 0.515625 0.934375 0.540625 0.914062 0.550000 0.820312 0.551562 0.814063 0.557813 0.812500 0.557813 0.778125 0.550000 0.773438 0.539062 0.662500 0.534375 0.653125 0.501563 0.615625 0.487500 0.615625 0.485938 0.621875 0.481250 0.615625 0.473438 0.615625 0.468750 0.621875 0.465625 0.615625 0.460938 0.623437 0.453125 0.621875 0.451562 0.615625
7 0.677455 0.684375 0.626563 0.684375 0.623437 0.692187 0.578125 0.725000 0.578125 0.839063 0.582812 0.839063 0.612500 0.871875 0.648438 0.892188 0.696875 0.904687 0.768750 0.900000 0.776563 0.904687 0.776563 0.914062 0.789062 0.914062 0.784375 0.901563 0.787500 0.889062 0.810937 0.876563 0.809375 0.867188 0.792188 0.850000 0.790625 0.842187 0.826562 0.823438 0.832812 0.812500 0.839063 0.810937 0.839063 0.803125 0.832812 0.801562 0.828125 0.771875 0.800000 0.739062 0.771875 0.726562 0.743750 0.731250 0.689063 0.692187 0.685937 0.684375
0 0.365384 0.015625 0.164062 0.015625 0.150000 0.040625 0.142187 0.075000 0.134375 0.079687 0.134375 0.276562 0.165625 0.296875 0.239063 0.329688 0.318750 0.357812 0.370312 0.382812 0.409375 0.389062 0.425000 0.384375 0.446875 0.365625 0.457813 0.337500 0.462500 0.115625 0.464062 0.104688 0.470313 0.103125 0.470313 0.075000 0.464062 0.073438 0.453125 0.046875 0.439063 0.034375 0.404687 0.023438 0.375000 0.021875 0.373437 0.015625
5 0.585156 0.034375 0.559375 0.034375 0.540625 0.073438 0.523438 0.151562 0.517188 0.278125 0.515625 0.287500 0.509375 0.289062 0.509375 0.514062 0.515625 0.515625 0.526563 0.562500 0.560937 0.579688 0.676562 0.556250 0.703125 0.539062 0.714063 0.509375 0.720313 0.507812 0.720313 0.495312 0.712500 0.490625 0.653125 0.309375 0.578125 0.107813 0.575000 0.067187 0.582812 0.045312 0.592187 0.040625 0.593750 0.034375
0 0.507422 0.609375 0.450000 0.609375 0.446875 0.617188 0.429688 0.626563 0.321875 0.673438 0.170313 0.753125 0.128125 0.770312 0.128125 0.998437 0.484375 0.998437 0.521875 0.981250 0.546875 0.939063 0.551562 0.843750 0.557813 0.842187 0.557813 0.768750 0.551562 0.767188 0.550000 0.757812 0.550000 0.678125 0.545312 0.654687 0.534375 0.632812 0.515625 0.615625 0.515625 0.609375
5 0.635156 0.021875 0.575000 0.021875 0.570312 0.031250 0.559375 0.034375 0.559375 0.215625 0.578125 0.215625 0.584375 0.223438 0.590625 0.221875 0.582812 0.209375 0.585938 0.189062 0.576562 0.170313 0.581250 0.140625 0.576562 0.082812 0.582812 0.070312 0.603125 0.070312 0.620313 0.090625 0.637500 0.129688 0.742188 0.440625 0.751563 0.457813 0.759375 0.459375 0.765625 0.448437 0.764062 0.432812 0.771875 0.425000 0.793750 0.417187 0.807813 0.396875 0.817187 0.312500 0.815625 0.285938 0.778125 0.185938 0.750000 0.142187 0.726562 0.089063 0.696875 0.054688 0.645312 0.028125 0.643750 0.021875
0 0.623047 0.028125 0.532813 0.028125 0.531250 0.034375 0.503125 0.051562 0.487500 0.082812 0.484375 0.120313 0.478125 0.121875 0.478125 0.537500 0.485938 0.540625 0.501563 0.567187 0.537500 0.587500 0.795312 0.681250 0.798438 0.689063 0.853125 0.689063 0.864062 0.673438 0.870313 0.673438 0.870313 0.276562 0.864062 0.275000 0.862500 0.262500 0.856250 0.120313 0.851562 0.101562 0.832812 0.078125 0.814063 0.068750 0.776563 0.057813 0.645312 0.040625 0.634375 0.035937 0.631250 0.028125
