1 0.279687 0.268750 0.273438 0.310937 0.275000 0.362500 0.278125 0.378125 0.289062 0.389062 0.318750 0.392188 0.360938 0.378125 0.425000 0.370312 0.442188 0.357812 0.450000 0.312500 0.446875 0.242188 0.442188 0.225000 0.425000 0.212500 0.368750 0.212500 0.312500 0.223438 0.290625 0.243750
2 0.465625 0.239063 0.467187 0.365625 0.481250 0.365625 0.496875 0.382812 0.517188 0.387500 0.589063 0.367188 0.600000 0.334375 0.596875 0.284375 0.582812 0.271875 0.582812 0.257812 0.593750 0.234375 0.587500 0.221875 0.493750 0.214062 0.479687 0.218750
2 0.471875 0.682813 0.467187 0.696875 0.471875 0.809375 0.467187 0.814063 0.467187 0.843750 0.473438 0.860938 0.487500 0.873437 0.507812 0.879687 0.601562 0.871875 0.614062 0.851562 0.618750 0.823438 0.618750 0.779687 0.612500 0.762500 0.617188 0.718750 0.604688 0.682813 0.576562 0.667188 0.529687 0.659375 0.485938 0.668750
7 0.625000 0.234375 0.623437 0.292187 0.628125 0.306250 0.621875 0.321875 0.634375 0.340625 0.662500 0.345313 0.700000 0.331250 0.732812 0.340625 0.750000 0.340625 0.756250 0.334375 0.757812 0.323437 0.750000 0.318750 0.745313 0.289062 0.753125 0.262500 0.746875 0.256250 0.731250 0.259375 0.721875 0.245312 0.717187 0.214062 0.690625 0.204687 0.643750 0.207813
1 0.265625 0.695312 0.251563 0.807813 0.273438 0.860938 0.303125 0.879687 0.320312 0.882812 0.382812 0.873437 0.410938 0.876563 0.431250 0.867188 0.448437 0.834375 0.448437 0.721875 0.442188 0.695312 0.421875 0.681250 0.367188 0.678125 0.304688 0.659375 0.281250 0.665625 0.271875 0.675000
8 0.650000 0.732812 0.650000 0.803125 0.667188 0.810937 0.726562 0.814063 0.732812 0.806250 0.729688 0.735938 0.723437 0.731250
4 0.595313 0.423438 0.590625 0.476562 0.600000 0.618750 0.612500 0.654687 0.631250 0.667188 0.695312 0.685937 0.712500 0.685937 0.734375 0.676562 0.757812 0.678125 0.779687 0.668750 0.781250 0.637500 0.789062 0.614062 0.795312 0.610938 0.796875 0.539062 0.787500 0.470313 0.795312 0.435937 0.776563 0.409375 0.776563 0.396875 0.746875 0.371875 0.685937 0.360938 0.621875 0.382812 0.598437 0.410938
5 0.387500 0.439063 0.368750 0.446875 0.285938 0.451562 0.285938 0.460938 0.378125 0.601562 0.404687 0.653125 0.428125 0.678125 0.443750 0.678125 0.479687 0.657813 0.496875 0.620313 0.512500 0.606250 0.531250 0.517188 0.539062 0.509375 0.546875 0.481250 0.540625 0.431250 0.521875 0.425000 0.410938 0.440625
5 0.278125 0.589063 0.278125 0.615625 0.290625 0.623437 0.351562 0.626563 0.384375 0.621875 0.368750 0.585938 0.328125 0.525000 0.318750 0.520312 0.320312 0.515625 0.292187 0.535937
5 0.381250 0.421875 0.381250 0.434375 0.398438 0.439063 0.439063 0.431250 0.432812 0.417187 0.400000 0.396875 0.392188 0.398438
0 0.660937 0.200000 0.659375 0.201563 0.653125 0.201563 0.651563 0.203125 0.648438 0.203125 0.646875 0.204687 0.643750 0.204687 0.640625 0.207813 0.639062 0.207813 0.626563 0.220312 0.626563 0.221875 0.625000 0.223438 0.625000 0.225000 0.621875 0.228125 0.621875 0.229687 0.618750 0.232813 0.618750 0.234375 0.617188 0.235937 0.617188 0.237500 0.615625 0.239063 0.615625 0.242188 0.614062 0.243750 0.614062 0.246875 0.612500 0.248438 0.612500 0.253125 0.610938 0.254688 0.610938 0.275000 0.612500 0.276562 0.612500 0.279687 0.614062 0.281250 0.614062 0.282813 0.615625 0.284375 0.615625 0.285938 0.617188 0.287500 0.617188 0.289062 0.618750 0.290625 0.618750 0.296875 0.617188 0.298438 0.617188 0.310937 0.618750 0.312500 0.618750 0.318750 0.620313 0.320312 0.620313 0.321875 0.621875 0.323437 0.621875 0.325000 0.623437 0.326562 0.623437 0.328125 0.625000 0.329688 0.625000 0.331250 0.634375 0.340625 0.635938 0.340625 0.639062 0.343750 0.640625 0.343750 0.642188 0.345313 0.643750 0.345313 0.645312 0.346875 0.648438 0.346875 0.650000 0.348438 0.682813 0.348438 0.684375 0.346875 0.739062 0.346875 0.740625 0.345313 0.746875 0.345313 0.748437 0.343750 0.751563 0.343750 0.753125 0.342187 0.754687 0.342187 0.756250 0.340625 0.757812 0.340625 0.762500 0.335938 0.764062 0.335938 0.768750 0.331250 0.768750 0.329688 0.771875 0.326562 0.771875 0.325000 0.773438 0.323437 0.773438 0.321875 0.775000 0.320312 0.775000 0.318750 0.776563 0.317188 0.776563 0.312500 0.778125 0.310937 0.778125 0.251563 0.776563 0.250000 0.776563 0.245312 0.775000 0.243750 0.775000 0.240625 0.773438 0.239063 0.773438 0.237500 0.771875 0.235937 0.771875 0.234375 0.770312 0.232813 0.770312 0.231250 0.765625 0.226562 0.765625 0.225000 0.762500 0.221875 0.760938 0.221875 0.756250 0.217188 0.754687 0.217188 0.753125 0.215625 0.751563 0.215625 0.750000 0.214062 0.748437 0.214062 0.746875 0.212500 0.743750 0.212500 0.742188 0.210938 0.739062 0.210938 0.737500 0.209375 0.734375 0.209375 0.732812 0.207813 0.717187 0.207813 0.715625 0.206250 0.684375 0.206250 0.682813 0.204687 0.681250 0.204687 0.679688 0.203125 0.676562 0.203125 0.675000 0.201563 0.668750 0.201563 0.667188 0.200000
0 0.500000 0.204687 0.498437 0.206250 0.493750 0.206250 0.492188 0.207813 0.489063 0.207813 0.487500 0.209375 0.485938 0.209375 0.482812 0.212500 0.481250 0.212500 0.470313 0.223438 0.470313 0.225000 0.468750 0.226562 0.468750 0.228125 0.467187 0.229687 0.467187 0.231250 0.465625 0.232813 0.465625 0.235937 0.464062 0.237500 0.464062 0.254688 0.462500 0.256250 0.462500 0.260937 0.460938 0.262500 0.460938 0.340625 0.462500 0.342187 0.462500 0.345313 0.464062 0.346875 0.464062 0.348438 0.465625 0.350000 0.465625 0.351562 0.467187 0.353125 0.467187 0.354687 0.471875 0.359375 0.471875 0.360938 0.475000 0.364063 0.476562 0.364063 0.481250 0.368750 0.482812 0.368750 0.484375 0.370312 0.485938 0.370312 0.490625 0.375000 0.492188 0.375000 0.495312 0.378125 0.496875 0.378125 0.498437 0.379688 0.500000 0.379688 0.501563 0.381250 0.504687 0.381250 0.506250 0.382812 0.512500 0.382812 0.514062 0.384375 0.539062 0.384375 0.540625 0.382812 0.546875 0.382812 0.548438 0.381250 0.551562 0.381250 0.553125 0.379688 0.557813 0.379688 0.559375 0.378125 0.564063 0.378125 0.565625 0.376563 0.568750 0.376563 0.570312 0.375000 0.573438 0.375000 0.575000 0.373437 0.576562 0.373437 0.578125 0.371875 0.579688 0.371875 0.593750 0.357812 0.593750 0.356250 0.595313 0.354687 0.595313 0.353125 0.596875 0.351562 0.596875 0.350000 0.598437 0.348438 0.598437 0.345313 0.600000 0.343750 0.600000 0.239063 0.598437 0.237500 0.598437 0.234375 0.596875 0.232813 0.596875 0.231250 0.595313 0.229687 0.595313 0.228125 0.593750 0.226562 0.593750 0.225000 0.581250 0.212500 0.579688 0.212500 0.576562 0.209375 0.575000 0.209375 0.573438 0.207813 0.570312 0.207813 0.568750 0.206250 0.564063 0.206250 0.562500 0.204687 0.525000 0.204687 0.523438 0.206250 0.515625 0.206250 0.514062 0.204687
0 0.373437 0.206250 0.371875 0.207813 0.365625 0.207813 0.364063 0.209375 0.359375 0.209375 0.357812 0.210938 0.354687 0.210938 0.353125 0.212500 0.351562 0.212500 0.350000 0.214062 0.348438 0.214062 0.346875 0.215625 0.328125 0.215625 0.326562 0.217188 0.320312 0.217188 0.318750 0.218750 0.317188 0.218750 0.315625 0.220312 0.314063 0.220312 0.312500 0.221875 0.310937 0.221875 0.309375 0.223438 0.307812 0.223438 0.295312 0.235937 0.295312 0.237500 0.292187 0.240625 0.292187 0.242188 0.290625 0.243750 0.290625 0.245312 0.289062 0.246875 0.289062 0.248438 0.287500 0.250000 0.287500 0.253125 0.285938 0.254688 0.285938 0.259375 0.284375 0.260937 0.284375 0.268750 0.282813 0.270313 0.282813 0.275000 0.281250 0.276562 0.281250 0.281250 0.279687 0.282813 0.279687 0.287500 0.278125 0.289062 0.278125 0.296875 0.276562 0.298438 0.276562 0.303125 0.275000 0.304688 0.275000 0.309375 0.273438 0.310937 0.273438 0.317188 0.271875 0.318750 0.271875 0.323437 0.270313 0.325000 0.270313 0.332813 0.268750 0.334375 0.268750 0.356250 0.270313 0.357812 0.270313 0.362500 0.271875 0.364063 0.271875 0.365625 0.273438 0.367188 0.273438 0.368750 0.275000 0.370312 0.275000 0.371875 0.278125 0.375000 0.278125 0.376563 0.285938 0.384375 0.287500 0.384375 0.290625 0.387500 0.292187 0.387500 0.293750 0.389062 0.295312 0.389062 0.296875 0.390625 0.300000 0.390625 0.301563 0.392188 0.306250 0.392188 0.307812 0.393750 0.323437 0.393750 0.325000 0.392188 0.329688 0.392188 0.331250 0.390625 0.334375 0.390625 0.335938 0.389062 0.337500 0.389062 0.339062 0.387500 0.342187 0.387500 0.345313 0.384375 0.346875 0.384375 0.348438 0.382812 0.350000 0.382812 0.351562 0.381250 0.353125 0.381250 0.354687 0.379688 0.359375 0.379688 0.360938 0.378125 0.364063 0.378125 0.365625 0.376563 0.368750 0.376563 0.370312 0.375000 0.371875 0.375000 0.373437 0.376563 0.378125 0.376563 0.379688 0.378125 0.384375 0.378125 0.385937 0.379688 0.415625 0.379688 0.417187 0.378125 0.421875 0.378125 0.423438 0.376563 0.425000 0.376563 0.426563 0.375000 0.428125 0.375000 0.429688 0.373437 0.431250 0.373437 0.432812 0.371875 0.434375 0.371875 0.443750 0.362500 0.443750 0.360938 0.446875 0.357812 0.446875 0.356250 0.448437 0.354687 0.448437 0.353125 0.450000 0.351562 0.450000 0.350000 0.451562 0.348438 0.451562 0.345313 0.453125 0.343750 0.453125 0.342187 0.454688 0.340625 0.454688 0.323437 0.453125 0.321875 0.453125 0.318750 0.451562 0.317188 0.451562 0.309375 0.450000 0.307812 0.450000 0.268750 0.451562 0.267188 0.451562 0.260937 0.453125 0.259375 0.453125 0.254688 0.454688 0.253125 0.454688 0.248438 0.456250 0.246875 0.456250 0.245312 0.454688 0.243750 0.454688 0.240625 0.453125 0.239063 0.453125 0.237500 0.451562 0.235937 0.451562 0.234375 0.450000 0.232813 0.450000 0.231250 0.448437 0.229687 0.448437 0.228125 0.439063 0.218750 0.437500 0.218750 0.432812 0.214062 0.431250 0.214062 0.428125 0.210938 0.426563 0.210938 0.425000 0.209375 0.421875 0.209375 0.420312 0.207813 0.415625 0.207813 0.414062 0.206250
0 0.364063 0.387500 0.362500 0.389062 0.359375 0.389062 0.357812 0.390625 0.356250 0.390625 0.354687 0.392188 0.353125 0.392188 0.351562 0.393750 0.350000 0.393750 0.348438 0.395313 0.345313 0.395313 0.343750 0.396875 0.342187 0.396875 0.340625 0.398438 0.339062 0.398438 0.337500 0.400000 0.335938 0.400000 0.332813 0.403125 0.331250 0.403125 0.329688 0.404687 0.328125 0.404687 0.325000 0.407813 0.323437 0.407813 0.320312 0.410938 0.318750 0.410938 0.317188 0.412500 0.312500 0.412500 0.310937 0.414062 0.309375 0.414062 0.307812 0.415625 0.306250 0.415625 0.304688 0.417187 0.303125 0.417187 0.301563 0.418750 0.300000 0.418750 0.298438 0.420312 0.296875 0.420312 0.293750 0.423438 0.292187 0.423438 0.284375 0.431250 0.284375 0.432812 0.281250 0.435937 0.281250 0.437500 0.278125 0.440625 0.278125 0.442188 0.276562 0.443750 0.276562 0.445312 0.275000 0.446875 0.275000 0.448437 0.273438 0.450000 0.273438 0.453125 0.271875 0.454688 0.271875 0.456250 0.270313 0.457813 0.270313 0.460938 0.268750 0.462500 0.268750 0.464062 0.267188 0.465625 0.267188 0.467187 0.265625 0.468750 0.265625 0.471875 0.264062 0.473438 0.264062 0.485938 0.262500 0.487500 0.264062 0.489063 0.264062 0.498437 0.262500 0.500000 0.264062 0.501563 0.264062 0.510938 0.262500 0.512500 0.264062 0.514062 0.264062 0.523438 0.262500 0.525000 0.264062 0.526563 0.264062 0.535937 0.262500 0.537500 0.264062 0.539062 0.264062 0.548438 0.262500 0.550000 0.264062 0.551562 0.264062 0.560937 0.262500 0.562500 0.264062 0.564063 0.264062 0.573438 0.262500 0.575000 0.264062 0.576562 0.264062 0.596875 0.265625 0.598437 0.265625 0.601562 0.267188 0.603125 0.267188 0.604688 0.268750 0.606250 0.268750 0.607812 0.270313 0.609375 0.270313 0.610938 0.271875 0.612500 0.271875 0.614062 0.282813 0.625000 0.284375 0.625000 0.289062 0.629687 0.290625 0.629687 0.292187 0.631250 0.293750 0.631250 0.295312 0.632812 0.296875 0.632812 0.298438 0.634375 0.301563 0.634375 0.303125 0.635938 0.304688 0.635938 0.306250 0.637500 0.307812 0.637500 0.309375 0.639062 0.312500 0.639062 0.314063 0.640625 0.318750 0.640625 0.320312 0.642188 0.326562 0.642188 0.328125 0.643750 0.332813 0.643750 0.334375 0.645312 0.340625 0.645312 0.342187 0.646875 0.346875 0.646875 0.348438 0.648438 0.351562 0.648438 0.353125 0.650000 0.356250 0.650000 0.357812 0.651563 0.371875 0.651563 0.373437 0.653125 0.378125 0.653125 0.379688 0.654687 0.387500 0.654687 0.389062 0.656250 0.393750 0.656250 0.395313 0.657813 0.400000 0.657813 0.401562 0.659375 0.410938 0.659375 0.412500 0.660937 0.460938 0.660937 0.462500 0.659375 0.468750 0.659375 0.470313 0.657813 0.476562 0.657813 0.478125 0.656250 0.484375 0.656250 0.485938 0.654687 0.492188 0.654687 0.493750 0.653125 0.496875 0.653125 0.498437 0.651563 0.504687 0.651563 0.506250 0.650000 0.529687 0.650000 0.531250 0.648438 0.539062 0.648438 0.540625 0.646875 0.543750 0.646875 0.545312 0.645312 0.548438 0.645312 0.550000 0.643750 0.551562 0.643750 0.553125 0.642188 0.554688 0.642188 0.556250 0.640625 0.557813 0.640625 0.559375 0.639062 0.560937 0.639062 0.565625 0.634375 0.567187 0.634375 0.570312 0.631250 0.570312 0.629687 0.575000 0.625000 0.575000 0.623437 0.578125 0.620313 0.578125 0.618750 0.579688 0.617188 0.579688 0.615625 0.582812 0.612500 0.582812 0.610938 0.584375 0.609375 0.584375 0.607812 0.585938 0.606250 0.585938 0.601562 0.587500 0.600000 0.587500 0.565625 0.585938 0.564063 0.585938 0.557813 0.584375 0.556250 0.584375 0.437500 0.582812 0.435937 0.582812 0.429688 0.581250 0.428125 0.581250 0.425000 0.579688 0.423438 0.579688 0.421875 0.578125 0.420312 0.578125 0.418750 0.575000 0.415625 0.575000 0.414062 0.568750 0.407813 0.567187 0.407813 0.564063 0.404687 0.562500 0.404687 0.559375 0.401562 0.557813 0.401562 0.556250 0.400000 0.553125 0.400000 0.551562 0.398438 0.548438 0.398438 0.546875 0.396875 0.521875 0.396875 0.520312 0.395313 0.515625 0.395313 0.514062 0.393750 0.509375 0.393750 0.507812 0.392188 0.503125 0.392188 0.501563 0.390625 0.495312 0.390625 0.493750 0.389062 0.489063 0.389062 0.487500 0.387500
0 0.682813 0.354687 0.681250 0.356250 0.676562 0.356250 0.675000 0.357812 0.670312 0.357812 0.668750 0.359375 0.665625 0.359375 0.664062 0.360938 0.662500 0.360938 0.660937 0.362500 0.659375 0.362500 0.656250 0.365625 0.654687 0.365625 0.653125 0.367188 0.651563 0.365625 0.645312 0.365625 0.643750 0.364063 0.635938 0.364063 0.634375 0.365625 0.628125 0.365625 0.626563 0.367188 0.623437 0.367188 0.621875 0.368750 0.620313 0.368750 0.618750 0.370312 0.617188 0.370312 0.612500 0.375000 0.610938 0.375000 0.607812 0.378125 0.607812 0.379688 0.603125 0.384375 0.603125 0.385937 0.601562 0.387500 0.601562 0.389062 0.600000 0.390625 0.600000 0.392188 0.598437 0.393750 0.598437 0.398438 0.596875 0.400000 0.596875 0.407813 0.595313 0.409375 0.595313 0.415625 0.593750 0.417187 0.593750 0.426563 0.592187 0.428125 0.592187 0.432812 0.590625 0.434375 0.590625 0.439063 0.589063 0.440625 0.589063 0.531250 0.590625 0.532813 0.590625 0.570312 0.592187 0.571875 0.592187 0.578125 0.593750 0.579688 0.593750 0.584375 0.595313 0.585938 0.595313 0.590625 0.596875 0.592187 0.596875 0.604688 0.598437 0.606250 0.598437 0.609375 0.600000 0.610938 0.600000 0.614062 0.601562 0.615625 0.601562 0.621875 0.603125 0.623437 0.603125 0.626563 0.604688 0.628125 0.604688 0.631250 0.606250 0.632812 0.606250 0.634375 0.607812 0.635938 0.607812 0.637500 0.609375 0.639062 0.609375 0.640625 0.610938 0.642188 0.610938 0.643750 0.612500 0.645312 0.612500 0.646875 0.614062 0.648438 0.614062 0.650000 0.615625 0.651563 0.615625 0.653125 0.617188 0.654687 0.617188 0.656250 0.618750 0.657813 0.618750 0.659375 0.631250 0.671875 0.632812 0.671875 0.637500 0.676562 0.639062 0.676562 0.640625 0.678125 0.642188 0.678125 0.643750 0.679688 0.646875 0.679688 0.648438 0.681250 0.650000 0.681250 0.651563 0.682813 0.653125 0.682813 0.654687 0.684375 0.656250 0.684375 0.657813 0.685937 0.660937 0.685937 0.662500 0.687500 0.684375 0.687500 0.685937 0.689063 0.709375 0.689063 0.710938 0.690625 0.714063 0.690625 0.715625 0.692187 0.720313 0.692187 0.721875 0.693750 0.753125 0.693750 0.754687 0.692187 0.759375 0.692187 0.760938 0.690625 0.762500 0.690625 0.764062 0.689063 0.767188 0.689063 0.768750 0.687500 0.770312 0.687500 0.773438 0.684375 0.775000 0.684375 0.778125 0.681250 0.779687 0.681250 0.784375 0.676562 0.785937 0.676562 0.790625 0.671875 0.790625 0.670312 0.793750 0.667188 0.793750 0.665625 0.796875 0.662500 0.796875 0.659375 0.798438 0.657813 0.798438 0.654687 0.800000 0.653125 0.800000 0.431250 0.798438 0.429688 0.798438 0.425000 0.796875 0.423438 0.796875 0.420312 0.795312 0.418750 0.795312 0.415625 0.793750 0.414062 0.793750 0.412500 0.792188 0.410938 0.792188 0.406250 0.790625 0.404687 0.790625 0.401562 0.789062 0.400000 0.789062 0.396875 0.787500 0.395313 0.787500 0.393750 0.785937 0.392188 0.785937 0.390625 0.784375 0.389062 0.784375 0.387500 0.781250 0.384375 0.781250 0.382812 0.778125 0.379688 0.778125 0.378125 0.768750 0.368750 0.767188 0.368750 0.764062 0.365625 0.762500 0.365625 0.760938 0.364063 0.759375 0.364063 0.757812 0.362500 0.756250 0.362500 0.754687 0.360938 0.751563 0.360938 0.750000 0.359375 0.742188 0.359375 0.740625 0.357812 0.728125 0.357812 0.726562 0.356250 0.721875 0.356250 0.720313 0.354687
0 0.668750 0.700000 0.667188 0.701562 0.664062 0.701562 0.662500 0.703125 0.660937 0.703125 0.659375 0.704688 0.657813 0.704688 0.656250 0.706250 0.654687 0.706250 0.642188 0.718750 0.642188 0.720313 0.640625 0.721875 0.640625 0.723437 0.639062 0.725000 0.639062 0.726562 0.637500 0.728125 0.637500 0.732812 0.635938 0.734375 0.635938 0.814063 0.637500 0.815625 0.637500 0.821875 0.639062 0.823438 0.639062 0.829688 0.640625 0.831250 0.640625 0.834375 0.642188 0.835938 0.642188 0.839063 0.643750 0.840625 0.643750 0.843750 0.645312 0.845313 0.645312 0.850000 0.646875 0.851562 0.646875 0.853125 0.648438 0.854688 0.648438 0.856250 0.650000 0.857812 0.650000 0.859375 0.653125 0.862500 0.653125 0.864062 0.664062 0.875000 0.665625 0.875000 0.668750 0.878125 0.670312 0.878125 0.671875 0.879687 0.673438 0.879687 0.675000 0.881250 0.678125 0.881250 0.679688 0.882812 0.684375 0.882812 0.685937 0.884375 0.743750 0.884375 0.745313 0.882812 0.750000 0.882812 0.751563 0.881250 0.754687 0.881250 0.756250 0.879687 0.760938 0.879687 0.762500 0.878125 0.765625 0.878125 0.767188 0.876563 0.768750 0.876563 0.770312 0.875000 0.771875 0.875000 0.773438 0.873437 0.775000 0.873437 0.776563 0.871875 0.778125 0.871875 0.779687 0.870313 0.781250 0.870313 0.782813 0.868750 0.784375 0.868750 0.785937 0.867188 0.787500 0.867188 0.789062 0.865625 0.790625 0.865625 0.793750 0.862500 0.795312 0.862500 0.796875 0.860938 0.798438 0.860938 0.810937 0.848437 0.810937 0.846875 0.815625 0.842187 0.815625 0.840625 0.817187 0.839063 0.817187 0.837500 0.818750 0.835938 0.818750 0.834375 0.820312 0.832812 0.820312 0.829688 0.821875 0.828125 0.821875 0.826562 0.823438 0.825000 0.823438 0.821875 0.825000 0.820312 0.825000 0.814063 0.826562 0.812500 0.826562 0.759375 0.825000 0.757812 0.825000 0.753125 0.823438 0.751563 0.823438 0.748437 0.821875 0.746875 0.821875 0.743750 0.820312 0.742188 0.820312 0.740625 0.818750 0.739062 0.818750 0.737500 0.815625 0.734375 0.815625 0.732812 0.809375 0.726562 0.809375 0.725000 0.803125 0.718750 0.801562 0.718750 0.798438 0.715625 0.796875 0.715625 0.795312 0.714063 0.793750 0.714063 0.792188 0.712500 0.790625 0.712500 0.789062 0.710938 0.787500 0.710938 0.785937 0.709375 0.784375 0.709375 0.782813 0.707812 0.779687 0.707812 0.778125 0.706250 0.773438 0.706250 0.771875 0.704688 0.768750 0.704688 0.767188 0.703125 0.760938 0.703125 0.759375 0.701562 0.703125 0.701562 0.701562 0.703125 0.695312 0.703125 0.693750 0.701562 0.690625 0.701562 0.689063 0.700000
0 0.293750 0.660937 0.292187 0.662500 0.289062 0.662500 0.287500 0.664062 0.284375 0.664062 0.282813 0.665625 0.281250 0.665625 0.278125 0.668750 0.276562 0.668750 0.267188 0.678125 0.267188 0.679688 0.264062 0.682813 0.264062 0.684375 0.262500 0.685937 0.262500 0.689063 0.260937 0.690625 0.260937 0.693750 0.259375 0.695312 0.259375 0.820312 0.260937 0.821875 0.260937 0.825000 0.262500 0.826562 0.262500 0.829688 0.264062 0.831250 0.264062 0.832812 0.265625 0.834375 0.265625 0.835938 0.268750 0.839063 0.268750 0.840625 0.270313 0.842187 0.270313 0.843750 0.271875 0.845313 0.271875 0.846875 0.276562 0.851562 0.276562 0.853125 0.290625 0.867188 0.292187 0.867188 0.295312 0.870313 0.296875 0.870313 0.300000 0.873437 0.303125 0.873437 0.304688 0.875000 0.307812 0.875000 0.309375 0.876563 0.312500 0.876563 0.314063 0.878125 0.317188 0.878125 0.318750 0.879687 0.325000 0.879687 0.326562 0.881250 0.392188 0.881250 0.393750 0.879687 0.398438 0.879687 0.400000 0.878125 0.404687 0.878125 0.406250 0.876563 0.410938 0.876563 0.412500 0.875000 0.414062 0.875000 0.415625 0.873437 0.417187 0.873437 0.418750 0.871875 0.420312 0.871875 0.421875 0.870313 0.423438 0.870313 0.437500 0.856250 0.437500 0.854688 0.440625 0.851562 0.440625 0.848437 0.442188 0.846875 0.442188 0.845313 0.443750 0.843750 0.443750 0.839063 0.445312 0.837500 0.445312 0.829688 0.446875 0.828125 0.446875 0.810937 0.448437 0.809375 0.448437 0.792188 0.450000 0.790625 0.450000 0.785937 0.451562 0.784375 0.451562 0.778125 0.453125 0.776563 0.453125 0.770312 0.454688 0.768750 0.454688 0.726562 0.453125 0.725000 0.453125 0.721875 0.451562 0.720313 0.451562 0.717187 0.450000 0.715625 0.450000 0.714063 0.448437 0.712500 0.448437 0.710938 0.446875 0.709375 0.446875 0.707812 0.445312 0.706250 0.445312 0.704688 0.432812 0.692187 0.431250 0.692187 0.423438 0.684375 0.421875 0.684375 0.420312 0.682813 0.418750 0.682813 0.417187 0.681250 0.415625 0.681250 0.414062 0.679688 0.412500 0.679688 0.410938 0.678125 0.409375 0.678125 0.407813 0.676562 0.404687 0.676562 0.403125 0.675000 0.401562 0.675000 0.400000 0.673438 0.395313 0.673438 0.393750 0.671875 0.387500 0.671875 0.385937 0.670312 0.378125 0.670312 0.376563 0.668750 0.365625 0.668750 0.364063 0.667188 0.360938 0.667188 0.359375 0.665625 0.351562 0.665625 0.350000 0.664062 0.318750 0.664062 0.317188 0.662500 0.314063 0.662500 0.312500 0.660937
0 0.503125 0.665625 0.501563 0.667188 0.495312 0.667188 0.493750 0.668750 0.490625 0.668750 0.489063 0.670312 0.487500 0.670312 0.485938 0.671875 0.484375 0.671875 0.481250 0.675000 0.479687 0.675000 0.471875 0.682813 0.471875 0.684375 0.468750 0.687500 0.468750 0.689063 0.467187 0.690625 0.467187 0.692187 0.465625 0.693750 0.465625 0.696875 0.464062 0.698438 0.464062 0.715625 0.462500 0.717187 0.462500 0.729688 0.460938 0.731250 0.460938 0.735938 0.459375 0.737500 0.459375 0.748437 0.457813 0.750000 0.457813 0.829688 0.459375 0.831250 0.459375 0.835938 0.460938 0.837500 0.460938 0.840625 0.462500 0.842187 0.462500 0.845313 0.464062 0.846875 0.464062 0.848437 0.465625 0.850000 0.465625 0.851562 0.467187 0.853125 0.467187 0.854688 0.468750 0.856250 0.468750 0.857812 0.471875 0.860938 0.471875 0.862500 0.476562 0.867188 0.476562 0.868750 0.478125 0.868750 0.484375 0.875000 0.485938 0.875000 0.487500 0.876563 0.489063 0.876563 0.490625 0.878125 0.493750 0.878125 0.495312 0.879687 0.496875 0.879687 0.498437 0.881250 0.501563 0.881250 0.503125 0.882812 0.507812 0.882812 0.509375 0.884375 0.582812 0.884375 0.584375 0.882812 0.589063 0.882812 0.590625 0.881250 0.593750 0.881250 0.595313 0.879687 0.596875 0.879687 0.600000 0.876563 0.601562 0.876563 0.606250 0.871875 0.607812 0.871875 0.607812 0.870313 0.612500 0.865625 0.612500 0.864062 0.615625 0.860938 0.615625 0.859375 0.617188 0.857812 0.617188 0.854688 0.618750 0.853125 0.618750 0.848437 0.620313 0.846875 0.620313 0.834375 0.618750 0.832812 0.618750 0.828125 0.617188 0.826562 0.617188 0.785937 0.618750 0.784375 0.618750 0.778125 0.620313 0.776563 0.620313 0.728125 0.618750 0.726562 0.618750 0.707812 0.617188 0.706250 0.617188 0.701562 0.615625 0.700000 0.615625 0.698438 0.614062 0.696875 0.614062 0.695312 0.612500 0.693750 0.612500 0.692187 0.609375 0.689063 0.609375 0.687500 0.603125 0.681250 0.601562 0.681250 0.598437 0.678125 0.596875 0.678125 0.593750 0.675000 0.592187 0.675000 0.590625 0.673438 0.589063 0.673438 0.587500 0.671875 0.585938 0.671875 0.584375 0.670312 0.581250 0.670312 0.579688 0.668750 0.575000 0.668750 0.573438 0.667188 0.567187 0.667188 0.565625 0.665625 0.528125 0.665625 0.526563 0.667188 0.512500 0.667188 0.510938 0.665625
