0 0.551562 0.321875 0.535937 0.326562 0.471875 0.329688 0.448437 0.337500 0.424270 0.362631 0.423897 0.602078 0.435869 0.622283 0.457194 0.635377 0.514437 0.636873 0.552973 0.641737 0.600863 0.654084 0.653616 0.654831 0.679688 0.650000 0.703377 0.648845 0.729688 0.648438 0.789053 0.615173 0.820312 0.587500 0.820312 0.385937 0.800000 0.364063 0.756503 0.335694 0.717187 0.321875 0.698438 0.315625 0.676813 0.311748 0.657731 0.311748 0.596747 0.313620
7 0.340039 0.696875 0.281250 0.696875 0.279687 0.703125 0.237500 0.715625 0.218750 0.717187 0.204687 0.725000 0.189062 0.740625 0.184375 0.740625 0.184375 0.810937 0.190625 0.810937 0.229687 0.843750 0.257812 0.857812 0.298438 0.864062 0.300000 0.870313 0.359375 0.870313 0.368750 0.829688 0.370312 0.746875 0.365625 0.725000 0.348438 0.696875
0 0.786419 0.642500 0.766537 0.642500 0.747541 0.654428 0.742680 0.658847 0.709375 0.664062 0.631250 0.670312 0.615881 0.671217 0.594673 0.689331 0.584375 0.707812 0.589063 0.882812 0.606250 0.903125 0.620741 0.918630 0.657813 0.920312 0.742188 0.920312 0.771397 0.912886 0.785094 0.902725 0.803208 0.889030 0.818672 0.867822 0.826562 0.840625 0.826562 0.684375 0.817345 0.659289 0.798438 0.646875
0 0.334114 0.690625 0.196875 0.690625 0.170980 0.711864 0.162144 0.731745 0.164353 0.832478 0.178125 0.857812 0.199697 0.885936 0.236809 0.903167 0.334375 0.903125 0.353125 0.890625 0.362500 0.876563 0.370312 0.826562 0.372886 0.741023 0.364063 0.715625 0.342187 0.690625
0 0.532223 0.085277 0.432445 0.086964 0.408608 0.103417 0.398483 0.119450 0.395895 0.275872 0.423438 0.301563 0.466197 0.315844 0.529059 0.315633 0.544670 0.311412 0.557327 0.303186 0.568717 0.287787 0.570312 0.270313 0.570828 0.117973 0.558803 0.098355
0 0.730958 0.084375 0.618806 0.083456 0.592630 0.101808 0.583058 0.115869 0.584375 0.273438 0.599647 0.288286 0.620313 0.298438 0.695450 0.304478 0.739062 0.317188 0.768577 0.327244 0.793141 0.319486 0.814063 0.295312 0.814063 0.160938 0.804688 0.142187 0.795312 0.126562 0.774395 0.098416 0.754356 0.090012
0 0.351245 0.087811 0.270272 0.087811 0.239063 0.100000 0.215625 0.115625 0.198437 0.139063 0.192008 0.166347 0.187675 0.245425 0.205006 0.263570 0.226562 0.270313 0.279752 0.271694 0.323623 0.273048 0.355038 0.271966 0.370473 0.261945 0.381848 0.249217 0.386723 0.235134 0.389062 0.117188 0.365625 0.090625
0 0.453738 0.647802 0.423438 0.660937 0.398438 0.681250 0.387908 0.709655 0.385256 0.878425 0.403372 0.896098 0.417509 0.909794 0.435937 0.914062 0.520312 0.914062 0.545633 0.908027 0.559772 0.893889 0.572584 0.875333 0.570312 0.806250 0.571258 0.694633 0.564189 0.674309 0.552703 0.658405 0.525311 0.648686
0 0.317905 0.281203 0.225000 0.282813 0.203125 0.296875 0.193750 0.309375 0.184375 0.340625 0.179688 0.417187 0.178125 0.426563 0.171875 0.657813 0.184181 0.669706 0.203125 0.676562 0.250000 0.682813 0.256250 0.682813 0.314063 0.679688 0.368750 0.660937 0.397017 0.647487 0.409683 0.627555 0.412175 0.608866 0.414062 0.596875 0.414062 0.337500 0.407398 0.320241 0.396394 0.308197 0.382689 0.299891 0.359433 0.288886
4 0.310789 0.281905 0.261272 0.285125 0.239063 0.298438 0.206250 0.315625 0.206522 0.350745 0.189062 0.362500 0.185938 0.470313 0.179688 0.512500 0.185991 0.525061 0.177134 0.534320 0.179550 0.605980 0.171875 0.632812 0.185938 0.640625 0.195312 0.662500 0.206250 0.670312 0.240741 0.661937 0.257812 0.673438 0.302336 0.667975 0.343398 0.665561 0.370370 0.641003 0.394928 0.623692 0.397745 0.588669 0.407813 0.571875 0.407813 0.350000 0.400000 0.332813 0.381250 0.314063 0.346875 0.293750 0.340178 0.291969 0.328905 0.285930
8 0.229687 0.164062 0.228125 0.178125 0.231250 0.187500 0.271875 0.226562 0.278125 0.264062 0.345313 0.268750 0.362500 0.259375 0.368750 0.246875 0.365625 0.209375 0.353125 0.198437 0.350000 0.175000 0.323437 0.132812 0.300000 0.131250 0.287500 0.134375
1 0.587500 0.718750 0.587500 0.864062 0.595313 0.889062 0.609375 0.901563 0.645312 0.907813 0.743750 0.900000 0.773438 0.889062 0.803125 0.862500 0.817187 0.826562 0.817187 0.765625 0.807813 0.681250 0.803125 0.667188 0.789062 0.654687 0.760938 0.651563 0.684375 0.673438 0.617188 0.675000 0.595313 0.692187
2 0.395313 0.720313 0.393750 0.848437 0.404687 0.884375 0.420312 0.895312 0.462500 0.901563 0.532813 0.900000 0.554688 0.887500 0.564063 0.868750 0.564063 0.810937 0.568750 0.800000 0.564063 0.754687 0.567187 0.692187 0.557813 0.668750 0.539062 0.656250 0.506250 0.648438 0.445312 0.656250 0.415625 0.667188 0.403125 0.679688
5 0.498437 0.368750 0.493750 0.385937 0.532813 0.406250 0.557813 0.439063 0.657813 0.485938 0.742188 0.518750 0.756250 0.517188 0.754687 0.406250 0.734375 0.342187 0.721875 0.326562 0.678125 0.307812 0.635938 0.335938 0.609375 0.342187 0.576562 0.360938 0.556250 0.348438 0.537500 0.362500
5 0.448437 0.485938 0.440625 0.501563 0.464062 0.529687 0.448437 0.543750 0.443750 0.584375 0.450000 0.595313 0.512500 0.615625 0.526563 0.612500 0.529687 0.618750 0.609375 0.653125 0.681250 0.645312 0.687500 0.637500 0.731250 0.659375 0.746875 0.650000 0.765625 0.603125 0.760938 0.570312 0.542188 0.471875 0.515625 0.476562 0.470313 0.468750
2 0.403125 0.142187 0.401562 0.267188 0.412500 0.292187 0.442188 0.306250 0.490625 0.314063 0.525000 0.312500 0.550000 0.303125 0.564063 0.282813 0.567187 0.237500 0.562500 0.215625 0.564063 0.142187 0.556250 0.121875 0.529687 0.109375 0.439063 0.107813 0.417187 0.117188
6 0.590625 0.126562 0.589063 0.253125 0.598437 0.282813 0.625000 0.295312 0.704688 0.303125 0.757812 0.320312 0.775000 0.320312 0.789062 0.312500 0.796875 0.257812 0.795312 0.198437 0.804688 0.178125 0.803125 0.145313 0.790625 0.126562 0.778125 0.126562 0.753125 0.117188 0.745313 0.107813 0.706250 0.098437 0.615625 0.112500 0.593750 0.120313
