8 0.852952 0.728125 0.717187 0.728125 0.714063 0.735938 0.684375 0.757812 0.684375 0.917188 0.689063 0.917188 0.701562 0.931250 0.735938 0.943750 0.779687 0.939063 0.814063 0.931250 0.842187 0.915625 0.857812 0.900000 0.871875 0.878125 0.879687 0.843750 0.875000 0.779687 0.868750 0.745313 0.860938 0.728125
2 0.561875 0.021875 0.485938 0.021875 0.467187 0.048438 0.459375 0.050000 0.459375 0.254688 0.467187 0.257812 0.471875 0.270313 0.484375 0.282813 0.501563 0.290625 0.537500 0.295312 0.539062 0.301563 0.560937 0.301563 0.562500 0.295312 0.596875 0.290625 0.628125 0.276562 0.643750 0.260937 0.651563 0.240625 0.657813 0.239063 0.657813 0.160938 0.651563 0.159375 0.657813 0.156250 0.657813 0.128125 0.651563 0.126562 0.645312 0.057813 0.639062 0.046875 0.618750 0.032813 0.571875 0.028125 0.570312 0.021875
4 0.798958 0.259375 0.754687 0.259375 0.753125 0.265625 0.731250 0.268750 0.671875 0.292187 0.659375 0.301563 0.648438 0.321875 0.640625 0.325000 0.640625 0.643750 0.646875 0.645312 0.651563 0.659375 0.664062 0.673438 0.684375 0.685937 0.756250 0.709375 0.807813 0.703125 0.843750 0.704688 0.859375 0.696875 0.893750 0.653125 0.895312 0.612500 0.901563 0.610938 0.901563 0.557813 0.895312 0.556250 0.892188 0.490625 0.893750 0.443750 0.895312 0.435937 0.901563 0.434375 0.901563 0.370312 0.895312 0.368750 0.890625 0.332813 0.864062 0.292187 0.835938 0.270313 0.809375 0.265625 0.807813 0.259375
2 0.596755 0.684375 0.501563 0.684375 0.498437 0.692187 0.465625 0.718750 0.465625 0.898438 0.481250 0.904687 0.501563 0.900000 0.548438 0.900000 0.559375 0.914062 0.564063 0.939063 0.571875 0.939063 0.576562 0.918750 0.584375 0.910937 0.657813 0.909375 0.657813 0.721875 0.631250 0.700000 0.606250 0.690625 0.604688 0.684375
0 0.422991 0.290625 0.315625 0.290625 0.309375 0.300000 0.290625 0.303125 0.225000 0.329688 0.198437 0.348438 0.184375 0.365625 0.178125 0.365625 0.178125 0.621875 0.184375 0.621875 0.196875 0.637500 0.229687 0.657813 0.285938 0.676562 0.325000 0.681250 0.329688 0.689063 0.462500 0.689063 0.465625 0.681250 0.481250 0.676562 0.595313 0.662500 0.612500 0.646875 0.626563 0.615625 0.632812 0.614062 0.632812 0.557813 0.626563 0.556250 0.625000 0.543750 0.626563 0.498437 0.632812 0.496875 0.626563 0.492188 0.626563 0.485938 0.632812 0.484375 0.626563 0.481250 0.626563 0.475000 0.632812 0.473438 0.626563 0.468750 0.626563 0.437500 0.632812 0.435937 0.632812 0.370312 0.626563 0.368750 0.615625 0.337500 0.601562 0.323437 0.584375 0.317188 0.482812 0.307812 0.434375 0.298438 0.431250 0.290625
0 0.253906 0.678125 0.210938 0.678125 0.206250 0.687500 0.171875 0.714063 0.171875 0.912500 0.179688 0.915625 0.184375 0.935937 0.196875 0.954688 0.242188 0.981250 0.245312 0.989062 0.368750 0.989062 0.370312 0.982812 0.418750 0.968750 0.435937 0.954688 0.445312 0.931250 0.451562 0.929688 0.451562 0.742188 0.412500 0.709375 0.293750 0.695312 0.265625 0.685937 0.262500 0.678125
0 0.854523 0.265625 0.710938 0.265625 0.707812 0.273438 0.662500 0.293750 0.646875 0.321875 0.640625 0.323437 0.640625 0.657813 0.648438 0.660937 0.667188 0.685937 0.704688 0.701562 0.756250 0.712500 0.760938 0.720313 0.832812 0.720313 0.835938 0.712500 0.873437 0.700000 0.901563 0.675000 0.901563 0.312500 0.895312 0.310937 0.887500 0.292187 0.862500 0.270313 0.862500 0.265625
7 0.766563 0.040625 0.732812 0.040625 0.731250 0.046875 0.684375 0.073438 0.678125 0.073438 0.678125 0.204687 0.685937 0.207813 0.700000 0.235937 0.712500 0.243750 0.715625 0.251563 0.732812 0.251563 0.732812 0.246875 0.739062 0.243750 0.764062 0.243750 0.806250 0.231250 0.843750 0.226562 0.856250 0.214062 0.856250 0.187500 0.848437 0.170313 0.842187 0.114062 0.820312 0.082812 0.798438 0.071875 0.782813 0.057813 0.775000 0.040625
1 0.257142 0.684375 0.206250 0.684375 0.206250 0.690625 0.178125 0.715625 0.178125 0.892188 0.228125 0.907813 0.234375 0.934375 0.243750 0.945312 0.234375 0.953125 0.259375 0.964063 0.293750 0.967187 0.321875 0.957812 0.339062 0.964063 0.393750 0.957812 0.398438 0.951562 0.382812 0.942187 0.379688 0.934375 0.387500 0.917188 0.415625 0.900000 0.445312 0.893750 0.445312 0.748437 0.439063 0.746875 0.429688 0.726562 0.414062 0.714063 0.309375 0.701562 0.270313 0.692187 0.265625 0.684375
5 0.510938 0.315625 0.284375 0.315625 0.281250 0.323437 0.256250 0.329688 0.240625 0.339062 0.234375 0.359375 0.196875 0.370312 0.196875 0.512500 0.204687 0.518750 0.207813 0.546875 0.204687 0.592187 0.196875 0.596875 0.196875 0.628125 0.243750 0.642188 0.342187 0.656250 0.529687 0.660937 0.560937 0.664062 0.562500 0.670312 0.567187 0.670312 0.568750 0.664062 0.589063 0.659375 0.595313 0.650000 0.592187 0.529687 0.606250 0.440625 0.603125 0.401562 0.589063 0.376563 0.582812 0.329688 0.565625 0.323437 0.520312 0.321875 0.518750 0.315625
0 0.818653 0.028125 0.700000 0.028125 0.700000 0.034375 0.685937 0.051562 0.678125 0.054688 0.678125 0.218750 0.685937 0.221875 0.710938 0.257812 0.785937 0.257812 0.787500 0.251563 0.795312 0.250000 0.860938 0.248438 0.882812 0.232813 0.890625 0.223438 0.895312 0.204687 0.901563 0.203125 0.901563 0.123438 0.895312 0.121875 0.890625 0.092188 0.875000 0.065625 0.846875 0.042188 0.829688 0.035937 0.826562 0.028125
0 0.868594 0.728125 0.717187 0.728125 0.714063 0.735938 0.690625 0.753125 0.684375 0.753125 0.684375 0.929688 0.710938 0.950000 0.714063 0.957812 0.817187 0.957812 0.818750 0.951562 0.857812 0.934375 0.878125 0.915625 0.901563 0.860938 0.907813 0.859375 0.907813 0.831250 0.901563 0.829688 0.901563 0.825000 0.907813 0.823438 0.907813 0.817187 0.901563 0.815625 0.907813 0.814063 0.907813 0.771875 0.901563 0.770312 0.893750 0.750000 0.876563 0.728125
0 0.604353 0.684375 0.498437 0.684375 0.495312 0.692187 0.465625 0.714063 0.465625 0.929688 0.473438 0.932813 0.481250 0.953125 0.495312 0.970313 0.612500 0.970313 0.614062 0.964063 0.657813 0.940625 0.664062 0.926562 0.670312 0.925000 0.670312 0.729688 0.665625 0.729688 0.642188 0.703125 0.615625 0.692187 0.612500 0.684375
0 0.399933 0.009375 0.226562 0.009375 0.226562 0.014063 0.195312 0.040625 0.179688 0.064062 0.171875 0.067187 0.171875 0.271875 0.209375 0.300000 0.212500 0.307812 0.245312 0.307812 0.246875 0.301563 0.310937 0.284375 0.398438 0.275000 0.420312 0.264062 0.439063 0.239063 0.445312 0.237500 0.445312 0.064062 0.439063 0.062500 0.428125 0.031250 0.407813 0.014063 0.407813 0.009375
0 0.615538 0.015625 0.481250 0.015625 0.467187 0.035937 0.459375 0.037500 0.459375 0.262500 0.464062 0.262500 0.478125 0.282813 0.492188 0.292187 0.531250 0.300000 0.576562 0.300000 0.596875 0.295312 0.637500 0.276562 0.651563 0.259375 0.657813 0.242188 0.664062 0.240625 0.664062 0.059375 0.657813 0.057813 0.650000 0.040625 0.626563 0.023438 0.623437 0.015625
1 0.395313 0.009375 0.231250 0.009375 0.231250 0.015625 0.201563 0.040625 0.179688 0.073438 0.171875 0.076563 0.171875 0.268750 0.176563 0.268750 0.193750 0.289062 0.210938 0.298438 0.235937 0.300000 0.318750 0.279687 0.398438 0.273438 0.415625 0.265625 0.432812 0.248438 0.439063 0.231250 0.445312 0.229687 0.445312 0.082812 0.439063 0.081250 0.439063 0.059375 0.432812 0.039062 0.415625 0.020313 0.404687 0.015625 0.403125 0.009375
