7 0.801216 0.071875 0.735938 0.071875 0.735938 0.078125 0.726562 0.087500 0.721875 0.087500 0.721875 0.157812 0.726562 0.157812 0.746875 0.178125 0.737500 0.200000 0.721875 0.209375 0.721875 0.245312 0.726562 0.245312 0.739062 0.260937 0.753125 0.268750 0.756250 0.276562 0.781250 0.276562 0.782813 0.270313 0.795312 0.267188 0.848437 0.265625 0.859375 0.253125 0.873437 0.217188 0.875000 0.192188 0.865625 0.170313 0.865625 0.156250 0.875000 0.129688 0.875000 0.106250 0.864062 0.093750 0.810937 0.078125 0.809375 0.071875
4 0.844642 0.284375 0.793750 0.284375 0.787500 0.292187 0.746875 0.298438 0.718750 0.310937 0.695312 0.337500 0.690625 0.337500 0.690625 0.650000 0.696875 0.651563 0.706250 0.678125 0.728125 0.693750 0.759375 0.704688 0.814063 0.714063 0.815625 0.720313 0.848437 0.720313 0.850000 0.714063 0.890625 0.703125 0.906250 0.693750 0.923438 0.665625 0.932813 0.625000 0.931250 0.412500 0.923438 0.345313 0.900000 0.307812 0.878125 0.295312 0.857812 0.292187 0.853125 0.284375
1 0.443403 0.046875 0.304688 0.046875 0.301563 0.054688 0.273438 0.070312 0.253125 0.093750 0.246875 0.093750 0.246875 0.298438 0.276562 0.321875 0.292187 0.326562 0.293750 0.332813 0.306250 0.332813 0.307812 0.326562 0.390625 0.304688 0.464062 0.296875 0.478125 0.289062 0.495312 0.256250 0.501563 0.254688 0.501563 0.195312 0.495312 0.193750 0.492188 0.090625 0.484375 0.071875 0.470313 0.059375 0.453125 0.053125 0.451562 0.046875
8 0.871680 0.734375 0.751563 0.734375 0.751563 0.740625 0.739062 0.754687 0.734375 0.754687 0.734375 0.835938 0.739062 0.835938 0.753125 0.854688 0.750000 0.890625 0.754687 0.898438 0.771875 0.900000 0.839063 0.879687 0.881250 0.853125 0.896875 0.834375 0.901563 0.834375 0.879687 0.817187 0.875000 0.809375 0.893750 0.781250 0.893750 0.759375 0.879687 0.734375
0 0.485817 0.315625 0.390625 0.315625 0.384375 0.325000 0.301563 0.353125 0.253125 0.389062 0.253125 0.629687 0.257812 0.629687 0.278125 0.653125 0.303125 0.664062 0.396875 0.689063 0.398438 0.695312 0.440625 0.695312 0.442188 0.689063 0.637500 0.667188 0.653125 0.660937 0.676562 0.632812 0.682813 0.632812 0.682813 0.384375 0.676562 0.382812 0.665625 0.359375 0.640625 0.342187 0.557813 0.335938 0.498437 0.323437 0.493750 0.315625
0 0.877902 0.284375 0.773438 0.284375 0.768750 0.292187 0.720313 0.307812 0.695312 0.334375 0.690625 0.334375 0.690625 0.650000 0.696875 0.651563 0.700000 0.670312 0.709375 0.684375 0.748437 0.706250 0.803125 0.717187 0.868750 0.715625 0.912500 0.701562 0.932813 0.676562 0.939063 0.675000 0.939063 0.467187 0.932813 0.465625 0.932813 0.451562 0.939063 0.450000 0.939063 0.443750 0.932813 0.442188 0.931250 0.343750 0.920312 0.312500 0.906250 0.298438 0.887500 0.290625 0.885938 0.284375
3 0.656130 0.690625 0.560937 0.690625 0.557813 0.698438 0.545312 0.704688 0.529687 0.725000 0.521875 0.728125 0.521875 0.896875 0.551562 0.900000 0.568750 0.915625 0.585938 0.910937 0.648438 0.910937 0.670312 0.932813 0.682813 0.929688 0.703125 0.906250 0.707812 0.906250 0.707812 0.842187 0.703125 0.842187 0.700000 0.834375 0.700000 0.739062 0.690625 0.717187 0.665625 0.698438 0.664062 0.690625
0 0.846428 0.065625 0.739062 0.065625 0.723437 0.089063 0.715625 0.092188 0.715625 0.235937 0.721875 0.237500 0.729688 0.254688 0.748437 0.271875 0.748437 0.276562 0.803125 0.276562 0.804688 0.270313 0.812500 0.268750 0.842187 0.270313 0.843750 0.276562 0.895312 0.276562 0.895312 0.271875 0.918750 0.251563 0.926562 0.234375 0.932813 0.232813 0.932813 0.153125 0.926562 0.151562 0.917188 0.115625 0.901563 0.093750 0.857812 0.073438 0.854688 0.065625
0 0.456027 0.046875 0.295312 0.046875 0.290625 0.056250 0.259375 0.079687 0.246875 0.103125 0.240625 0.104688 0.240625 0.293750 0.248438 0.296875 0.260937 0.315625 0.278125 0.325000 0.281250 0.332813 0.325000 0.332813 0.326562 0.326562 0.389062 0.309375 0.460938 0.301563 0.475000 0.295312 0.495312 0.267188 0.501563 0.265625 0.501563 0.087500 0.495312 0.085938 0.484375 0.065625 0.465625 0.053125 0.464062 0.046875
0 0.346528 0.690625 0.281250 0.690625 0.259375 0.715625 0.253125 0.715625 0.253125 0.925000 0.260937 0.928125 0.275000 0.953125 0.317188 0.981250 0.342187 0.987500 0.346875 0.995313 0.376563 0.995313 0.378125 0.989062 0.476562 0.970313 0.492188 0.956250 0.514062 0.912500 0.520312 0.910937 0.520312 0.895312 0.512500 0.889062 0.509375 0.856250 0.512500 0.765625 0.501563 0.734375 0.476562 0.714063 0.389062 0.706250 0.359375 0.698438 0.354687 0.690625
0 0.655958 0.053125 0.534375 0.053125 0.534375 0.059375 0.515625 0.073438 0.515625 0.282813 0.520312 0.282813 0.532813 0.304688 0.557813 0.320312 0.559375 0.326562 0.645312 0.326562 0.648438 0.318750 0.684375 0.301563 0.700000 0.281250 0.707812 0.278125 0.707812 0.100000 0.701562 0.098437 0.695312 0.085938 0.664062 0.057813 0.664062 0.053125
3 0.640178 0.065625 0.532813 0.065625 0.525000 0.082812 0.515625 0.087500 0.515625 0.278125 0.521875 0.279687 0.542188 0.309375 0.553125 0.314063 0.585938 0.318750 0.637500 0.315625 0.673438 0.298438 0.690625 0.278125 0.695312 0.278125 0.695312 0.260937 0.689063 0.259375 0.682813 0.212500 0.681250 0.107813 0.670312 0.085938 0.651563 0.073438 0.648438 0.065625
5 0.330078 0.390625 0.303125 0.390625 0.303125 0.512500 0.312500 0.520312 0.315625 0.553125 0.323437 0.570312 0.329688 0.607812 0.353125 0.642188 0.395313 0.662500 0.396875 0.670312 0.451562 0.670312 0.454688 0.660937 0.573438 0.660937 0.590625 0.654687 0.603125 0.639062 0.607812 0.639062 0.596875 0.589063 0.593750 0.426563 0.587500 0.417187 0.545312 0.406250 0.539062 0.400000 0.539062 0.390625 0.459375 0.390625 0.457813 0.396875 0.432812 0.400000 0.345313 0.400000 0.339062 0.390625
0 0.668542 0.690625 0.556250 0.690625 0.553125 0.698438 0.535937 0.709375 0.521875 0.743750 0.515625 0.745313 0.515625 0.914062 0.523438 0.915625 0.532813 0.935937 0.554688 0.964063 0.675000 0.964063 0.678125 0.956250 0.689063 0.953125 0.703125 0.940625 0.714063 0.923438 0.720313 0.867188 0.726562 0.865625 0.720313 0.860938 0.718750 0.751563 0.704688 0.714063 0.679688 0.698438 0.676562 0.690625
0 0.907813 0.728125 0.759375 0.728125 0.740625 0.751563 0.734375 0.751563 0.734375 0.918750 0.742188 0.921875 0.762500 0.951562 0.845313 0.951562 0.846875 0.945312 0.876563 0.940625 0.912500 0.915625 0.939063 0.875000 0.945312 0.873437 0.945312 0.764062 0.937500 0.760938 0.915625 0.728125
6 0.330000 0.690625 0.293750 0.690625 0.289062 0.700000 0.265625 0.717187 0.265625 0.889062 0.287500 0.903125 0.310937 0.901563 0.332813 0.932813 0.351562 0.932813 0.356250 0.914062 0.371875 0.901563 0.389062 0.910937 0.417187 0.900000 0.487500 0.904687 0.496875 0.895312 0.493750 0.834375 0.507812 0.804688 0.503125 0.754687 0.492188 0.731250 0.465625 0.712500 0.381250 0.709375 0.340625 0.696875 0.339062 0.690625
5 0.612031 0.378125 0.537500 0.378125 0.534375 0.385937 0.528125 0.385937 0.528125 0.401562 0.582812 0.415625 0.593750 0.425000 0.595313 0.559375 0.603125 0.629687 0.609375 0.643750 0.631250 0.651563 0.632812 0.657813 0.640625 0.657813 0.640625 0.653125 0.651563 0.646875 0.654687 0.631250 0.656250 0.535937 0.645312 0.401562 0.623437 0.385937 0.620313 0.378125
