0 0.381250 0.034375 0.310937 0.034375 0.306250 0.042188 0.196875 0.057813 0.164062 0.076563 0.150000 0.092188 0.140625 0.118750 0.134375 0.120313 0.134375 0.243750 0.178125 0.265625 0.317188 0.306250 0.320312 0.314063 0.367188 0.314063 0.367188 0.309375 0.401562 0.276562 0.407813 0.162500 0.414062 0.160938 0.414062 0.064062 0.409375 0.064062 0.389062 0.040625 0.389062 0.034375
4 0.856117 0.000000 0.490625 0.000000 0.478125 0.012500 0.446875 0.026562 0.421875 0.045312 0.421875 0.304688 0.426563 0.304688 0.462500 0.345313 0.510938 0.345313 0.514062 0.337500 0.556250 0.312500 0.671875 0.259375 0.732812 0.218750 0.757812 0.207813 0.779687 0.206250 0.795312 0.189062 0.829688 0.196875 0.864062 0.196875 0.864062 0.000000
7 0.319531 0.059375 0.310937 0.059375 0.306250 0.071875 0.281250 0.092188 0.239063 0.089063 0.226562 0.098437 0.209375 0.159375 0.190625 0.184375 0.178125 0.187500 0.178125 0.218750 0.184375 0.218750 0.210938 0.250000 0.232813 0.251563 0.256250 0.275000 0.340625 0.307812 0.342187 0.314063 0.353125 0.314063 0.354687 0.307812 0.384375 0.292187 0.398438 0.271875 0.404687 0.221875 0.406250 0.104688 0.396875 0.095312 0.364063 0.096875 0.328125 0.064062 0.328125 0.059375
0 0.809895 0.228125 0.765625 0.228125 0.762500 0.235937 0.634375 0.296875 0.590625 0.323437 0.542188 0.345313 0.520312 0.362500 0.510938 0.384375 0.503125 0.387500 0.503125 0.487500 0.510938 0.490625 0.532813 0.521875 0.560937 0.537500 0.607812 0.553125 0.787500 0.629687 0.826562 0.628125 0.859375 0.603125 0.870313 0.573438 0.876563 0.571875 0.876563 0.482812 0.870313 0.481250 0.865625 0.351562 0.868750 0.320312 0.857812 0.268750 0.832812 0.240625 0.818750 0.232813 0.818750 0.228125
0 0.588616 0.559375 0.539062 0.559375 0.507812 0.596875 0.496875 0.634375 0.490625 0.635938 0.490625 0.950000 0.496875 0.951562 0.503125 0.970313 0.531250 0.998437 0.865625 0.998437 0.870313 0.976562 0.870313 0.868750 0.876563 0.867188 0.876563 0.854688 0.870313 0.853125 0.868750 0.837500 0.870313 0.729688 0.857812 0.693750 0.828125 0.665625 0.612500 0.575000 0.600000 0.567187 0.596875 0.559375
1 0.585938 0.571875 0.539062 0.571875 0.518750 0.601562 0.515625 0.639062 0.509375 0.640625 0.509375 0.926562 0.557813 0.926562 0.564063 0.932813 0.565625 0.953125 0.543750 0.964063 0.551562 0.973437 0.626563 0.993750 0.664062 0.992188 0.676562 0.993750 0.679688 0.998437 0.837500 0.998437 0.851562 0.945312 0.850000 0.832812 0.854688 0.732812 0.850000 0.704688 0.831250 0.681250 0.810937 0.668750 0.596875 0.579688 0.593750 0.571875
5 0.234766 0.328125 0.207813 0.328125 0.195312 0.348438 0.164062 0.350000 0.153125 0.360938 0.135937 0.473438 0.132812 0.550000 0.128125 0.568750 0.121875 0.570312 0.121875 0.665625 0.156250 0.664062 0.162500 0.667188 0.162500 0.676562 0.253125 0.676562 0.257812 0.668750 0.303125 0.668750 0.310937 0.670312 0.312500 0.676562 0.459375 0.676562 0.468750 0.660937 0.471875 0.643750 0.473438 0.554688 0.467187 0.535937 0.406250 0.465625 0.395313 0.445312 0.290625 0.362500 0.246875 0.335938 0.243750 0.328125
1 0.808333 0.234375 0.764062 0.234375 0.760938 0.242188 0.734375 0.257812 0.542188 0.359375 0.523438 0.387500 0.515625 0.390625 0.515625 0.492188 0.521875 0.492188 0.539062 0.514062 0.556250 0.525000 0.598437 0.540625 0.643750 0.567187 0.707812 0.590625 0.782813 0.612500 0.812500 0.610938 0.839063 0.596875 0.857812 0.571875 0.853125 0.425000 0.862500 0.360938 0.870313 0.357812 0.870313 0.332813 0.859375 0.329688 0.853125 0.320312 0.848437 0.271875 0.837500 0.254688 0.817187 0.240625 0.817187 0.234375
0 0.221702 0.290625 0.157812 0.290625 0.129688 0.334375 0.121875 0.337500 0.128627 0.951544 0.272003 0.961508 0.352419 0.976497 0.414642 0.983900 0.445161 0.975017 0.459086 0.959914 0.464189 0.939362 0.471875 0.785937 0.481250 0.726562 0.481250 0.540625 0.487500 0.448437 0.489902 0.432450 0.489063 0.426563 0.482812 0.401562 0.462500 0.378125 0.235937 0.300000 0.228744 0.294408
5 0.280958 0.778125 0.159375 0.778125 0.159375 0.864062 0.292187 0.884375 0.354687 0.900000 0.362500 0.906250 0.365625 0.932813 0.376563 0.951562 0.390625 0.951562 0.389062 0.932813 0.395313 0.925000 0.414062 0.925000 0.459375 0.912500 0.462500 0.803125 0.457813 0.796875 0.431250 0.800000 0.368750 0.785937 0.362500 0.778125 0.312500 0.778125 0.310937 0.784375 0.290625 0.784375 0.289062 0.778125
5 0.320089 0.665625 0.159375 0.665625 0.159375 0.782813 0.360938 0.781250 0.421875 0.793750 0.426563 0.801562 0.448437 0.801562 0.451562 0.793750 0.470313 0.781250 0.470313 0.759375 0.464062 0.757812 0.460938 0.742188 0.448437 0.720313 0.454688 0.690625 0.451562 0.685937 0.434375 0.684375 0.442188 0.676562 0.364063 0.676562 0.329688 0.671875 0.328125 0.665625
0 0.862406 0.003125 0.475000 0.003125 0.467187 0.015625 0.450000 0.021875 0.429688 0.046875 0.421875 0.050000 0.421875 0.321875 0.448437 0.342187 0.453125 0.351562 0.503125 0.351562 0.504687 0.345313 0.554688 0.325000 0.721875 0.234375 0.748437 0.214062 0.778125 0.203125 0.793750 0.185938 0.840047 0.170695 0.861080 0.158963 0.873797 0.154073 0.876563 0.010937 0.870313 0.009375 0.870313 0.003125
