1 0.592098 0.134375 0.323437 0.134375 0.318750 0.143750 0.296875 0.159375 0.296875 0.235937 0.303125 0.237500 0.354687 0.321875 0.395313 0.401562 0.425000 0.431250 0.434375 0.435937 0.457813 0.435937 0.528125 0.426563 0.545312 0.414062 0.576562 0.365625 0.615625 0.239063 0.631250 0.200000 0.639062 0.196875 0.639062 0.182812 0.632812 0.181250 0.626563 0.165625 0.600000 0.134375
5 0.642188 0.478125 0.639062 0.485938 0.496875 0.579688 0.401562 0.671875 0.390625 0.689063 0.384375 0.689063 0.384375 0.748437 0.389062 0.748437 0.401562 0.764062 0.414062 0.768750 0.435937 0.775000 0.462500 0.775000 0.482812 0.782813 0.503125 0.782813 0.507812 0.798438 0.495312 0.829688 0.529687 0.854688 0.587500 0.870313 0.589063 0.876563 0.695312 0.876563 0.700000 0.868750 0.739062 0.860938 0.800000 0.839063 0.850000 0.792188 0.871875 0.753125 0.837500 0.714063 0.806250 0.667188 0.729688 0.581250 0.653125 0.484375 0.653125 0.478125
0 0.190208 0.128125 0.075000 0.128125 0.056202 0.133853 0.041377 0.151422 0.030081 0.200106 0.026552 0.257256 0.025325 0.309734 0.019225 0.498755 0.039814 0.521620 0.050806 0.525523 0.059180 0.531103 0.091672 0.546558 0.177845 0.545034 0.189489 0.544734 0.210637 0.545797 0.212922 0.544159 0.218987 0.544403 0.222100 0.543455 0.303125 0.532813 0.357195 0.532447 0.383028 0.514077 0.390822 0.493359 0.389062 0.485938 0.389062 0.465625 0.385881 0.456670 0.359761 0.410102 0.251750 0.184322 0.235937 0.167187 0.217864 0.135264 0.198437 0.132812 0.198437 0.128125
7 0.284211 0.571875 0.140625 0.571875 0.139063 0.578125 0.115625 0.590625 0.110937 0.628125 0.100000 0.643750 0.084375 0.654687 0.084375 0.771875 0.090625 0.771875 0.109375 0.792188 0.128125 0.790625 0.134375 0.803125 0.140625 0.801562 0.143750 0.820312 0.162500 0.820312 0.176563 0.798438 0.182812 0.801562 0.212500 0.782813 0.235937 0.775000 0.279687 0.770312 0.295312 0.759375 0.317188 0.679688 0.339062 0.625000 0.332813 0.623437 0.317188 0.592187 0.295312 0.579688 0.292187 0.571875
4 0.760156 0.128125 0.717187 0.128125 0.679688 0.178125 0.650000 0.264062 0.631250 0.296875 0.623437 0.323437 0.615625 0.326562 0.615625 0.404687 0.656250 0.432812 0.703125 0.439063 0.704688 0.445312 0.854688 0.445312 0.856250 0.439063 0.959375 0.435937 0.998437 0.428125 0.998437 0.210938 0.985938 0.200000 0.976562 0.179688 0.976562 0.157812 0.982812 0.151562 0.979688 0.146875 0.953125 0.135937 0.950000 0.128125 0.890625 0.128125 0.890625 0.132812 0.882812 0.135937 0.853125 0.135937 0.850000 0.128125 0.798438 0.128125 0.796875 0.134375 0.770312 0.134375 0.768750 0.128125
0 0.952936 0.128125 0.696875 0.128125 0.682813 0.154688 0.648438 0.257812 0.621875 0.320312 0.615625 0.321875 0.615625 0.407813 0.621875 0.407813 0.643750 0.426563 0.668750 0.435937 0.821875 0.437500 0.834375 0.439063 0.835938 0.445312 0.870313 0.445312 0.871875 0.439063 0.915625 0.439063 0.987500 0.423438 0.998437 0.425000 0.998437 0.159375 0.990625 0.159375 0.976562 0.140625 0.960938 0.132812 0.960938 0.128125
5 0.555937 0.484375 0.523438 0.484375 0.521875 0.490625 0.500000 0.496875 0.489063 0.504687 0.475000 0.551562 0.467187 0.567187 0.459375 0.570312 0.459375 0.606250 0.470313 0.603125 0.517188 0.564063 0.573438 0.526563 0.590625 0.510938 0.595313 0.510938 0.595313 0.507812 0.589063 0.507812 0.567187 0.492188 0.564063 0.484375
2 0.201563 0.121875 0.100000 0.121875 0.100000 0.126562 0.081250 0.137500 0.067187 0.154688 0.056250 0.209375 0.054688 0.246875 0.046875 0.253125 0.046875 0.267188 0.053125 0.268750 0.053125 0.287500 0.046875 0.289062 0.046875 0.490625 0.051562 0.490625 0.076563 0.518750 0.107813 0.529687 0.206250 0.532813 0.207813 0.539062 0.343750 0.539062 0.345313 0.532813 0.376563 0.514062 0.389062 0.487500 0.395313 0.485938 0.395313 0.465625 0.387500 0.462500 0.376563 0.435937 0.337500 0.375000 0.295312 0.281250 0.273438 0.218750 0.235937 0.153125 0.209375 0.121875
0 0.267014 0.559375 0.059375 0.559375 0.059375 0.565625 0.035937 0.582812 0.014063 0.610938 0.009375 0.610938 0.009375 0.867188 0.015625 0.867188 0.018750 0.876563 0.253125 0.876563 0.276562 0.834375 0.282813 0.784375 0.307812 0.739062 0.323437 0.698438 0.337500 0.637500 0.345313 0.632812 0.345313 0.609375 0.339062 0.607812 0.331250 0.592187 0.296875 0.568750 0.276562 0.565625 0.275000 0.559375
5 0.838438 0.478125 0.804688 0.478125 0.801562 0.485938 0.775000 0.501563 0.765625 0.526563 0.750000 0.546875 0.715625 0.560937 0.723437 0.564063 0.760938 0.612500 0.776563 0.623437 0.784375 0.614062 0.798438 0.612500 0.810937 0.635938 0.829688 0.651563 0.873437 0.650000 0.887500 0.635938 0.900000 0.637500 0.912500 0.646875 0.914062 0.659375 0.906250 0.682813 0.893750 0.698438 0.884375 0.698438 0.871875 0.679688 0.857812 0.676562 0.853125 0.682813 0.853125 0.698438 0.868750 0.709375 0.876563 0.726562 0.873437 0.756250 0.864062 0.779687 0.832812 0.814063 0.832812 0.820312 0.859375 0.820312 0.865625 0.809375 0.895312 0.790625 0.946875 0.776563 0.998437 0.751563 0.998437 0.720313 0.993750 0.717187 0.964063 0.632812 0.945312 0.560937 0.917188 0.531250 0.850000 0.485938 0.846875 0.478125
0 0.588973 0.128125 0.320312 0.128125 0.318750 0.135937 0.290625 0.146875 0.290625 0.218750 0.298438 0.223438 0.309375 0.257812 0.395313 0.406250 0.407386 0.423989 0.418100 0.434698 0.432880 0.442638 0.454688 0.439063 0.458041 0.440791 0.462475 0.439314 0.465625 0.439063 0.518750 0.437500 0.532813 0.432812 0.546875 0.420312 0.578125 0.375000 0.632812 0.192188 0.634097 0.168866 0.598437 0.137500 0.604870 0.130764
0 0.467187 0.459375 0.467187 0.460938 0.465625 0.462500 0.465625 0.464062 0.462500 0.467187 0.460938 0.467187 0.459375 0.468750 0.456250 0.468750 0.454688 0.470313 0.453125 0.470313 0.451562 0.471875 0.450000 0.471875 0.432812 0.489063 0.432812 0.490625 0.431250 0.492188 0.431250 0.493750 0.429688 0.495312 0.429688 0.496875 0.428125 0.498437 0.428125 0.501563 0.426563 0.503125 0.426563 0.504687 0.425000 0.506250 0.425000 0.507812 0.423438 0.509375 0.423438 0.510938 0.421875 0.512500 0.421875 0.514062 0.420312 0.515625 0.420312 0.518750 0.418750 0.520312 0.418750 0.521875 0.417187 0.523438 0.417187 0.525000 0.415625 0.526563 0.415625 0.528125 0.414062 0.529687 0.414062 0.531250 0.412500 0.532813 0.412500 0.535937 0.410938 0.537500 0.410938 0.539062 0.409375 0.540625 0.409375 0.542188 0.407813 0.543750 0.407813 0.545312 0.406250 0.546875 0.406250 0.550000 0.404687 0.551562 0.404687 0.553125 0.403125 0.554688 0.403125 0.556250 0.401562 0.557813 0.401562 0.559375 0.400000 0.560937 0.400000 0.562500 0.398438 0.564063 0.398438 0.567187 0.396875 0.568750 0.396875 0.570312 0.395313 0.571875 0.395313 0.573438 0.393750 0.575000 0.393750 0.576562 0.392188 0.578125 0.392188 0.579688 0.390625 0.581250 0.390625 0.584375 0.389062 0.585938 0.389062 0.587500 0.387500 0.589063 0.387500 0.592187 0.385937 0.593750 0.385937 0.596875 0.384375 0.598437 0.384375 0.601562 0.382812 0.603125 0.382812 0.607812 0.381250 0.609375 0.381250 0.612500 0.379688 0.614062 0.379688 0.618750 0.378125 0.620313 0.378125 0.623437 0.376563 0.625000 0.376563 0.629687 0.375000 0.631250 0.375000 0.634375 0.373437 0.635938 0.373437 0.639062 0.371875 0.640625 0.371875 0.645312 0.370312 0.646875 0.370312 0.650000 0.368750 0.651563 0.368750 0.656250 0.367188 0.657813 0.367188 0.660937 0.365625 0.662500 0.365625 0.665625 0.364063 0.667188 0.364063 0.670312 0.362500 0.671875 0.362500 0.675000 0.360938 0.676562 0.360938 0.678125 0.359375 0.679688 0.359375 0.682813 0.357812 0.684375 0.357812 0.687500 0.356250 0.689063 0.356250 0.690625 0.354687 0.692187 0.354687 0.695312 0.353125 0.696875 0.353125 0.700000 0.351562 0.701562 0.351562 0.703125 0.350000 0.704688 0.350000 0.707812 0.348438 0.709375 0.348438 0.712500 0.346875 0.714063 0.346875 0.715625 0.345313 0.717187 0.345313 0.720313 0.343750 0.721875 0.343750 0.725000 0.342187 0.726562 0.342187 0.728125 0.340625 0.729688 0.340625 0.732812 0.339062 0.734375 0.339062 0.737500 0.337500 0.739062 0.337500 0.740625 0.335938 0.742188 0.335938 0.745313 0.334375 0.746875 0.334375 0.750000 0.332813 0.751563 0.332813 0.753125 0.331250 0.754687 0.331250 0.757812 0.329688 0.759375 0.329688 0.762500 0.328125 0.764062 0.328125 0.765625 0.326562 0.767188 0.326562 0.770312 0.325000 0.771875 0.325000 0.775000 0.323437 0.776563 0.323437 0.778125 0.321875 0.779687 0.321875 0.782813 0.320312 0.784375 0.320312 0.787500 0.318750 0.789062 0.318750 0.790625 0.314063 0.795312 0.314063 0.796875 0.307812 0.803125 0.303125 0.803125 0.303125 0.857812 0.307812 0.862500 0.309375 0.862500 0.314063 0.867188 0.315625 0.867188 0.320312 0.871875 0.942187 0.871875 0.943750 0.870313 0.950000 0.870313 0.951562 0.868750 0.957812 0.868750 0.959375 0.867188 0.960938 0.867188 0.964063 0.864062 0.964063 0.862500 0.968750 0.857812 0.968750 0.856250 0.971875 0.853125 0.971875 0.851562 0.976562 0.846875 0.976562 0.845313 0.981250 0.840625 0.981250 0.839063 0.984375 0.835938 0.984375 0.834375 0.989062 0.829688 0.989062 0.828125 0.992188 0.825000 0.992188 0.823438 0.996875 0.818750 0.996875 0.675000 0.995313 0.673438 0.995313 0.670312 0.993750 0.668750 0.993750 0.665625 0.992188 0.664062 0.992188 0.660937 0.990625 0.659375 0.990625 0.654687 0.989062 0.653125 0.989062 0.634375 0.987500 0.632812 0.987500 0.598437 0.985938 0.596875 0.985938 0.576562 0.984375 0.575000 0.984375 0.567187 0.982812 0.565625 0.982812 0.557813 0.981250 0.556250 0.981250 0.548438 0.979688 0.546875 0.979688 0.540625 0.978125 0.539062 0.978125 0.531250 0.976562 0.529687 0.976562 0.525000 0.975000 0.523438 0.975000 0.520312 0.973437 0.518750 0.973437 0.515625 0.971875 0.514062 0.971875 0.512500 0.970313 0.510938 0.970313 0.507812 0.968750 0.506250 0.968750 0.504687 0.967187 0.503125 0.967187 0.500000 0.965625 0.498437 0.965625 0.495312 0.964063 0.493750 0.964063 0.492188 0.962500 0.490625 0.962500 0.487500 0.954688 0.479687 0.953125 0.479687 0.946875 0.473438 0.945312 0.473438 0.935937 0.464062 0.935937 0.460938 0.934375 0.459375 0.846875 0.459375 0.846875 0.460938 0.845313 0.462500 0.845313 0.464062 0.843750 0.465625 0.840625 0.465625 0.839063 0.467187 0.807813 0.467187 0.804688 0.464062 0.804688 0.460938 0.803125 0.459375 0.742188 0.459375 0.742188 0.460938 0.740625 0.462500 0.740625 0.464062 0.739062 0.465625 0.735938 0.465625 0.734375 0.467187 0.700000 0.467187 0.698438 0.465625 0.695312 0.465625 0.693750 0.464062 0.693750 0.462500 0.692187 0.460938 0.692187 0.459375 0.671875 0.459375 0.671875 0.460938 0.670312 0.462500 0.670312 0.464062 0.668750 0.465625 0.664062 0.465625 0.662500 0.467187 0.653125 0.467187 0.651563 0.468750 0.634375 0.468750 0.632812 0.467187 0.620313 0.467187 0.617188 0.464062 0.617188 0.462500 0.614062 0.459375 0.560937 0.459375 0.560937 0.460938 0.557813 0.464062 0.556250 0.462500 0.556250 0.460938 0.554688 0.459375 0.553125 0.460938 0.551562 0.460938 0.548438 0.464062 0.546875 0.464062 0.545312 0.465625 0.543750 0.464062 0.543750 0.462500 0.542188 0.460938 0.542188 0.459375
