4 0.495312 0.671875 0.464062 0.671875 0.454688 0.682813 0.362500 0.715625 0.320312 0.746875 0.267188 0.768750 0.226562 0.792188 0.181250 0.809375 0.159375 0.812500 0.150000 0.823438 0.128125 0.834375 0.128125 0.998437 0.478125 0.998437 0.504687 0.960938 0.506250 0.935937 0.539062 0.914062 0.540625 0.828125 0.543750 0.810937 0.551562 0.806250 0.551562 0.782813 0.546875 0.782813 0.543750 0.775000 0.542188 0.715625 0.503125 0.671875
0 0.732705 0.059375 0.510938 0.059375 0.510938 0.065625 0.493750 0.084375 0.484375 0.112500 0.478125 0.114062 0.478125 0.615625 0.507812 0.640625 0.535937 0.653125 0.781250 0.735938 0.795312 0.735938 0.820312 0.726562 0.837500 0.712500 0.848437 0.695312 0.853125 0.673438 0.867188 0.506250 0.868750 0.390625 0.870313 0.381250 0.876563 0.379688 0.876563 0.101562 0.837500 0.078125 0.760938 0.070312 0.742188 0.065625 0.740625 0.059375
0 0.505803 0.671875 0.456250 0.671875 0.453125 0.679688 0.381250 0.709375 0.360938 0.728125 0.321875 0.739062 0.217188 0.790625 0.193750 0.796875 0.128125 0.828125 0.128125 0.998437 0.506250 0.998437 0.539062 0.939063 0.545312 0.839063 0.551562 0.837500 0.551562 0.809375 0.543750 0.803125 0.545312 0.789062 0.551562 0.787500 0.551562 0.723437 0.545312 0.721875 0.535937 0.696875 0.514062 0.678125 0.514062 0.671875
5 0.712269 0.134375 0.503125 0.134375 0.503125 0.248438 0.585938 0.246875 0.685937 0.251563 0.687500 0.257812 0.820312 0.257812 0.820312 0.151562 0.804688 0.142187 0.801562 0.134375 0.768750 0.134375 0.767188 0.140625 0.757812 0.142187 0.721875 0.140625 0.720313 0.134375
0 0.649330 0.709375 0.598437 0.709375 0.567187 0.748437 0.559375 0.751563 0.559375 0.960938 0.585938 0.978125 0.592187 0.989062 0.682813 0.989062 0.687500 0.981250 0.790625 0.968750 0.821875 0.945312 0.834375 0.921875 0.843750 0.867188 0.851562 0.860938 0.851562 0.807813 0.843750 0.804688 0.839063 0.789062 0.826562 0.776563 0.740625 0.740625 0.676562 0.723437 0.660937 0.717187 0.657813 0.709375
0 0.407767 0.034375 0.140625 0.034375 0.140625 0.040625 0.121875 0.056250 0.121875 0.353125 0.234375 0.406250 0.367188 0.456250 0.370312 0.464062 0.412500 0.464062 0.415625 0.456250 0.431250 0.448437 0.446875 0.431250 0.456250 0.396875 0.457813 0.328125 0.464062 0.326562 0.464062 0.087500 0.456250 0.084375 0.445312 0.064062 0.418750 0.042188 0.415625 0.034375
5 0.678125 0.246875 0.506250 0.246875 0.504687 0.253125 0.490625 0.256250 0.490625 0.370312 0.667188 0.376563 0.771875 0.370312 0.834375 0.373437 0.840625 0.357812 0.843750 0.303125 0.843750 0.271875 0.837500 0.262500 0.817187 0.254688 0.687500 0.253125 0.685937 0.246875
0 0.196289 0.403125 0.137500 0.403125 0.137500 0.409375 0.121875 0.418750 0.121875 0.748437 0.148438 0.767188 0.170313 0.775000 0.206250 0.771875 0.326562 0.710938 0.390625 0.684375 0.423438 0.665625 0.439063 0.646875 0.443750 0.631250 0.451562 0.628125 0.451562 0.525000 0.446875 0.525000 0.428125 0.503125 0.209375 0.412500 0.204687 0.403125
5 0.813987 0.371875 0.490625 0.371875 0.490625 0.481250 0.496875 0.482812 0.507812 0.517188 0.534375 0.546875 0.542188 0.564063 0.590625 0.606250 0.681250 0.673438 0.726562 0.698438 0.764062 0.710938 0.790625 0.707812 0.804688 0.690625 0.818750 0.593750 0.831250 0.454688 0.832812 0.446875 0.839063 0.445312 0.839063 0.382812 0.823438 0.378125 0.821875 0.371875
1 0.188839 0.409375 0.140625 0.409375 0.140625 0.414062 0.121875 0.428125 0.121875 0.692187 0.128125 0.693750 0.129688 0.721875 0.140625 0.743750 0.168750 0.762500 0.198437 0.762500 0.314063 0.707812 0.346875 0.706250 0.368750 0.685937 0.410938 0.665625 0.431250 0.648438 0.440625 0.629687 0.443750 0.607812 0.443750 0.535937 0.435937 0.518750 0.421875 0.504687 0.385937 0.487500 0.321875 0.468750 0.206250 0.421875 0.196875 0.409375
7 0.640625 0.715625 0.593750 0.715625 0.573438 0.742188 0.565625 0.745313 0.565625 0.915625 0.595313 0.931250 0.634375 0.934375 0.656250 0.953125 0.656250 0.957812 0.662500 0.957812 0.690625 0.923438 0.721875 0.917188 0.784375 0.885938 0.798438 0.857812 0.801562 0.829688 0.826562 0.828125 0.826562 0.792188 0.792188 0.768750 0.667188 0.729688 0.651563 0.723437 0.648438 0.715625
