1 0.227764 0.171875 0.129688 0.171875 0.129688 0.176563 0.103125 0.200000 0.089063 0.232813 0.068750 0.317188 0.037500 0.417187 0.028125 0.423438 0.028125 0.467187 0.042188 0.476562 0.042188 0.482812 0.310937 0.482812 0.312500 0.476562 0.351562 0.465625 0.378125 0.437500 0.382812 0.437500 0.382812 0.418750 0.375000 0.415625 0.259375 0.200000 0.235937 0.171875
4 0.881120 0.140625 0.793750 0.140625 0.787500 0.148438 0.704688 0.150000 0.681250 0.157812 0.667188 0.171875 0.635938 0.225000 0.617188 0.293750 0.609375 0.296875 0.609375 0.342187 0.642188 0.370312 0.662500 0.378125 0.735938 0.379688 0.798438 0.389062 0.934375 0.384375 0.998437 0.365625 0.998437 0.245312 0.943750 0.176563 0.926562 0.162500 0.890625 0.146875 0.889062 0.140625
2 0.582666 0.171875 0.335938 0.171875 0.332813 0.179688 0.309375 0.193750 0.309375 0.231250 0.320312 0.239063 0.370312 0.329688 0.401562 0.371875 0.431250 0.381250 0.537500 0.379688 0.556250 0.370312 0.564063 0.360938 0.615625 0.228125 0.618750 0.214062 0.614062 0.195312 0.603125 0.182812 0.593750 0.179688 0.590625 0.171875
5 0.990144 0.409375 0.890625 0.409375 0.884375 0.417187 0.804688 0.426563 0.782813 0.451562 0.767188 0.457813 0.654687 0.568750 0.642188 0.589063 0.600000 0.671875 0.592187 0.703125 0.584375 0.707812 0.584375 0.781250 0.651563 0.790625 0.678125 0.828125 0.687500 0.857812 0.700000 0.839063 0.695312 0.835938 0.696875 0.821875 0.704688 0.817187 0.821875 0.821875 0.860938 0.843750 0.906250 0.828125 0.928125 0.832812 0.948438 0.843750 0.959375 0.857812 0.998437 0.857812 0.998437 0.409375
0 0.281155 0.496875 0.028125 0.496875 0.026562 0.503125 0.003125 0.510938 0.003125 0.875000 0.057813 0.876563 0.059375 0.882812 0.070312 0.882812 0.071875 0.876563 0.153125 0.876563 0.154688 0.882812 0.187500 0.882812 0.198437 0.870313 0.225000 0.825000 0.262500 0.718750 0.290625 0.667188 0.325000 0.579688 0.332813 0.576562 0.332813 0.545312 0.325000 0.542188 0.317188 0.525000 0.292187 0.504687 0.289062 0.496875
0 0.601562 0.153125 0.312500 0.153125 0.310937 0.160938 0.296875 0.167187 0.296875 0.220312 0.304688 0.221875 0.345313 0.296875 0.389062 0.362500 0.420312 0.381250 0.423438 0.389062 0.537500 0.389062 0.539062 0.382812 0.564063 0.370312 0.575000 0.357812 0.623437 0.242188 0.635938 0.195312 0.628125 0.175000 0.609375 0.153125
0 0.882664 0.140625 0.723437 0.140625 0.721875 0.146875 0.690625 0.151562 0.673438 0.160938 0.659375 0.178125 0.617188 0.287500 0.609375 0.290625 0.609375 0.348438 0.615625 0.348438 0.656250 0.378125 0.681250 0.382812 0.920312 0.385937 0.956250 0.382812 0.998437 0.371875 0.998437 0.246875 0.942187 0.173437 0.892188 0.146875 0.890625 0.140625
0 0.237408 0.153125 0.110937 0.153125 0.079687 0.189062 0.045312 0.278125 0.017188 0.387500 0.018547 0.397959 0.014378 0.428528 0.008822 0.456317 0.029687 0.478125 0.035937 0.489063 0.171875 0.489063 0.173437 0.482812 0.312500 0.481250 0.353125 0.470313 0.378125 0.446875 0.389062 0.415625 0.385937 0.401562 0.301563 0.243750 0.245312 0.153125
7 0.167578 0.540625 0.140625 0.540625 0.137500 0.548438 0.075000 0.584375 0.037500 0.626563 0.015625 0.665625 0.009375 0.667188 0.009375 0.675000 0.020313 0.682813 0.017188 0.701562 0.009375 0.704688 0.009375 0.771875 0.015625 0.773438 0.026562 0.831250 0.045312 0.864062 0.181250 0.864062 0.181250 0.859375 0.207813 0.834375 0.207813 0.829688 0.187500 0.814063 0.179688 0.795312 0.181250 0.784375 0.192188 0.776563 0.234375 0.773438 0.242188 0.767188 0.257812 0.729688 0.256250 0.690625 0.282813 0.675000 0.306250 0.609375 0.314063 0.606250 0.314063 0.598437 0.271875 0.579688 0.248438 0.576562 0.225000 0.584375 0.204687 0.578125 0.189062 0.564063 0.176563 0.540625
0 0.981166 0.396875 0.546875 0.396875 0.545312 0.403125 0.471875 0.406250 0.443750 0.414062 0.421875 0.439063 0.403125 0.476562 0.357812 0.573438 0.284375 0.751563 0.264062 0.792188 0.253125 0.800000 0.253125 0.851562 0.257812 0.851562 0.273438 0.871875 0.284375 0.876563 0.285938 0.882812 0.306250 0.882812 0.307812 0.876563 0.364063 0.873437 0.798438 0.875000 0.828125 0.876563 0.829688 0.882812 0.957812 0.882812 0.959375 0.876563 0.998437 0.875000 0.998437 0.404687 0.990625 0.403125 0.989062 0.396875
5 0.665625 0.809375 0.665625 0.868750 0.682813 0.864062 0.696875 0.875000 0.785937 0.876563 0.998437 0.864062 0.998437 0.826562 0.910937 0.821875 0.859375 0.839063 0.810937 0.818750 0.684375 0.815625 0.670312 0.809375
8 0.400000 0.620313 0.400000 0.656250 0.414062 0.681250 0.456250 0.676562 0.507812 0.693750 0.531250 0.689063 0.575000 0.650000 0.578125 0.618750 0.571875 0.600000 0.590625 0.564063 0.590625 0.535937 0.575000 0.526563 0.556250 0.534375 0.542188 0.526563 0.528125 0.490625 0.509375 0.476562 0.496875 0.507812 0.437500 0.550000
