4 0.540105 0.646875 0.473438 0.646875 0.470313 0.654687 0.337500 0.721875 0.300000 0.735938 0.225000 0.778125 0.187500 0.789062 0.167187 0.807813 0.159375 0.823438 0.153125 0.825000 0.153125 0.923438 0.235937 0.923438 0.250000 0.931250 0.262500 0.925000 0.332813 0.923438 0.357812 0.926562 0.375000 0.946875 0.389062 0.943750 0.407813 0.928125 0.426563 0.929688 0.439063 0.923438 0.548438 0.923438 0.565625 0.889062 0.565625 0.781250 0.570312 0.720313 0.576562 0.718750 0.576562 0.700000 0.570312 0.698438 0.567187 0.678125 0.548438 0.653125 0.548438 0.646875
0 0.795170 0.028125 0.540625 0.028125 0.521875 0.057813 0.514062 0.082812 0.517188 0.134375 0.510938 0.173437 0.510938 0.275000 0.503125 0.279687 0.503125 0.585938 0.507812 0.585938 0.534375 0.615625 0.629687 0.645312 0.739062 0.689063 0.790625 0.704688 0.796875 0.714063 0.845313 0.714063 0.845313 0.709375 0.867188 0.690625 0.870313 0.676562 0.876563 0.675000 0.876563 0.040625 0.804688 0.034375 0.803125 0.028125
7 0.679167 0.690625 0.612500 0.690625 0.600000 0.714063 0.590625 0.717187 0.590625 0.896875 0.598437 0.900000 0.625000 0.945312 0.643750 0.945312 0.656250 0.915625 0.657813 0.881250 0.665625 0.876563 0.681250 0.887500 0.701562 0.892188 0.728125 0.878125 0.757812 0.889062 0.778125 0.889062 0.796875 0.878125 0.803125 0.867188 0.804688 0.853125 0.785937 0.800000 0.795312 0.764062 0.807813 0.746875 0.806250 0.740625 0.692187 0.698438 0.687500 0.690625
0 0.235244 0.384375 0.167187 0.384375 0.160938 0.400000 0.153125 0.401562 0.153125 0.731250 0.198437 0.756250 0.225000 0.756250 0.242188 0.750000 0.434375 0.653125 0.467187 0.625000 0.479687 0.589063 0.479687 0.515625 0.471875 0.495312 0.457813 0.479687 0.403125 0.453125 0.360938 0.440625 0.253125 0.395313 0.243750 0.384375
0 0.534375 0.640625 0.487500 0.640625 0.485938 0.646875 0.356250 0.709375 0.320312 0.721875 0.259375 0.759375 0.173437 0.803125 0.148438 0.835938 0.140625 0.839063 0.140625 0.945312 0.185938 0.973437 0.190625 0.982812 0.232813 0.982812 0.237500 0.975000 0.285938 0.976562 0.287500 0.982812 0.315625 0.982812 0.320312 0.975000 0.357812 0.970313 0.392188 0.973437 0.418750 0.968750 0.468750 0.973437 0.535937 0.957812 0.550000 0.942187 0.562500 0.917188 0.570312 0.857812 0.576562 0.856250 0.576562 0.682813 0.570312 0.681250 0.562500 0.664062 0.542188 0.640625
0 0.435894 0.003125 0.160938 0.003125 0.160938 0.009375 0.142187 0.032813 0.134375 0.035937 0.134375 0.296875 0.140625 0.296875 0.176563 0.331250 0.400000 0.425000 0.403125 0.432812 0.440625 0.432812 0.443750 0.425000 0.471875 0.406250 0.484375 0.373437 0.489063 0.235937 0.495312 0.234375 0.495312 0.060937 0.489063 0.059375 0.482812 0.042188 0.465625 0.021875 0.446875 0.010937 0.443750 0.003125
5 0.595000 0.184375 0.562500 0.184375 0.564063 0.203125 0.550000 0.251563 0.532813 0.275000 0.521875 0.278125 0.521875 0.345313 0.593750 0.345313 0.579688 0.343750 0.568750 0.335938 0.575000 0.306250 0.589063 0.300000 0.704688 0.332813 0.818750 0.346875 0.871875 0.359375 0.875000 0.304688 0.870313 0.248438 0.684375 0.214062 0.606250 0.192188 0.603125 0.184375
0 0.666667 0.678125 0.625000 0.678125 0.592187 0.717187 0.584375 0.720313 0.584375 0.940625 0.606250 0.950000 0.609375 0.957812 0.707812 0.957812 0.709375 0.951562 0.718750 0.950000 0.798438 0.946875 0.832812 0.937500 0.853125 0.917188 0.862500 0.896875 0.870313 0.829688 0.876563 0.828125 0.876563 0.776563 0.870313 0.775000 0.854688 0.751563 0.829688 0.737500 0.681250 0.687500 0.675000 0.678125
5 0.699858 0.096875 0.532813 0.096875 0.528125 0.106250 0.521875 0.106250 0.521875 0.145313 0.529687 0.150000 0.529687 0.181250 0.521875 0.185938 0.521875 0.270313 0.535937 0.270313 0.546875 0.256250 0.570312 0.184375 0.714063 0.220312 0.825000 0.239063 0.839063 0.237500 0.843750 0.210938 0.843750 0.156250 0.845313 0.148438 0.851562 0.146875 0.851562 0.121875 0.835938 0.114062 0.785937 0.103125 0.784375 0.096875 0.732812 0.096875 0.731250 0.103125 0.709375 0.103125 0.707812 0.096875
1 0.257812 0.003125 0.210938 0.003125 0.207813 0.010937 0.168750 0.031250 0.150000 0.059375 0.146875 0.134375 0.140625 0.135937 0.140625 0.140625 0.146875 0.142187 0.148438 0.157812 0.146875 0.187500 0.140625 0.189062 0.140625 0.300000 0.167187 0.320312 0.207813 0.340625 0.392188 0.417187 0.414062 0.423438 0.442188 0.420312 0.464062 0.406250 0.478125 0.370312 0.481250 0.257812 0.489063 0.251563 0.489063 0.078125 0.482812 0.076563 0.476562 0.054688 0.454688 0.031250 0.407813 0.021875 0.285938 0.015625 0.267188 0.009375 0.265625 0.003125
5 0.613702 0.346875 0.515625 0.346875 0.515625 0.435937 0.523438 0.439063 0.534375 0.470313 0.585938 0.560937 0.637500 0.610938 0.725000 0.645312 0.776563 0.670312 0.778125 0.676562 0.807813 0.676562 0.851562 0.567187 0.868750 0.501563 0.876563 0.498437 0.876563 0.373437 0.640625 0.356250 0.623437 0.353125 0.621875 0.346875
5 0.607292 0.346875 0.515625 0.346875 0.515625 0.435937 0.523438 0.439063 0.542188 0.484375 0.585938 0.560937 0.637500 0.610938 0.779687 0.671875 0.803125 0.673438 0.810937 0.665625 0.837500 0.604688 0.868750 0.503125 0.876563 0.498437 0.876563 0.373437 0.642188 0.357812 0.617188 0.353125 0.615625 0.346875
5 0.598437 0.296875 0.570312 0.296875 0.560937 0.310937 0.546875 0.315625 0.546875 0.348438 0.600000 0.348438 0.657813 0.357812 0.718750 0.359375 0.800000 0.368750 0.807813 0.370312 0.809375 0.376563 0.876563 0.376563 0.876563 0.362500 0.865625 0.362500 0.845313 0.353125 0.770312 0.339062 0.715625 0.334375 0.612500 0.304688 0.607812 0.296875
2 0.167187 0.400000 0.157812 0.423438 0.159375 0.668750 0.160938 0.698438 0.175000 0.721875 0.200000 0.735938 0.237500 0.739062 0.300000 0.712500 0.301563 0.703125 0.320312 0.693750 0.334375 0.696875 0.418750 0.645312 0.434375 0.642188 0.460938 0.621875 0.476562 0.570312 0.470313 0.543750 0.476562 0.525000 0.457813 0.479687 0.379688 0.442188 0.357812 0.437500 0.343750 0.426563 0.328125 0.426563 0.220312 0.384375 0.187500 0.387500
