2 0.571875 0.159375 0.314063 0.159375 0.310937 0.167187 0.290625 0.176563 0.290625 0.218750 0.300000 0.223438 0.348438 0.309375 0.370312 0.343750 0.384375 0.356250 0.414062 0.365625 0.526563 0.365625 0.545312 0.354687 0.559375 0.335938 0.606250 0.210938 0.614062 0.207813 0.614062 0.201563 0.606250 0.200000 0.601562 0.184375 0.579688 0.159375
1 0.199375 0.153125 0.123438 0.153125 0.121875 0.159375 0.095312 0.168750 0.076563 0.187500 0.054688 0.237500 0.040625 0.293750 0.037500 0.326562 0.018750 0.389062 0.010937 0.404687 0.003125 0.406250 0.003125 0.470313 0.292187 0.470313 0.293750 0.464062 0.315625 0.459375 0.337500 0.446875 0.353125 0.429688 0.357812 0.415625 0.364063 0.414062 0.364063 0.406250 0.356250 0.403125 0.315625 0.331250 0.239063 0.182812 0.210938 0.160938 0.207813 0.153125
4 0.832366 0.121875 0.725000 0.121875 0.710938 0.140625 0.665625 0.151562 0.629687 0.209375 0.610938 0.253125 0.603125 0.256250 0.603125 0.332813 0.609375 0.332813 0.642188 0.359375 0.681250 0.367188 0.906250 0.368750 0.998437 0.362500 0.998437 0.329688 0.990625 0.314063 0.990625 0.285938 0.981250 0.242188 0.957812 0.179688 0.929688 0.153125 0.871875 0.142187 0.842187 0.129688 0.840625 0.121875
5 0.751563 0.440625 0.681250 0.440625 0.679688 0.453125 0.565625 0.470313 0.565625 0.537500 0.570312 0.537500 0.578125 0.550000 0.581250 0.593750 0.606250 0.642188 0.623437 0.670312 0.714063 0.779687 0.767188 0.828125 0.796875 0.846875 0.843750 0.868750 0.846875 0.876563 0.998437 0.876563 0.998437 0.440625 0.957812 0.440625 0.956250 0.446875 0.945312 0.448437 0.892188 0.446875 0.890625 0.440625 0.784375 0.440625 0.782813 0.446875 0.771875 0.450000 0.762500 0.448437 0.759375 0.440625
0 0.848273 0.121875 0.704688 0.121875 0.703125 0.128125 0.670312 0.140625 0.653125 0.160938 0.629687 0.225000 0.609375 0.264062 0.603125 0.265625 0.603125 0.339062 0.626563 0.356250 0.653125 0.367188 0.676562 0.370312 0.678125 0.376563 0.712500 0.376563 0.714063 0.370312 0.726562 0.370312 0.728125 0.376563 0.956250 0.376563 0.957812 0.370312 0.998437 0.365625 0.998437 0.282813 0.993750 0.279687 0.982812 0.240625 0.954688 0.175000 0.932813 0.151562 0.917188 0.142187 0.885938 0.131250 0.860938 0.129688 0.856250 0.121875
0 0.588936 0.134375 0.303125 0.134375 0.300000 0.142187 0.278125 0.151562 0.278125 0.206250 0.289062 0.214062 0.365625 0.342187 0.384375 0.359375 0.420312 0.370312 0.421875 0.376563 0.521875 0.376563 0.525000 0.368750 0.542188 0.364063 0.557813 0.353125 0.570312 0.337500 0.618750 0.206250 0.623437 0.196875 0.632812 0.192188 0.632812 0.168750 0.600000 0.142187 0.596875 0.134375
0 0.216841 0.140625 0.078125 0.140625 0.078125 0.146875 0.059375 0.165625 0.006250 0.307812 0.010937 0.314063 0.009375 0.323437 0.000000 0.329688 0.000000 0.467187 0.298438 0.467187 0.339062 0.451562 0.362500 0.420312 0.370312 0.417187 0.370312 0.381250 0.362500 0.378125 0.262500 0.200000 0.225000 0.146875 0.225000 0.140625
7 0.138889 0.559375 0.003125 0.559375 0.003125 0.812500 0.010937 0.815625 0.026562 0.857812 0.064062 0.857812 0.067187 0.850000 0.148438 0.817187 0.165625 0.800000 0.176563 0.779687 0.196875 0.771875 0.221875 0.728125 0.268750 0.625000 0.282813 0.614062 0.282813 0.573438 0.243750 0.567187 0.239063 0.559375 0.170313 0.559375 0.165625 0.567187 0.148438 0.565625 0.146875 0.559375
0 0.267003 0.490625 0.003125 0.490625 0.003125 0.876563 0.146875 0.876563 0.148438 0.862500 0.187500 0.812500 0.285938 0.601562 0.301563 0.554688 0.307812 0.553125 0.307812 0.539062 0.301563 0.537500 0.292187 0.514062 0.275000 0.490625
0 0.990600 0.384375 0.520312 0.384375 0.520312 0.389062 0.512500 0.392188 0.450000 0.392188 0.425000 0.401562 0.409375 0.415625 0.365625 0.495312 0.237500 0.770312 0.228125 0.775000 0.228125 0.873437 0.250000 0.876563 0.251563 0.882812 0.317188 0.882812 0.318750 0.876563 0.328125 0.875000 0.400000 0.876563 0.401562 0.882812 0.404687 0.876563 0.425000 0.876563 0.426563 0.882812 0.456250 0.882812 0.457813 0.876563 0.479687 0.875000 0.998437 0.876563 0.998437 0.384375
8 0.468750 0.503125 0.421875 0.503125 0.420312 0.509375 0.392188 0.531250 0.384375 0.545312 0.384375 0.557813 0.396875 0.589063 0.396875 0.606250 0.384375 0.676562 0.371875 0.687500 0.334375 0.684375 0.334375 0.807813 0.340625 0.809375 0.353125 0.843750 0.381250 0.870313 0.381250 0.876563 0.476562 0.876563 0.482812 0.865625 0.500000 0.856250 0.515625 0.834375 0.515625 0.826562 0.507812 0.820312 0.509375 0.809375 0.485938 0.804688 0.481250 0.790625 0.504687 0.776563 0.528125 0.778125 0.545312 0.767188 0.564063 0.715625 0.568750 0.689063 0.576562 0.684375 0.576562 0.629687 0.570312 0.628125 0.560937 0.596875 0.525000 0.550000 0.478125 0.509375 0.476562 0.503125
