4 0.521875 0.146875 0.520312 0.153125 0.509375 0.154688 0.439063 0.156250 0.367188 0.167187 0.331250 0.167187 0.278125 0.193750 0.265625 0.225000 0.259375 0.226562 0.259375 0.331250 0.267188 0.334375 0.290625 0.390625 0.312500 0.406250 0.334375 0.414062 0.335938 0.420312 0.631250 0.420312 0.634375 0.412500 0.657813 0.395313 0.682813 0.340625 0.693750 0.296875 0.701562 0.293750 0.701562 0.253125 0.693750 0.248438 0.690625 0.204687 0.684375 0.187500 0.657813 0.162500 0.614062 0.153125 0.612500 0.146875 0.568750 0.146875 0.568750 0.151562 0.557813 0.157812 0.521875 0.151562
6 0.860589 0.621280 0.734669 0.620878 0.704688 0.620313 0.685937 0.635938 0.676562 0.653125 0.671875 0.704688 0.669703 0.734367 0.667698 0.773667 0.685937 0.787500 0.693750 0.800000 0.690625 0.817187 0.665625 0.831250 0.665625 0.840625 0.670312 0.840625 0.676562 0.851562 0.698438 0.856250 0.760938 0.854688 0.770312 0.846875 0.776563 0.831250 0.787500 0.825000 0.875000 0.864062 0.876563 0.870313 0.884375 0.870313 0.931250 0.815625 0.939063 0.814063 0.939063 0.800000 0.929688 0.795312 0.920312 0.771875 0.920312 0.717187 0.907813 0.692187 0.909375 0.676562 0.929688 0.651563 0.920312 0.639062 0.891867 0.632909 0.876630 0.625691
0 0.868458 0.146875 0.753545 0.147206 0.728409 0.168064 0.714063 0.189062 0.710938 0.265625 0.714063 0.379688 0.728125 0.387500 0.873437 0.385937 0.906250 0.379688 0.932813 0.357812 0.945312 0.314063 0.945312 0.234375 0.940625 0.212500 0.923438 0.184375 0.901563 0.165625 0.879687 0.154688
0 0.335938 0.432812 0.320312 0.442188 0.304688 0.462500 0.298438 0.482812 0.301025 0.518758 0.295312 0.565625 0.290625 0.581250 0.282773 0.654423 0.292187 0.739062 0.325000 0.825000 0.339062 0.845313 0.354687 0.857812 0.385937 0.868750 0.414062 0.870313 0.585161 0.869909 0.603125 0.851562 0.615625 0.832812 0.639062 0.781250 0.654687 0.723437 0.660937 0.650000 0.642188 0.532813 0.642188 0.478125 0.629687 0.454688 0.607812 0.437500
7 0.860714 0.178125 0.812500 0.178125 0.812500 0.184375 0.798438 0.193750 0.757812 0.207813 0.742188 0.221875 0.735938 0.242188 0.718750 0.268750 0.703125 0.275000 0.703125 0.326562 0.710938 0.329688 0.715625 0.367188 0.725000 0.389062 0.740625 0.389062 0.745313 0.379688 0.767188 0.373437 0.826562 0.364063 0.870313 0.362500 0.892188 0.368750 0.901563 0.364063 0.904687 0.309375 0.935937 0.285938 0.951562 0.282813 0.951562 0.262500 0.920312 0.256250 0.912500 0.250000 0.900000 0.212500 0.868750 0.184375 0.868750 0.178125
3 0.243750 0.403125 0.079687 0.403125 0.079687 0.407813 0.060937 0.418750 0.053125 0.431250 0.053125 0.495312 0.046875 0.515625 0.040625 0.517188 0.040625 0.562500 0.076563 0.585938 0.104688 0.589063 0.106250 0.595313 0.121875 0.595313 0.123438 0.589063 0.231250 0.584375 0.262500 0.573438 0.278125 0.548438 0.282813 0.514062 0.289062 0.512500 0.289062 0.487500 0.282813 0.485938 0.271875 0.437500 0.264062 0.420312 0.251563 0.409375 0.251563 0.403125
8 0.201563 0.171875 0.173437 0.171875 0.165625 0.185938 0.134375 0.209375 0.096875 0.270313 0.078125 0.314063 0.057813 0.334375 0.046875 0.337500 0.046875 0.367188 0.060937 0.373437 0.065625 0.382812 0.114062 0.382812 0.115625 0.376563 0.137500 0.371875 0.164062 0.354687 0.210938 0.346875 0.234375 0.320312 0.239063 0.320312 0.239063 0.300000 0.232813 0.298438 0.231250 0.284375 0.232813 0.206250 0.229687 0.195312 0.210938 0.176563 0.210938 0.171875
5 0.590625 0.478125 0.575000 0.478125 0.570312 0.495312 0.473438 0.667188 0.442188 0.732812 0.434375 0.735938 0.434375 0.778125 0.496875 0.775000 0.515625 0.779687 0.573438 0.770312 0.592187 0.779687 0.592187 0.807813 0.603125 0.807813 0.610938 0.790625 0.628125 0.775000 0.642188 0.739062 0.632812 0.606250 0.617188 0.503125 0.598437 0.484375 0.598437 0.478125
0 0.907581 0.396875 0.708602 0.398312 0.670312 0.426563 0.659375 0.456250 0.655141 0.568100 0.682813 0.593750 0.709375 0.601562 0.898438 0.601562 0.915625 0.595313 0.929688 0.582812 0.940625 0.564063 0.943750 0.546875 0.942187 0.445312 0.931167 0.413552
0 0.201563 0.159375 0.115964 0.160686 0.089063 0.167187 0.059375 0.184375 0.034375 0.217188 0.028167 0.240067 0.028125 0.357812 0.043898 0.374689 0.066578 0.385663 0.201563 0.382812 0.215625 0.376563 0.229687 0.362500 0.239063 0.337500 0.239063 0.310937 0.237500 0.298438 0.237500 0.214062 0.232813 0.192188 0.226806 0.175317 0.211442 0.163245
5 0.524739 0.453125 0.339062 0.453125 0.321875 0.479687 0.315625 0.481250 0.315625 0.748437 0.340625 0.753125 0.345313 0.757812 0.345313 0.770312 0.350000 0.770312 0.359375 0.753125 0.403125 0.714063 0.415625 0.695312 0.525000 0.467187 0.532813 0.464062 0.532813 0.453125
0 0.717187 0.615625 0.689063 0.629687 0.673312 0.653361 0.660937 0.753125 0.641631 0.813369 0.653125 0.854688 0.689063 0.876563 0.876563 0.876563 0.892188 0.864062 0.914062 0.845313 0.932813 0.820312 0.945312 0.793750 0.941995 0.666595 0.935980 0.647347 0.920312 0.628125 0.890625 0.615625
0 0.312500 0.153125 0.281250 0.164062 0.265625 0.179688 0.253125 0.204687 0.247575 0.287420 0.254688 0.331250 0.265625 0.371875 0.278125 0.395313 0.293750 0.410938 0.310937 0.418750 0.623437 0.420312 0.642188 0.415625 0.660836 0.404756 0.669164 0.396428 0.679688 0.367188 0.695312 0.310937 0.699536 0.205378 0.687780 0.175006 0.672103 0.157861 0.651528 0.149533 0.371875 0.153125 0.345313 0.153125
0 0.238802 0.396875 0.070742 0.396239 0.048509 0.403314 0.024928 0.427569 0.023917 0.561978 0.059375 0.590625 0.073438 0.595313 0.243750 0.595313 0.267188 0.581250 0.284652 0.556925 0.285327 0.468666 0.267188 0.421875 0.246875 0.403125
0 0.235875 0.609375 0.061309 0.606781 0.043750 0.618750 0.026613 0.639120 0.022233 0.777909 0.026562 0.795312 0.056250 0.828125 0.101562 0.851562 0.170313 0.856250 0.179688 0.857812 0.221658 0.860105 0.243555 0.860105 0.254688 0.857812 0.272863 0.851009 0.287347 0.838208 0.295312 0.826562 0.289062 0.779687 0.273438 0.723437 0.264062 0.640625 0.250292 0.619919
2 0.662500 0.467187 0.659375 0.556250 0.679688 0.587500 0.704688 0.592187 0.879687 0.592187 0.906250 0.582812 0.921875 0.551562 0.910937 0.495312 0.917188 0.442188 0.896875 0.407813 0.860938 0.403125 0.706250 0.404687 0.684375 0.417187
6 0.029687 0.673438 0.028125 0.681250 0.043750 0.707812 0.048438 0.734375 0.064062 0.767188 0.071875 0.776563 0.087500 0.775000 0.121875 0.806250 0.120313 0.818750 0.112500 0.823438 0.114062 0.834375 0.125000 0.842187 0.146875 0.834375 0.145313 0.829688 0.159375 0.820312 0.159375 0.807813 0.181250 0.775000 0.220312 0.779687 0.232813 0.773438 0.281250 0.771875 0.267188 0.710938 0.264062 0.643750 0.256250 0.629687 0.234375 0.612500 0.068750 0.610938 0.057813 0.623437 0.043750 0.664062
