1 0.660937 0.629687 0.657813 0.704688 0.639062 0.781250 0.687500 0.784375 0.700000 0.829688 0.720313 0.834375 0.825000 0.828125 0.868750 0.810937 0.884375 0.795312 0.881250 0.792188 0.906250 0.748437 0.904687 0.632812 0.898438 0.612500 0.885938 0.598437 0.867188 0.590625 0.706250 0.592187 0.681250 0.601562
1 0.042188 0.639062 0.046875 0.737500 0.054688 0.770312 0.167187 0.782813 0.181250 0.771875 0.218750 0.776563 0.281250 0.771875 0.265625 0.712500 0.257812 0.640625 0.245312 0.617188 0.232813 0.607812 0.217188 0.601562 0.076563 0.606250 0.059375 0.612500
2 0.040625 0.445312 0.032813 0.493750 0.034375 0.540625 0.048438 0.575000 0.059375 0.581250 0.229687 0.582812 0.251563 0.576562 0.268750 0.553125 0.275000 0.509375 0.268750 0.453125 0.254688 0.417187 0.237500 0.401562 0.192188 0.396875 0.076563 0.403125 0.064062 0.406250 0.050000 0.420312
7 0.029687 0.273438 0.028125 0.317188 0.040625 0.334375 0.062500 0.345313 0.064062 0.351562 0.071875 0.350000 0.084375 0.370312 0.196875 0.364063 0.212500 0.354687 0.220312 0.337500 0.217188 0.262500 0.196875 0.218750 0.198437 0.209375 0.189062 0.190625 0.160938 0.176563 0.126562 0.176563 0.098437 0.190625 0.042188 0.234375
8 0.689063 0.246875 0.687500 0.292187 0.707812 0.320312 0.739062 0.329688 0.762500 0.325000 0.779687 0.312500 0.787500 0.281250 0.773438 0.243750 0.762500 0.232813 0.743750 0.225000 0.718750 0.225000 0.703125 0.231250
4 0.246875 0.243750 0.251563 0.321875 0.271875 0.354687 0.275000 0.387500 0.289062 0.401562 0.310937 0.407813 0.581250 0.401562 0.609375 0.395313 0.634375 0.376563 0.645312 0.351562 0.656250 0.317188 0.665625 0.250000 0.650000 0.178125 0.617188 0.146875 0.539062 0.146875 0.507812 0.139063 0.318750 0.175000 0.300000 0.171875 0.281250 0.189062 0.268750 0.189062 0.265625 0.201563 0.259375 0.201563
5 0.326562 0.446875 0.331250 0.487500 0.323437 0.498437 0.320312 0.634375 0.304688 0.757812 0.306250 0.767188 0.323437 0.778125 0.351562 0.782813 0.382812 0.770312 0.407813 0.729688 0.445312 0.701562 0.562500 0.448437 0.560937 0.442188 0.473438 0.439063 0.406250 0.445312 0.334375 0.439063
5 0.468750 0.760938 0.467187 0.768750 0.476562 0.775000 0.495312 0.771875 0.509375 0.782813 0.532813 0.782813 0.553125 0.770312 0.581250 0.771875 0.598437 0.779687 0.609375 0.765625 0.621875 0.731250 0.625000 0.650000 0.603125 0.495312 0.592187 0.498437 0.548438 0.592187 0.518750 0.639062 0.479687 0.717187 0.481250 0.739062
3 0.640625 0.448437 0.639062 0.493750 0.648438 0.539062 0.657813 0.553125 0.679688 0.564063 0.843750 0.560937 0.868750 0.545312 0.881250 0.512500 0.885938 0.445312 0.879687 0.414062 0.865625 0.390625 0.840625 0.385937 0.681250 0.390625 0.659375 0.406250
0 0.807813 0.370312 0.806250 0.371875 0.782813 0.371875 0.781250 0.373437 0.768750 0.373437 0.767188 0.371875 0.751563 0.371875 0.750000 0.373437 0.742188 0.373437 0.740625 0.375000 0.735938 0.375000 0.734375 0.376563 0.728125 0.376563 0.726562 0.375000 0.692187 0.375000 0.690625 0.376563 0.685937 0.376563 0.684375 0.378125 0.682813 0.378125 0.681250 0.379688 0.678125 0.379688 0.676562 0.381250 0.675000 0.381250 0.671875 0.384375 0.670312 0.384375 0.656250 0.398438 0.656250 0.400000 0.654687 0.401562 0.654687 0.403125 0.651563 0.406250 0.651563 0.409375 0.650000 0.410938 0.650000 0.414062 0.648438 0.415625 0.648438 0.420312 0.646875 0.421875 0.646875 0.425000 0.645312 0.426563 0.645312 0.429688 0.643750 0.431250 0.643750 0.434375 0.642188 0.435937 0.642188 0.439063 0.640625 0.440625 0.640625 0.445312 0.639062 0.446875 0.639062 0.454688 0.637500 0.456250 0.637500 0.459375 0.635938 0.460938 0.635938 0.470313 0.634375 0.471875 0.634375 0.487500 0.635938 0.489063 0.635938 0.501563 0.637500 0.503125 0.637500 0.523438 0.639062 0.525000 0.639062 0.531250 0.640625 0.532813 0.640625 0.535937 0.642188 0.537500 0.642188 0.540625 0.643750 0.542188 0.643750 0.543750 0.645312 0.545312 0.645312 0.546875 0.646875 0.548438 0.646875 0.550000 0.650000 0.553125 0.650000 0.554688 0.660937 0.565625 0.662500 0.565625 0.665625 0.568750 0.667188 0.568750 0.668750 0.570312 0.670312 0.570312 0.671875 0.571875 0.675000 0.571875 0.676562 0.573438 0.679688 0.573438 0.681250 0.575000 0.687500 0.575000 0.689063 0.576562 0.706250 0.576562 0.707812 0.575000 0.709375 0.576562 0.718750 0.576562 0.720313 0.578125 0.757812 0.578125 0.759375 0.576562 0.779687 0.576562 0.781250 0.578125 0.806250 0.578125 0.807813 0.576562 0.817187 0.576562 0.818750 0.575000 0.828125 0.575000 0.829688 0.576562 0.850000 0.576562 0.851562 0.575000 0.857812 0.575000 0.859375 0.573438 0.867188 0.573438 0.868750 0.571875 0.873437 0.571875 0.875000 0.570312 0.878125 0.570312 0.879687 0.568750 0.881250 0.568750 0.882812 0.567187 0.885938 0.567187 0.889062 0.564063 0.890625 0.564063 0.893750 0.560937 0.895312 0.560937 0.904687 0.551562 0.904687 0.550000 0.907813 0.546875 0.907813 0.545312 0.909375 0.543750 0.909375 0.542188 0.910937 0.540625 0.910937 0.539062 0.912500 0.537500 0.912500 0.535937 0.914062 0.534375 0.914062 0.529687 0.915625 0.528125 0.915625 0.496875 0.914062 0.495312 0.914062 0.489063 0.915625 0.487500 0.915625 0.442188 0.914062 0.440625 0.914062 0.434375 0.915625 0.432812 0.915625 0.423438 0.914062 0.421875 0.914062 0.414062 0.912500 0.412500 0.912500 0.409375 0.910937 0.407813 0.910937 0.404687 0.909375 0.403125 0.909375 0.401562 0.907813 0.400000 0.907813 0.398438 0.904687 0.395313 0.904687 0.393750 0.893750 0.382812 0.892188 0.382812 0.889062 0.379688 0.887500 0.379688 0.884375 0.376563 0.881250 0.376563 0.879687 0.375000 0.878125 0.375000 0.876563 0.373437 0.871875 0.373437 0.870313 0.371875 0.864062 0.371875 0.862500 0.370312
0 0.798438 0.128125 0.796875 0.129688 0.793750 0.129688 0.792188 0.131250 0.779687 0.131250 0.778125 0.132812 0.737500 0.132812 0.735938 0.134375 0.728125 0.134375 0.726562 0.135937 0.723437 0.135937 0.721875 0.137500 0.718750 0.137500 0.717187 0.139063 0.715625 0.139063 0.714063 0.140625 0.712500 0.140625 0.709375 0.143750 0.707812 0.143750 0.693750 0.157812 0.693750 0.159375 0.692187 0.160938 0.692187 0.162500 0.690625 0.164062 0.690625 0.165625 0.689063 0.167187 0.689063 0.168750 0.687500 0.170313 0.687500 0.171875 0.685937 0.173437 0.685937 0.176563 0.684375 0.178125 0.684375 0.181250 0.682813 0.182812 0.682813 0.187500 0.681250 0.189062 0.681250 0.210938 0.682813 0.212500 0.682813 0.217188 0.684375 0.218750 0.684375 0.221875 0.685937 0.223438 0.685937 0.225000 0.687500 0.226562 0.687500 0.232813 0.685937 0.234375 0.685937 0.251563 0.684375 0.253125 0.684375 0.276562 0.682813 0.278125 0.682813 0.282813 0.681250 0.284375 0.681250 0.287500 0.679688 0.289062 0.679688 0.298438 0.678125 0.300000 0.678125 0.309375 0.679688 0.310937 0.679688 0.320312 0.681250 0.321875 0.681250 0.325000 0.682813 0.326562 0.682813 0.329688 0.684375 0.331250 0.684375 0.332813 0.685937 0.334375 0.685937 0.335938 0.689063 0.339062 0.689063 0.340625 0.703125 0.354687 0.704688 0.354687 0.706250 0.356250 0.707812 0.356250 0.709375 0.357812 0.710938 0.357812 0.712500 0.359375 0.714063 0.359375 0.715625 0.360938 0.718750 0.360938 0.720313 0.362500 0.726562 0.362500 0.728125 0.364063 0.743750 0.364063 0.745313 0.362500 0.751563 0.362500 0.753125 0.360938 0.829688 0.360938 0.831250 0.359375 0.834375 0.359375 0.835938 0.360938 0.851562 0.360938 0.853125 0.359375 0.860938 0.359375 0.862500 0.357812 0.865625 0.357812 0.867188 0.356250 0.868750 0.356250 0.870313 0.354687 0.873437 0.354687 0.875000 0.353125 0.876563 0.353125 0.878125 0.351562 0.879687 0.351562 0.881250 0.350000 0.882812 0.350000 0.885938 0.346875 0.887500 0.346875 0.898438 0.335938 0.898438 0.334375 0.901563 0.331250 0.901563 0.329688 0.903125 0.328125 0.903125 0.326562 0.904687 0.325000 0.904687 0.323437 0.906250 0.321875 0.906250 0.318750 0.907813 0.317188 0.907813 0.310937 0.909375 0.309375 0.909375 0.292187 0.907813 0.290625 0.907813 0.232813 0.906250 0.231250 0.906250 0.215625 0.904687 0.214062 0.904687 0.207813 0.903125 0.206250 0.903125 0.201563 0.901563 0.200000 0.901563 0.195312 0.900000 0.193750 0.900000 0.192188 0.898438 0.190625 0.898438 0.189062 0.896875 0.187500 0.896875 0.185938 0.895312 0.184375 0.895312 0.182812 0.892188 0.179688 0.892188 0.178125 0.889062 0.175000 0.889062 0.173437 0.881250 0.165625 0.879687 0.165625 0.867188 0.153125 0.867188 0.151562 0.862500 0.146875 0.862500 0.145313 0.859375 0.142187 0.857812 0.142187 0.853125 0.137500 0.851562 0.137500 0.848437 0.134375 0.846875 0.134375 0.845313 0.132812 0.843750 0.132812 0.842187 0.131250 0.839063 0.131250 0.837500 0.129688 0.832812 0.129688 0.831250 0.128125
0 0.740625 0.587500 0.739062 0.589063 0.734375 0.589063 0.732812 0.590625 0.729688 0.590625 0.728125 0.592187 0.701562 0.592187 0.700000 0.593750 0.695312 0.593750 0.693750 0.595313 0.690625 0.595313 0.689063 0.596875 0.687500 0.596875 0.685937 0.598437 0.684375 0.598437 0.682813 0.600000 0.681250 0.600000 0.678125 0.603125 0.676562 0.603125 0.665625 0.614062 0.665625 0.615625 0.662500 0.618750 0.662500 0.620313 0.660937 0.621875 0.660937 0.623437 0.659375 0.625000 0.659375 0.626563 0.657813 0.628125 0.657813 0.631250 0.656250 0.632812 0.656250 0.637500 0.654687 0.639062 0.654687 0.701562 0.653125 0.703125 0.653125 0.714063 0.651563 0.715625 0.651563 0.723437 0.650000 0.725000 0.650000 0.729688 0.648438 0.731250 0.648438 0.737500 0.646875 0.739062 0.646875 0.753125 0.645312 0.754687 0.645312 0.759375 0.643750 0.760938 0.643750 0.764062 0.642188 0.765625 0.642188 0.771875 0.640625 0.773438 0.640625 0.781250 0.639062 0.782813 0.639062 0.793750 0.640625 0.795312 0.640625 0.804688 0.642188 0.806250 0.642188 0.809375 0.643750 0.810937 0.643750 0.812500 0.645312 0.814063 0.645312 0.817187 0.648438 0.820312 0.648438 0.821875 0.651563 0.825000 0.651563 0.826562 0.660937 0.835938 0.662500 0.835938 0.665625 0.839063 0.667188 0.839063 0.670312 0.842187 0.673438 0.842187 0.675000 0.843750 0.676562 0.843750 0.678125 0.845313 0.682813 0.845313 0.684375 0.846875 0.693750 0.846875 0.695312 0.848437 0.717187 0.848437 0.718750 0.846875 0.729688 0.846875 0.731250 0.848437 0.739062 0.848437 0.740625 0.846875 0.751563 0.846875 0.753125 0.845313 0.756250 0.845313 0.757812 0.843750 0.843750 0.843750 0.845313 0.842187 0.848437 0.842187 0.850000 0.840625 0.853125 0.840625 0.854688 0.839063 0.857812 0.839063 0.859375 0.837500 0.862500 0.837500 0.864062 0.835938 0.865625 0.835938 0.867188 0.834375 0.868750 0.834375 0.870313 0.832812 0.871875 0.832812 0.873437 0.831250 0.875000 0.831250 0.881250 0.825000 0.882812 0.825000 0.885938 0.821875 0.887500 0.821875 0.890625 0.818750 0.892188 0.818750 0.906250 0.804688 0.906250 0.803125 0.909375 0.800000 0.909375 0.798438 0.910937 0.796875 0.910937 0.795312 0.912500 0.793750 0.912500 0.790625 0.914062 0.789062 0.914062 0.785937 0.915625 0.784375 0.915625 0.782813 0.917188 0.781250 0.917188 0.778125 0.918750 0.776563 0.918750 0.773438 0.920312 0.771875 0.920312 0.767188 0.921875 0.765625 0.921875 0.759375 0.923438 0.757812 0.923438 0.656250 0.921875 0.654687 0.921875 0.648438 0.920312 0.646875 0.920312 0.640625 0.918750 0.639062 0.918750 0.631250 0.917188 0.629687 0.917188 0.625000 0.915625 0.623437 0.915625 0.621875 0.914062 0.620313 0.914062 0.618750 0.912500 0.617188 0.912500 0.615625 0.910937 0.614062 0.910937 0.612500 0.906250 0.607812 0.906250 0.606250 0.901563 0.601562 0.900000 0.601562 0.895312 0.596875 0.893750 0.596875 0.890625 0.593750 0.889062 0.593750 0.887500 0.592187 0.884375 0.592187 0.882812 0.590625 0.881250 0.590625 0.879687 0.589063 0.873437 0.589063 0.871875 0.587500 0.853125 0.587500 0.851562 0.589063 0.846875 0.589063 0.845313 0.590625 0.843750 0.589063 0.825000 0.589063 0.823438 0.590625 0.815625 0.590625 0.814063 0.592187 0.801562 0.592187 0.800000 0.590625 0.792188 0.590625 0.790625 0.589063 0.765625 0.589063 0.764062 0.587500
0 0.195312 0.393750 0.193750 0.395313 0.189062 0.395313 0.187500 0.396875 0.184375 0.396875 0.182812 0.398438 0.062500 0.398438 0.060937 0.400000 0.057813 0.400000 0.056250 0.401562 0.053125 0.401562 0.051562 0.403125 0.050000 0.403125 0.048438 0.404687 0.046875 0.404687 0.043750 0.407813 0.042188 0.407813 0.028125 0.421875 0.028125 0.423438 0.026562 0.425000 0.026562 0.426563 0.025000 0.428125 0.025000 0.429688 0.023438 0.431250 0.023438 0.432812 0.021875 0.434375 0.021875 0.437500 0.020313 0.439063 0.020313 0.445312 0.018750 0.446875 0.018750 0.471875 0.020313 0.473438 0.020313 0.478125 0.021875 0.479687 0.021875 0.506250 0.020313 0.507812 0.020313 0.543750 0.021875 0.545312 0.021875 0.550000 0.023438 0.551562 0.023438 0.554688 0.025000 0.556250 0.025000 0.557813 0.026562 0.559375 0.026562 0.560937 0.028125 0.562500 0.028125 0.564063 0.031250 0.567187 0.031250 0.568750 0.040625 0.578125 0.042188 0.578125 0.045312 0.581250 0.046875 0.581250 0.050000 0.584375 0.051562 0.584375 0.053125 0.585938 0.056250 0.585938 0.057813 0.587500 0.060937 0.587500 0.062500 0.589063 0.068750 0.589063 0.070312 0.590625 0.098437 0.590625 0.100000 0.589063 0.104688 0.589063 0.106250 0.590625 0.117188 0.590625 0.118750 0.592187 0.135937 0.592187 0.137500 0.590625 0.157812 0.590625 0.159375 0.589063 0.168750 0.589063 0.170313 0.587500 0.175000 0.587500 0.176563 0.585938 0.178125 0.585938 0.179688 0.587500 0.229687 0.587500 0.231250 0.585938 0.234375 0.585938 0.235937 0.584375 0.239063 0.584375 0.240625 0.582812 0.242188 0.582812 0.243750 0.581250 0.245312 0.581250 0.246875 0.579688 0.248438 0.579688 0.251563 0.576562 0.253125 0.576562 0.262500 0.567187 0.262500 0.565625 0.267188 0.560937 0.267188 0.559375 0.268750 0.557813 0.268750 0.556250 0.270313 0.554688 0.270313 0.551562 0.271875 0.550000 0.271875 0.546875 0.273438 0.545312 0.273438 0.539062 0.275000 0.537500 0.275000 0.490625 0.273438 0.489063 0.273438 0.475000 0.271875 0.473438 0.271875 0.454688 0.270313 0.453125 0.270313 0.443750 0.268750 0.442188 0.268750 0.439063 0.267188 0.437500 0.267188 0.434375 0.265625 0.432812 0.265625 0.431250 0.264062 0.429688 0.264062 0.428125 0.260937 0.425000 0.260937 0.423438 0.256250 0.418750 0.256250 0.417187 0.248438 0.409375 0.246875 0.409375 0.240625 0.403125 0.239063 0.403125 0.237500 0.401562 0.235937 0.401562 0.234375 0.400000 0.232813 0.400000 0.231250 0.398438 0.229687 0.398438 0.228125 0.396875 0.225000 0.396875 0.223438 0.395313 0.220312 0.395313 0.218750 0.393750
0 0.123438 0.168750 0.121875 0.170313 0.117188 0.170313 0.115625 0.171875 0.096875 0.171875 0.095312 0.173437 0.090625 0.173437 0.089063 0.175000 0.087500 0.175000 0.085938 0.176563 0.084375 0.176563 0.082812 0.178125 0.079687 0.178125 0.078125 0.179688 0.076563 0.179688 0.073438 0.182812 0.071875 0.182812 0.070312 0.184375 0.068750 0.184375 0.067187 0.185938 0.065625 0.185938 0.064062 0.187500 0.062500 0.187500 0.060937 0.189062 0.059375 0.189062 0.054688 0.193750 0.053125 0.193750 0.050000 0.196875 0.048438 0.196875 0.043750 0.201563 0.043750 0.203125 0.040625 0.206250 0.040625 0.207813 0.039062 0.209375 0.039062 0.210938 0.035937 0.214062 0.035937 0.215625 0.032813 0.218750 0.032813 0.220312 0.031250 0.221875 0.031250 0.223438 0.028125 0.226562 0.028125 0.228125 0.026562 0.229687 0.026562 0.231250 0.023438 0.234375 0.023438 0.235937 0.021875 0.237500 0.021875 0.240625 0.020313 0.242188 0.020313 0.246875 0.018750 0.248438 0.018750 0.262500 0.017188 0.264062 0.017188 0.265625 0.018750 0.267188 0.017188 0.268750 0.017188 0.281250 0.015625 0.282813 0.015625 0.325000 0.017188 0.326562 0.017188 0.339062 0.018750 0.340625 0.018750 0.345313 0.020313 0.346875 0.020313 0.350000 0.021875 0.351562 0.021875 0.354687 0.023438 0.356250 0.023438 0.357812 0.026562 0.360938 0.026562 0.362500 0.029687 0.365625 0.029687 0.367188 0.039062 0.376563 0.040625 0.376563 0.042188 0.378125 0.043750 0.378125 0.046875 0.381250 0.048438 0.381250 0.050000 0.382812 0.053125 0.382812 0.054688 0.384375 0.062500 0.384375 0.064062 0.385937 0.112500 0.385937 0.114062 0.384375 0.179688 0.384375 0.181250 0.382812 0.184375 0.382812 0.185938 0.381250 0.187500 0.381250 0.189062 0.379688 0.193750 0.379688 0.195312 0.378125 0.196875 0.378125 0.198437 0.376563 0.200000 0.376563 0.203125 0.373437 0.204687 0.373437 0.209375 0.368750 0.209375 0.367188 0.214062 0.362500 0.214062 0.360938 0.215625 0.359375 0.215625 0.357812 0.217188 0.356250 0.217188 0.354687 0.218750 0.353125 0.218750 0.351562 0.220312 0.350000 0.220312 0.348438 0.221875 0.346875 0.221875 0.343750 0.223438 0.342187 0.223438 0.332813 0.225000 0.331250 0.225000 0.312500 0.223438 0.310937 0.223438 0.304688 0.221875 0.303125 0.221875 0.298438 0.220312 0.296875 0.220312 0.285938 0.218750 0.284375 0.218750 0.200000 0.217188 0.198437 0.217188 0.196875 0.215625 0.195312 0.215625 0.193750 0.214062 0.192188 0.214062 0.190625 0.210938 0.187500 0.210938 0.185938 0.209375 0.184375 0.209375 0.182812 0.201563 0.175000 0.200000 0.175000 0.198437 0.173437 0.195312 0.173437 0.193750 0.171875 0.185938 0.171875 0.184375 0.170313 0.168750 0.170313 0.167187 0.168750 0.146875 0.168750 0.145313 0.170313 0.132812 0.170313 0.131250 0.168750
0 0.162500 0.600000 0.160938 0.601562 0.092188 0.601562 0.090625 0.603125 0.067187 0.603125 0.065625 0.604688 0.060937 0.604688 0.059375 0.606250 0.057813 0.606250 0.056250 0.607812 0.053125 0.607812 0.051562 0.609375 0.050000 0.609375 0.048438 0.610938 0.046875 0.610938 0.039062 0.618750 0.037500 0.618750 0.034375 0.621875 0.034375 0.623437 0.031250 0.626563 0.031250 0.628125 0.028125 0.631250 0.028125 0.634375 0.026562 0.635938 0.026562 0.639062 0.025000 0.640625 0.025000 0.692187 0.026562 0.693750 0.026562 0.701562 0.025000 0.703125 0.025000 0.731250 0.026562 0.732812 0.026562 0.737500 0.028125 0.739062 0.028125 0.765625 0.029687 0.767188 0.029687 0.771875 0.031250 0.773438 0.031250 0.779687 0.032813 0.781250 0.032813 0.784375 0.034375 0.785937 0.034375 0.789062 0.035937 0.790625 0.035937 0.792188 0.037500 0.793750 0.037500 0.795312 0.039062 0.796875 0.039062 0.801562 0.040625 0.803125 0.040625 0.807813 0.042188 0.807813 0.062500 0.828125 0.062500 0.829688 0.065625 0.832812 0.067187 0.832812 0.068750 0.834375 0.070312 0.834375 0.071875 0.835938 0.076563 0.835938 0.078125 0.837500 0.081250 0.837500 0.082812 0.839063 0.084375 0.839063 0.085938 0.840625 0.087500 0.840625 0.089063 0.842187 0.092188 0.842187 0.093750 0.843750 0.095312 0.843750 0.096875 0.845313 0.100000 0.845313 0.101562 0.846875 0.117188 0.846875 0.118750 0.848437 0.123438 0.848437 0.125000 0.850000 0.126562 0.850000 0.126562 0.848437 0.128125 0.846875 0.243750 0.846875 0.245312 0.845313 0.248438 0.845313 0.250000 0.843750 0.257812 0.843750 0.259375 0.842187 0.262500 0.842187 0.264062 0.840625 0.265625 0.840625 0.267188 0.839063 0.268750 0.839063 0.275000 0.832812 0.275000 0.831250 0.279687 0.826562 0.279687 0.825000 0.285938 0.818750 0.285938 0.817187 0.287500 0.815625 0.287500 0.812500 0.289062 0.810937 0.289062 0.809375 0.290625 0.807813 0.290625 0.804688 0.292187 0.803125 0.292187 0.787500 0.290625 0.785937 0.290625 0.784375 0.289062 0.782813 0.289062 0.781250 0.287500 0.779687 0.287500 0.778125 0.284375 0.775000 0.284375 0.771875 0.282813 0.770312 0.282813 0.767188 0.281250 0.765625 0.281250 0.762500 0.279687 0.760938 0.279687 0.757812 0.278125 0.756250 0.278125 0.753125 0.276562 0.751563 0.276562 0.748437 0.275000 0.746875 0.275000 0.743750 0.273438 0.742188 0.273438 0.737500 0.271875 0.735938 0.271875 0.732812 0.270313 0.731250 0.270313 0.723437 0.268750 0.721875 0.268750 0.720313 0.267188 0.718750 0.267188 0.707812 0.265625 0.706250 0.265625 0.700000 0.264062 0.698438 0.264062 0.685937 0.262500 0.684375 0.262500 0.668750 0.260937 0.667188 0.260937 0.656250 0.259375 0.654687 0.259375 0.648438 0.257812 0.646875 0.257812 0.643750 0.256250 0.642188 0.256250 0.640625 0.253125 0.637500 0.253125 0.628125 0.251563 0.626563 0.251563 0.625000 0.250000 0.623437 0.250000 0.621875 0.248438 0.620313 0.248438 0.618750 0.242188 0.612500 0.240625 0.612500 0.237500 0.609375 0.235937 0.609375 0.232813 0.606250 0.231250 0.606250 0.229687 0.604688 0.226562 0.604688 0.225000 0.603125 0.215625 0.603125 0.214062 0.601562 0.181250 0.601562 0.179688 0.600000
0 0.498437 0.418750 0.496875 0.420312 0.490625 0.420312 0.489063 0.421875 0.439063 0.421875 0.437500 0.423438 0.368750 0.423438 0.367188 0.425000 0.356250 0.425000 0.354687 0.423438 0.340625 0.423438 0.339062 0.425000 0.331250 0.425000 0.329688 0.426563 0.326562 0.426563 0.325000 0.428125 0.321875 0.428125 0.320312 0.429688 0.318750 0.429688 0.315625 0.432812 0.314063 0.432812 0.312500 0.434375 0.310937 0.434375 0.298438 0.446875 0.298438 0.448437 0.295312 0.451562 0.295312 0.453125 0.293750 0.454688 0.293750 0.456250 0.292187 0.457813 0.292187 0.462500 0.290625 0.464062 0.290625 0.471875 0.289062 0.473438 0.289062 0.476562 0.290625 0.478125 0.290625 0.487500 0.292187 0.489063 0.292187 0.492188 0.293750 0.493750 0.293750 0.507812 0.292187 0.509375 0.292187 0.515625 0.290625 0.517188 0.290625 0.551562 0.289062 0.553125 0.289062 0.562500 0.287500 0.564063 0.287500 0.565625 0.285938 0.567187 0.285938 0.570312 0.284375 0.571875 0.284375 0.578125 0.282813 0.579688 0.282813 0.582812 0.281250 0.584375 0.281250 0.590625 0.279687 0.592187 0.279687 0.601562 0.278125 0.603125 0.278125 0.671875 0.279687 0.673438 0.279687 0.681250 0.281250 0.682813 0.281250 0.709375 0.282813 0.710938 0.282813 0.718750 0.284375 0.720313 0.284375 0.723437 0.285938 0.725000 0.285938 0.728125 0.287500 0.729688 0.287500 0.731250 0.289062 0.732812 0.289062 0.734375 0.290625 0.735938 0.290625 0.737500 0.292187 0.739062 0.292187 0.740625 0.293750 0.742188 0.293750 0.746875 0.295312 0.748437 0.295312 0.753125 0.296875 0.754687 0.296875 0.757812 0.298438 0.759375 0.298438 0.760938 0.300000 0.762500 0.300000 0.765625 0.301563 0.767188 0.301563 0.770312 0.303125 0.771875 0.303125 0.775000 0.304688 0.776563 0.304688 0.778125 0.307812 0.781250 0.307812 0.782813 0.309375 0.784375 0.309375 0.785937 0.312500 0.789062 0.312500 0.790625 0.318750 0.796875 0.318750 0.798438 0.321875 0.801562 0.321875 0.803125 0.326562 0.807813 0.326562 0.810937 0.328125 0.812500 0.328125 0.814063 0.329688 0.815625 0.329688 0.817187 0.331250 0.818750 0.331250 0.820312 0.332813 0.821875 0.332813 0.823438 0.339062 0.829688 0.339062 0.831250 0.340625 0.832812 0.342187 0.832812 0.346875 0.837500 0.348438 0.837500 0.350000 0.839063 0.351562 0.839063 0.353125 0.840625 0.354687 0.840625 0.356250 0.842187 0.359375 0.842187 0.360938 0.843750 0.365625 0.843750 0.367188 0.845313 0.415625 0.845313 0.417187 0.846875 0.423438 0.846875 0.425000 0.848437 0.471875 0.848437 0.473438 0.846875 0.476562 0.846875 0.478125 0.848437 0.562500 0.848437 0.564063 0.846875 0.568750 0.846875 0.570312 0.845313 0.576562 0.845313 0.578125 0.843750 0.581250 0.843750 0.582812 0.842187 0.584375 0.842187 0.585938 0.840625 0.587500 0.840625 0.589063 0.839063 0.590625 0.839063 0.595313 0.834375 0.596875 0.834375 0.600000 0.831250 0.600000 0.829688 0.604688 0.825000 0.604688 0.823438 0.606250 0.821875 0.606250 0.820312 0.607812 0.818750 0.607812 0.817187 0.609375 0.815625 0.609375 0.814063 0.610938 0.812500 0.610938 0.806250 0.612500 0.804688 0.612500 0.787500 0.614062 0.785937 0.614062 0.781250 0.615625 0.779687 0.615625 0.778125 0.617188 0.776563 0.617188 0.773438 0.618750 0.771875 0.618750 0.768750 0.620313 0.767188 0.620313 0.764062 0.621875 0.762500 0.621875 0.759375 0.623437 0.757812 0.623437 0.753125 0.625000 0.751563 0.625000 0.745313 0.626563 0.743750 0.626563 0.740625 0.628125 0.739062 0.628125 0.734375 0.629687 0.732812 0.629687 0.726562 0.631250 0.725000 0.631250 0.715625 0.632812 0.714063 0.632812 0.707812 0.634375 0.706250 0.634375 0.698438 0.635938 0.696875 0.635938 0.692187 0.637500 0.690625 0.637500 0.684375 0.639062 0.682813 0.639062 0.665625 0.640625 0.664062 0.640625 0.618750 0.639062 0.617188 0.639062 0.607812 0.637500 0.606250 0.637500 0.587500 0.635938 0.585938 0.635938 0.579688 0.634375 0.578125 0.634375 0.571875 0.632812 0.570312 0.632812 0.565625 0.631250 0.564063 0.631250 0.557813 0.629687 0.556250 0.629687 0.553125 0.628125 0.551562 0.628125 0.545312 0.626563 0.543750 0.626563 0.526563 0.625000 0.525000 0.625000 0.518750 0.623437 0.517188 0.623437 0.507812 0.621875 0.506250 0.621875 0.498437 0.620313 0.496875 0.620313 0.492188 0.618750 0.490625 0.618750 0.487500 0.617188 0.485938 0.618750 0.484375 0.618750 0.481250 0.620313 0.479687 0.620313 0.470313 0.621875 0.468750 0.621875 0.467187 0.620313 0.465625 0.620313 0.456250 0.618750 0.454688 0.618750 0.451562 0.617188 0.450000 0.617188 0.448437 0.615625 0.446875 0.615625 0.445312 0.614062 0.443750 0.614062 0.442188 0.610938 0.439063 0.610938 0.437500 0.604688 0.431250 0.603125 0.431250 0.598437 0.426563 0.596875 0.426563 0.595313 0.425000 0.593750 0.425000 0.592187 0.423438 0.589063 0.423438 0.587500 0.421875 0.582812 0.421875 0.581250 0.420312 0.553125 0.420312 0.551562 0.418750
0 0.518750 0.143750 0.517188 0.145313 0.465625 0.145313 0.464062 0.146875 0.454688 0.146875 0.453125 0.148438 0.445312 0.148438 0.443750 0.150000 0.423438 0.150000 0.421875 0.151562 0.414062 0.151562 0.412500 0.153125 0.373437 0.153125 0.371875 0.154688 0.293750 0.154688 0.292187 0.156250 0.284375 0.156250 0.282813 0.157812 0.279687 0.157812 0.278125 0.159375 0.276562 0.159375 0.275000 0.160938 0.273438 0.160938 0.271875 0.162500 0.270313 0.162500 0.268750 0.164062 0.267188 0.164062 0.264062 0.167187 0.262500 0.167187 0.253125 0.176563 0.251563 0.176563 0.250000 0.178125 0.250000 0.179688 0.243750 0.185938 0.243750 0.187500 0.242188 0.189062 0.242188 0.190625 0.240625 0.192188 0.240625 0.193750 0.239063 0.195312 0.239063 0.198437 0.237500 0.200000 0.237500 0.203125 0.235937 0.204687 0.235937 0.212500 0.234375 0.214062 0.234375 0.228125 0.235937 0.229687 0.235937 0.237500 0.234375 0.239063 0.234375 0.243750 0.232813 0.245312 0.232813 0.273438 0.234375 0.275000 0.234375 0.281250 0.235937 0.282813 0.235937 0.301563 0.237500 0.303125 0.237500 0.309375 0.239063 0.310937 0.239063 0.321875 0.240625 0.323437 0.240625 0.331250 0.242188 0.332813 0.242188 0.337500 0.243750 0.339062 0.243750 0.342187 0.245312 0.343750 0.245312 0.346875 0.246875 0.348438 0.246875 0.351562 0.248438 0.353125 0.248438 0.354687 0.250000 0.356250 0.250000 0.357812 0.251563 0.359375 0.251563 0.364063 0.253125 0.365625 0.253125 0.370312 0.254688 0.371875 0.254688 0.375000 0.256250 0.376563 0.256250 0.378125 0.257812 0.379688 0.257812 0.381250 0.260937 0.384375 0.260937 0.385937 0.265625 0.390625 0.265625 0.392188 0.268750 0.395313 0.270313 0.395313 0.275000 0.400000 0.276562 0.400000 0.279687 0.403125 0.281250 0.403125 0.282813 0.404687 0.284375 0.404687 0.285938 0.406250 0.289062 0.406250 0.290625 0.407813 0.295312 0.407813 0.296875 0.409375 0.315625 0.409375 0.317188 0.410938 0.321875 0.410938 0.323437 0.412500 0.334375 0.412500 0.335938 0.414062 0.340625 0.414062 0.342187 0.412500 0.353125 0.412500 0.354687 0.410938 0.400000 0.410938 0.401562 0.409375 0.582812 0.409375 0.584375 0.407813 0.601562 0.407813 0.603125 0.406250 0.609375 0.406250 0.610938 0.404687 0.614062 0.404687 0.615625 0.403125 0.618750 0.403125 0.620313 0.401562 0.621875 0.401562 0.625000 0.398438 0.626563 0.398438 0.629687 0.395313 0.631250 0.395313 0.640625 0.385937 0.640625 0.384375 0.643750 0.381250 0.643750 0.379688 0.645312 0.378125 0.645312 0.376563 0.646875 0.375000 0.646875 0.373437 0.648438 0.371875 0.648438 0.368750 0.650000 0.367188 0.650000 0.364063 0.651563 0.362500 0.651563 0.356250 0.653125 0.354687 0.653125 0.351562 0.654687 0.350000 0.654687 0.346875 0.656250 0.345313 0.656250 0.340625 0.657813 0.339062 0.657813 0.335938 0.659375 0.334375 0.659375 0.331250 0.660937 0.329688 0.660937 0.325000 0.662500 0.323437 0.662500 0.318750 0.664062 0.317188 0.664062 0.310937 0.665625 0.309375 0.665625 0.295312 0.667188 0.293750 0.667188 0.278125 0.668750 0.276562 0.668750 0.268750 0.670312 0.267188 0.670312 0.259375 0.671875 0.257812 0.671875 0.242188 0.670312 0.240625 0.670312 0.232813 0.668750 0.231250 0.668750 0.228125 0.667188 0.226562 0.667188 0.223438 0.665625 0.221875 0.665625 0.220312 0.664062 0.218750 0.664062 0.215625 0.665625 0.214062 0.665625 0.193750 0.664062 0.192188 0.664062 0.185938 0.662500 0.184375 0.662500 0.181250 0.660937 0.179688 0.660937 0.178125 0.659375 0.176563 0.659375 0.175000 0.657813 0.173437 0.657813 0.171875 0.654687 0.168750 0.654687 0.167187 0.643750 0.156250 0.642188 0.156250 0.639062 0.153125 0.637500 0.153125 0.635938 0.151562 0.634375 0.151562 0.632812 0.150000 0.631250 0.150000 0.629687 0.148438 0.626563 0.148438 0.625000 0.146875 0.621875 0.146875 0.620313 0.145313 0.607812 0.145313 0.606250 0.143750 0.584375 0.143750 0.582812 0.145313 0.556250 0.145313 0.554688 0.143750
