8 0.716667 0.715625 0.675000 0.715625 0.675000 0.720313 0.654687 0.737500 0.643750 0.753125 0.634375 0.757812 0.634375 0.815625 0.639062 0.815625 0.653125 0.835938 0.681250 0.862500 0.721875 0.887500 0.725000 0.895312 0.776563 0.895312 0.776563 0.890625 0.801562 0.868750 0.814063 0.842187 0.820312 0.840625 0.820312 0.812500 0.814063 0.810937 0.806250 0.795312 0.764062 0.743750 0.748437 0.731250 0.728125 0.723437 0.725000 0.715625
2 0.565208 0.046875 0.450000 0.046875 0.443750 0.057813 0.421875 0.071875 0.421875 0.267188 0.445312 0.287500 0.471875 0.295312 0.473438 0.301563 0.526563 0.301563 0.528125 0.295312 0.585938 0.276562 0.603125 0.257812 0.604688 0.087500 0.598437 0.070312 0.576562 0.054688 0.573438 0.046875
4 0.770192 0.265625 0.675000 0.265625 0.671875 0.273438 0.615625 0.296875 0.596875 0.323437 0.590625 0.325000 0.590625 0.637500 0.596875 0.639062 0.615625 0.665625 0.643750 0.678125 0.710938 0.692187 0.784375 0.693750 0.818750 0.684375 0.835938 0.670312 0.840625 0.659375 0.851562 0.565625 0.850000 0.489063 0.851562 0.482812 0.857812 0.481250 0.857812 0.446875 0.850000 0.443750 0.846875 0.431250 0.834375 0.317188 0.812500 0.289062 0.779687 0.271875 0.778125 0.265625
6 0.257812 0.040625 0.246875 0.040625 0.225000 0.071875 0.190625 0.064062 0.171875 0.075000 0.171875 0.125000 0.179688 0.128125 0.184375 0.142187 0.182812 0.154688 0.171875 0.160938 0.171875 0.203125 0.178125 0.204687 0.184375 0.218750 0.184375 0.253125 0.181250 0.265625 0.171875 0.270313 0.171875 0.292187 0.193750 0.300000 0.221875 0.301563 0.298438 0.281250 0.364063 0.276562 0.390625 0.257812 0.401562 0.220312 0.407813 0.218750 0.407813 0.162500 0.401562 0.160938 0.400000 0.101562 0.381250 0.062500 0.362500 0.048438 0.359375 0.040625 0.325000 0.040625 0.320312 0.048438 0.296875 0.051562 0.270313 0.046875 0.268750 0.040625
0 0.406153 0.296875 0.287500 0.296875 0.285938 0.303125 0.231250 0.315625 0.206250 0.326562 0.178125 0.345313 0.162500 0.367188 0.153125 0.371875 0.153125 0.589063 0.157812 0.589063 0.179688 0.614062 0.209375 0.632812 0.262500 0.653125 0.339062 0.662500 0.345313 0.670312 0.364063 0.670312 0.368750 0.662500 0.428125 0.654687 0.457813 0.645312 0.528125 0.643750 0.545312 0.639062 0.570312 0.618750 0.578125 0.603125 0.582812 0.603125 0.582812 0.548438 0.576562 0.546875 0.575000 0.531250 0.576562 0.381250 0.568750 0.343750 0.540625 0.317188 0.475000 0.314063 0.418750 0.304688 0.414062 0.296875
1 0.218438 0.653125 0.185938 0.653125 0.171875 0.671875 0.165625 0.671875 0.165625 0.871875 0.173437 0.875000 0.193750 0.903125 0.232813 0.918750 0.235937 0.926562 0.364063 0.926562 0.364063 0.921875 0.389062 0.901563 0.395313 0.882812 0.401562 0.881250 0.401562 0.714063 0.396875 0.714063 0.379688 0.692187 0.362500 0.682813 0.267188 0.673438 0.229687 0.660937 0.226562 0.653125
0 0.576475 0.040625 0.442188 0.040625 0.426439 0.056591 0.417945 0.072308 0.417520 0.248164 0.421875 0.265625 0.445312 0.290625 0.490625 0.300000 0.540625 0.296875 0.584375 0.281250 0.601562 0.265625 0.607812 0.251563 0.614062 0.250000 0.614062 0.076563 0.606250 0.073438 0.584375 0.040625
5 0.487284 0.315625 0.262500 0.315625 0.259375 0.323437 0.215625 0.331250 0.215625 0.367188 0.257812 0.375000 0.315625 0.429688 0.545312 0.537500 0.550000 0.545312 0.557813 0.545312 0.557813 0.345313 0.546875 0.339062 0.518750 0.335938 0.496875 0.321875 0.495312 0.315625
0 0.796787 0.265625 0.662500 0.265625 0.659375 0.273438 0.614062 0.290625 0.595313 0.312500 0.590625 0.312500 0.590625 0.643750 0.595313 0.643750 0.618750 0.670312 0.639062 0.681250 0.718750 0.695312 0.720313 0.701562 0.803125 0.701562 0.804688 0.695312 0.832812 0.682813 0.845313 0.668750 0.851562 0.650000 0.857812 0.648438 0.857812 0.451562 0.851562 0.450000 0.846875 0.331250 0.835938 0.298438 0.804688 0.270313 0.804688 0.265625
0 0.697813 0.709375 0.664062 0.709375 0.664062 0.714063 0.640625 0.734375 0.634375 0.734375 0.634375 0.906250 0.639062 0.906250 0.654687 0.926562 0.676562 0.937500 0.679688 0.945312 0.767188 0.945312 0.768750 0.939063 0.801562 0.928125 0.820312 0.915625 0.835938 0.900000 0.851562 0.873437 0.857812 0.845313 0.864062 0.843750 0.864062 0.801562 0.857812 0.800000 0.853125 0.753125 0.845313 0.737500 0.815625 0.717187 0.812500 0.709375 0.784375 0.709375 0.784375 0.714063 0.776563 0.717187 0.737500 0.720313 0.707812 0.715625 0.706250 0.709375
0 0.219792 0.653125 0.178125 0.653125 0.154688 0.684375 0.146875 0.685937 0.146875 0.864062 0.154688 0.867188 0.160938 0.884375 0.187500 0.918750 0.207813 0.931250 0.265625 0.931250 0.276562 0.932813 0.278125 0.939063 0.353125 0.939063 0.354687 0.932813 0.375000 0.925000 0.396875 0.895312 0.401562 0.831250 0.407813 0.829688 0.407813 0.728125 0.401562 0.726562 0.387500 0.698438 0.368750 0.684375 0.267188 0.671875 0.231250 0.660937 0.228125 0.653125
0 0.373225 0.040625 0.237028 0.036627 0.202203 0.053194 0.173437 0.076563 0.165625 0.093750 0.160159 0.109688 0.159375 0.285938 0.187500 0.304688 0.209375 0.307812 0.260937 0.293750 0.357812 0.282813 0.390625 0.264062 0.400000 0.246875 0.407813 0.243750 0.407813 0.081250 0.399684 0.067211 0.379723 0.045972
5 0.229687 0.446875 0.210938 0.446875 0.192188 0.556250 0.189062 0.564063 0.178125 0.570312 0.178125 0.601562 0.235937 0.628125 0.295312 0.642188 0.381250 0.640625 0.501563 0.629687 0.551562 0.617188 0.551562 0.590625 0.539062 0.590625 0.523438 0.582812 0.295312 0.459375 0.245312 0.454688 0.239063 0.446875
0 0.770117 0.040625 0.650000 0.040625 0.638542 0.056770 0.628125 0.062500 0.628125 0.226562 0.654687 0.243750 0.657813 0.251563 0.701562 0.251563 0.701562 0.246875 0.709375 0.243750 0.753125 0.243750 0.767188 0.245312 0.768750 0.251563 0.812500 0.251563 0.837500 0.220312 0.845313 0.192188 0.851562 0.190625 0.851562 0.146875 0.845313 0.145313 0.839063 0.110937 0.826562 0.082812 0.800000 0.057813 0.781250 0.048438 0.778125 0.040625
0 0.534062 0.659375 0.460938 0.659375 0.460938 0.664062 0.445312 0.671875 0.421875 0.703125 0.415625 0.704688 0.415625 0.904687 0.450000 0.932813 0.476562 0.937500 0.534375 0.937500 0.548438 0.939063 0.550000 0.945312 0.568750 0.945312 0.570312 0.939063 0.595313 0.926562 0.606250 0.915625 0.614062 0.895312 0.620313 0.893750 0.620313 0.750000 0.614062 0.748437 0.612500 0.720313 0.601562 0.695312 0.582812 0.679688 0.543750 0.665625 0.542188 0.659375
7 0.752812 0.046875 0.720313 0.046875 0.717187 0.054688 0.689063 0.068750 0.676562 0.085938 0.670312 0.089063 0.645312 0.085938 0.628125 0.098437 0.628125 0.221875 0.653125 0.240625 0.667188 0.245312 0.798438 0.240625 0.826562 0.184375 0.832812 0.182812 0.832812 0.145313 0.828125 0.145313 0.812500 0.126562 0.810937 0.101562 0.804688 0.089063 0.787500 0.070312 0.765625 0.056250 0.760938 0.046875
2 0.420312 0.714063 0.418750 0.892188 0.428125 0.920312 0.445312 0.928125 0.582812 0.928125 0.593750 0.923438 0.610938 0.892188 0.609375 0.709375 0.603125 0.695312 0.590625 0.682813 0.553125 0.667188 0.498437 0.660937 0.445312 0.670312 0.432812 0.681250
