8 0.682813 0.806250 0.679688 0.839063 0.696875 0.856250 0.732812 0.860938 0.756250 0.839063 0.757812 0.804688 0.735938 0.782813 0.720313 0.778125 0.703125 0.781250
4 0.612500 0.415625 0.606250 0.528125 0.607812 0.668750 0.618750 0.698438 0.639062 0.715625 0.687500 0.728125 0.696875 0.725000 0.704688 0.732812 0.714063 0.726562 0.754687 0.728125 0.798438 0.712500 0.815625 0.646875 0.831250 0.493750 0.831250 0.451562 0.821875 0.414062 0.823438 0.376563 0.814063 0.367188 0.725000 0.353125 0.648438 0.368750 0.626563 0.382812
2 0.453125 0.776563 0.451562 0.870313 0.462500 0.920312 0.479687 0.926562 0.492188 0.921875 0.570312 0.926562 0.604688 0.906250 0.615625 0.878125 0.610938 0.864062 0.623437 0.804688 0.614062 0.776563 0.614062 0.743750 0.601562 0.725000 0.550000 0.712500 0.485938 0.717187 0.459375 0.737500
1 0.215625 0.731250 0.209375 0.742188 0.209375 0.856250 0.231250 0.921875 0.250000 0.926562 0.323437 0.923438 0.371875 0.931250 0.428125 0.914062 0.432812 0.867188 0.429688 0.767188 0.417187 0.742188 0.390625 0.731250 0.321875 0.729688 0.262500 0.714063 0.235937 0.715625
2 0.451562 0.164062 0.451562 0.310937 0.460938 0.353125 0.473438 0.367188 0.504687 0.375000 0.554688 0.373437 0.606250 0.356250 0.621875 0.329688 0.620313 0.156250 0.604688 0.139063 0.578125 0.129688 0.525000 0.121875 0.501563 0.126562 0.493750 0.120313 0.476562 0.126562 0.459375 0.142187
6 0.193750 0.204687 0.196875 0.215625 0.179688 0.248438 0.171875 0.251563 0.171875 0.267188 0.190625 0.279687 0.198437 0.325000 0.210938 0.331250 0.243750 0.375000 0.260937 0.376563 0.350000 0.354687 0.400000 0.350000 0.421875 0.331250 0.429688 0.306250 0.421875 0.184375 0.403125 0.148438 0.379688 0.126562 0.354687 0.118750 0.339062 0.129688 0.292187 0.135937 0.257812 0.132812 0.231250 0.165625 0.204687 0.185938
7 0.650000 0.232813 0.646875 0.292187 0.650000 0.301563 0.668750 0.315625 0.695312 0.326562 0.728125 0.318750 0.771875 0.331250 0.806250 0.317188 0.812500 0.285938 0.800000 0.275000 0.781250 0.240625 0.775000 0.187500 0.760938 0.167187 0.728125 0.159375 0.703125 0.173437 0.687500 0.192188 0.668750 0.198437 0.665625 0.212500
5 0.223438 0.528125 0.223438 0.539062 0.265625 0.571875 0.267188 0.581250 0.373437 0.643750 0.465625 0.643750 0.520312 0.632812 0.564063 0.612500 0.575000 0.598437 0.575000 0.587500 0.553125 0.550000 0.529687 0.529687 0.468750 0.445312 0.421875 0.400000 0.271875 0.496875 0.268750 0.504687 0.250000 0.507812
5 0.471875 0.440625 0.471875 0.450000 0.493750 0.482812 0.567187 0.578125 0.575000 0.535937 0.573438 0.417187 0.525000 0.420312
5 0.570312 0.604688 0.514062 0.635938 0.564063 0.637500 0.573438 0.620313
5 0.226562 0.434375 0.221875 0.453125 0.226562 0.512500 0.231250 0.517188 0.354687 0.442188 0.407813 0.400000 0.332813 0.409375
5 0.235937 0.584375 0.229687 0.621875 0.235937 0.648438 0.245312 0.657813 0.307812 0.664062 0.350000 0.635938 0.248438 0.584375
0 0.776563 0.745313 0.775000 0.746875 0.767188 0.746875 0.765625 0.748437 0.748437 0.748437 0.746875 0.750000 0.709375 0.750000 0.707812 0.748437 0.693750 0.748437 0.692187 0.746875 0.678125 0.746875 0.676562 0.748437 0.670312 0.748437 0.668750 0.750000 0.667188 0.750000 0.665625 0.751563 0.662500 0.751563 0.659375 0.754687 0.657813 0.754687 0.653125 0.759375 0.653125 0.760938 0.650000 0.764062 0.650000 0.765625 0.646875 0.768750 0.646875 0.770312 0.643750 0.773438 0.643750 0.776563 0.642188 0.778125 0.642188 0.781250 0.640625 0.782813 0.640625 0.795312 0.639062 0.796875 0.639062 0.826562 0.637500 0.828125 0.637500 0.910937 0.639062 0.912500 0.639062 0.914062 0.643750 0.918750 0.645312 0.918750 0.651563 0.925000 0.653125 0.925000 0.654687 0.926562 0.656250 0.926562 0.657813 0.928125 0.660937 0.928125 0.662500 0.929688 0.668750 0.929688 0.670312 0.931250 0.728125 0.931250 0.729688 0.929688 0.739062 0.929688 0.740625 0.928125 0.751563 0.928125 0.753125 0.926562 0.756250 0.926562 0.757812 0.925000 0.759375 0.925000 0.760938 0.923438 0.762500 0.923438 0.764062 0.921875 0.765625 0.921875 0.768750 0.918750 0.770312 0.918750 0.770312 0.917188 0.771875 0.915625 0.775000 0.915625 0.776563 0.914062 0.779687 0.914062 0.781250 0.912500 0.782813 0.912500 0.787500 0.907813 0.787500 0.906250 0.790625 0.903125 0.792188 0.903125 0.800000 0.895312 0.800000 0.893750 0.806250 0.887500 0.806250 0.885938 0.807813 0.884375 0.807813 0.882812 0.809375 0.881250 0.809375 0.878125 0.810937 0.876563 0.810937 0.875000 0.812500 0.873437 0.812500 0.871875 0.814063 0.870313 0.814063 0.868750 0.815625 0.867188 0.815625 0.860938 0.817187 0.859375 0.817187 0.853125 0.818750 0.851562 0.818750 0.840625 0.820312 0.839063 0.820312 0.817187 0.821875 0.815625 0.821875 0.804688 0.823438 0.803125 0.823438 0.798438 0.821875 0.796875 0.821875 0.779687 0.820312 0.778125 0.820312 0.775000 0.818750 0.773438 0.818750 0.771875 0.817187 0.770312 0.817187 0.768750 0.815625 0.767188 0.815625 0.765625 0.814063 0.764062 0.814063 0.762500 0.804688 0.753125 0.803125 0.753125 0.800000 0.750000 0.796875 0.750000 0.795312 0.748437 0.792188 0.748437 0.790625 0.746875 0.787500 0.746875 0.785937 0.745313
0 0.270313 0.103125 0.268750 0.104688 0.260937 0.104688 0.259375 0.106250 0.254688 0.106250 0.253125 0.107813 0.250000 0.107813 0.248438 0.109375 0.246875 0.109375 0.245312 0.110937 0.243750 0.110937 0.242188 0.112500 0.237500 0.112500 0.235937 0.114062 0.232813 0.114062 0.231250 0.115625 0.229687 0.115625 0.226562 0.118750 0.225000 0.118750 0.217188 0.126562 0.217188 0.128125 0.214062 0.131250 0.214062 0.132812 0.212500 0.134375 0.212500 0.135937 0.206250 0.142187 0.206250 0.143750 0.204687 0.145313 0.204687 0.146875 0.203125 0.148438 0.203125 0.150000 0.200000 0.153125 0.200000 0.154688 0.196875 0.157812 0.196875 0.159375 0.195312 0.160938 0.195312 0.162500 0.193750 0.164062 0.193750 0.165625 0.192188 0.167187 0.192188 0.170313 0.190625 0.171875 0.190625 0.215625 0.189062 0.217188 0.189062 0.250000 0.190625 0.251563 0.190625 0.278125 0.192188 0.279687 0.190625 0.281250 0.190625 0.284375 0.189062 0.285938 0.189062 0.312500 0.190625 0.314063 0.190625 0.331250 0.192188 0.332813 0.192188 0.342187 0.193750 0.343750 0.193750 0.346875 0.195312 0.348438 0.195312 0.351562 0.196875 0.353125 0.196875 0.354687 0.198437 0.356250 0.198437 0.357812 0.200000 0.359375 0.200000 0.360938 0.204687 0.365625 0.204687 0.367188 0.209375 0.371875 0.210938 0.371875 0.214062 0.375000 0.215625 0.375000 0.217188 0.376563 0.218750 0.376563 0.220312 0.378125 0.221875 0.378125 0.223438 0.379688 0.226562 0.379688 0.228125 0.381250 0.235937 0.381250 0.237500 0.382812 0.250000 0.382812 0.251563 0.381250 0.267188 0.381250 0.268750 0.379688 0.273438 0.379688 0.275000 0.378125 0.276562 0.378125 0.278125 0.376563 0.285938 0.376563 0.287500 0.375000 0.293750 0.375000 0.295312 0.373437 0.298438 0.373437 0.300000 0.371875 0.301563 0.371875 0.303125 0.370312 0.306250 0.370312 0.307812 0.368750 0.320312 0.368750 0.321875 0.367188 0.326562 0.367188 0.328125 0.365625 0.356250 0.365625 0.357812 0.364063 0.382812 0.364063 0.384375 0.362500 0.392188 0.362500 0.393750 0.360938 0.398438 0.360938 0.400000 0.359375 0.403125 0.359375 0.404687 0.357812 0.406250 0.357812 0.407813 0.356250 0.409375 0.356250 0.410938 0.354687 0.412500 0.354687 0.414062 0.353125 0.415625 0.353125 0.417187 0.351562 0.418750 0.351562 0.426563 0.343750 0.426563 0.342187 0.429688 0.339062 0.429688 0.337500 0.431250 0.335938 0.431250 0.334375 0.432812 0.332813 0.432812 0.328125 0.434375 0.326562 0.434375 0.320312 0.435937 0.318750 0.435937 0.304688 0.437500 0.303125 0.437500 0.281250 0.435937 0.279687 0.435937 0.256250 0.434375 0.254688 0.434375 0.245312 0.432812 0.243750 0.432812 0.237500 0.434375 0.235937 0.434375 0.221875 0.435937 0.220312 0.435937 0.160938 0.434375 0.159375 0.434375 0.153125 0.432812 0.151562 0.432812 0.148438 0.431250 0.146875 0.431250 0.145313 0.428125 0.142187 0.428125 0.140625 0.426563 0.139063 0.426563 0.137500 0.425000 0.135937 0.425000 0.132812 0.421875 0.129688 0.421875 0.128125 0.410938 0.117188 0.409375 0.117188 0.407813 0.115625 0.406250 0.115625 0.404687 0.114062 0.401562 0.114062 0.400000 0.112500 0.395313 0.112500 0.393750 0.110937 0.385937 0.110937 0.384375 0.109375 0.379688 0.109375 0.378125 0.107813 0.356250 0.107813 0.354687 0.106250 0.343750 0.106250 0.342187 0.104688 0.300000 0.104688 0.298438 0.103125
0 0.487500 0.118750 0.485938 0.120313 0.482812 0.120313 0.481250 0.121875 0.479687 0.121875 0.478125 0.123438 0.476562 0.123438 0.473438 0.126562 0.471875 0.126562 0.460938 0.137500 0.460938 0.139063 0.457813 0.142187 0.457813 0.145313 0.456250 0.146875 0.456250 0.150000 0.454688 0.151562 0.454688 0.159375 0.453125 0.160938 0.453125 0.175000 0.451562 0.176563 0.451562 0.254688 0.450000 0.256250 0.450000 0.298438 0.451562 0.300000 0.451562 0.306250 0.450000 0.307812 0.450000 0.335938 0.451562 0.337500 0.451562 0.340625 0.453125 0.342187 0.453125 0.343750 0.454688 0.345313 0.454688 0.346875 0.456250 0.348438 0.456250 0.350000 0.468750 0.362500 0.470313 0.362500 0.475000 0.367188 0.476562 0.367188 0.478125 0.368750 0.479687 0.368750 0.481250 0.370312 0.482812 0.370312 0.484375 0.371875 0.487500 0.371875 0.489063 0.373437 0.495312 0.373437 0.496875 0.375000 0.512500 0.375000 0.514062 0.376563 0.546875 0.376563 0.548438 0.375000 0.565625 0.375000 0.567187 0.373437 0.575000 0.373437 0.576562 0.371875 0.579688 0.371875 0.581250 0.370312 0.582812 0.370312 0.584375 0.368750 0.585938 0.368750 0.587500 0.367188 0.589063 0.367188 0.590625 0.365625 0.595313 0.365625 0.596875 0.364063 0.601562 0.364063 0.603125 0.362500 0.604688 0.362500 0.606250 0.360938 0.607812 0.360938 0.609375 0.359375 0.610938 0.359375 0.621875 0.348438 0.621875 0.346875 0.625000 0.343750 0.625000 0.340625 0.626563 0.339062 0.626563 0.335938 0.628125 0.334375 0.628125 0.332813 0.629687 0.331250 0.629687 0.326562 0.631250 0.325000 0.631250 0.314063 0.632812 0.312500 0.632812 0.301563 0.634375 0.300000 0.634375 0.170313 0.632812 0.168750 0.632812 0.162500 0.631250 0.160938 0.631250 0.157812 0.629687 0.156250 0.629687 0.154688 0.628125 0.153125 0.628125 0.151562 0.625000 0.148438 0.625000 0.146875 0.623437 0.145313 0.623437 0.143750 0.618750 0.139063 0.618750 0.137500 0.617188 0.137500 0.612500 0.132812 0.610938 0.132812 0.609375 0.131250 0.607812 0.131250 0.606250 0.129688 0.604688 0.129688 0.603125 0.128125 0.598437 0.128125 0.596875 0.126562 0.593750 0.126562 0.592187 0.125000 0.584375 0.125000 0.582812 0.123438 0.557813 0.123438 0.556250 0.121875 0.531250 0.121875 0.529687 0.120313 0.523438 0.120313 0.521875 0.118750
0 0.682813 0.129688 0.681250 0.131250 0.676562 0.131250 0.675000 0.132812 0.673438 0.132812 0.671875 0.134375 0.670312 0.134375 0.668750 0.135937 0.667188 0.135937 0.662500 0.140625 0.660937 0.140625 0.660937 0.142187 0.656250 0.146875 0.656250 0.148438 0.654687 0.150000 0.654687 0.151562 0.653125 0.153125 0.653125 0.154688 0.651563 0.156250 0.651563 0.160938 0.650000 0.162500 0.650000 0.165625 0.648438 0.167187 0.648438 0.184375 0.646875 0.185938 0.646875 0.203125 0.645312 0.204687 0.645312 0.226562 0.646875 0.228125 0.646875 0.240625 0.648438 0.242188 0.648438 0.245312 0.646875 0.246875 0.646875 0.254688 0.648438 0.256250 0.648438 0.306250 0.650000 0.307812 0.650000 0.310937 0.651563 0.312500 0.651563 0.314063 0.653125 0.315625 0.653125 0.317188 0.657813 0.321875 0.657813 0.323437 0.659375 0.325000 0.660937 0.325000 0.665625 0.329688 0.667188 0.329688 0.668750 0.331250 0.670312 0.331250 0.671875 0.332813 0.675000 0.332813 0.676562 0.334375 0.700000 0.334375 0.701562 0.332813 0.731250 0.332813 0.732812 0.331250 0.745313 0.331250 0.746875 0.332813 0.753125 0.332813 0.754687 0.334375 0.768750 0.334375 0.770312 0.335938 0.801562 0.335938 0.803125 0.334375 0.807813 0.334375 0.809375 0.332813 0.810937 0.332813 0.812500 0.331250 0.814063 0.331250 0.815625 0.329688 0.817187 0.329688 0.828125 0.318750 0.828125 0.317188 0.831250 0.314063 0.831250 0.312500 0.832812 0.310937 0.832812 0.309375 0.834375 0.307812 0.834375 0.306250 0.835938 0.304688 0.835938 0.298438 0.837500 0.296875 0.837500 0.268750 0.839063 0.267188 0.839063 0.215625 0.837500 0.214062 0.837500 0.209375 0.835938 0.207813 0.835938 0.203125 0.834375 0.201563 0.834375 0.198437 0.832812 0.196875 0.832812 0.190625 0.831250 0.189062 0.831250 0.185938 0.829688 0.184375 0.829688 0.182812 0.828125 0.181250 0.828125 0.179688 0.826562 0.178125 0.826562 0.176563 0.823438 0.173437 0.823438 0.171875 0.821875 0.170313 0.821875 0.168750 0.818750 0.165625 0.818750 0.164062 0.807813 0.153125 0.806250 0.153125 0.803125 0.150000 0.801562 0.150000 0.800000 0.148438 0.798438 0.148438 0.796875 0.146875 0.795312 0.146875 0.793750 0.145313 0.792188 0.145313 0.790625 0.143750 0.789062 0.143750 0.787500 0.142187 0.784375 0.142187 0.782813 0.140625 0.778125 0.140625 0.776563 0.139063 0.771875 0.139063 0.770312 0.137500 0.765625 0.137500 0.764062 0.135937 0.754687 0.135937 0.753125 0.134375 0.750000 0.134375 0.748437 0.132812 0.737500 0.132812 0.735938 0.131250 0.728125 0.131250 0.726562 0.129688 0.715625 0.129688 0.714063 0.131250 0.707812 0.131250 0.706250 0.129688
0 0.732812 0.346875 0.731250 0.348438 0.704688 0.348438 0.703125 0.350000 0.692187 0.350000 0.690625 0.351562 0.685937 0.351562 0.684375 0.353125 0.679688 0.353125 0.678125 0.354687 0.676562 0.354687 0.675000 0.356250 0.673438 0.356250 0.671875 0.357812 0.664062 0.357812 0.662500 0.359375 0.656250 0.359375 0.654687 0.360938 0.650000 0.360938 0.648438 0.362500 0.645312 0.362500 0.643750 0.364063 0.642188 0.364063 0.640625 0.365625 0.639062 0.365625 0.637500 0.367188 0.635938 0.367188 0.623437 0.379688 0.623437 0.381250 0.620313 0.384375 0.620313 0.385937 0.618750 0.387500 0.618750 0.389062 0.617188 0.390625 0.617188 0.392188 0.615625 0.393750 0.615625 0.395313 0.614062 0.396875 0.614062 0.398438 0.612500 0.400000 0.612500 0.404687 0.610938 0.406250 0.610938 0.425000 0.609375 0.426563 0.609375 0.450000 0.607812 0.451562 0.607812 0.492188 0.609375 0.493750 0.609375 0.503125 0.607812 0.504687 0.607812 0.509375 0.606250 0.510938 0.606250 0.526563 0.604688 0.528125 0.604688 0.550000 0.606250 0.551562 0.606250 0.576562 0.607812 0.578125 0.607812 0.603125 0.606250 0.604688 0.606250 0.632812 0.607812 0.634375 0.607812 0.656250 0.606250 0.657813 0.606250 0.679688 0.607812 0.681250 0.607812 0.685937 0.609375 0.687500 0.609375 0.690625 0.610938 0.692187 0.610938 0.693750 0.612500 0.695312 0.612500 0.696875 0.614062 0.698438 0.614062 0.700000 0.615625 0.701562 0.615625 0.703125 0.628125 0.715625 0.629687 0.715625 0.631250 0.717187 0.632812 0.717187 0.634375 0.718750 0.635938 0.718750 0.637500 0.720313 0.639062 0.720313 0.640625 0.721875 0.643750 0.721875 0.645312 0.723437 0.646875 0.723437 0.648438 0.725000 0.650000 0.725000 0.651563 0.726562 0.654687 0.726562 0.656250 0.728125 0.660937 0.728125 0.662500 0.729688 0.670312 0.729688 0.671875 0.731250 0.673438 0.731250 0.675000 0.732812 0.678125 0.732812 0.679688 0.734375 0.689063 0.734375 0.690625 0.735938 0.715625 0.735938 0.717187 0.737500 0.745313 0.737500 0.746875 0.735938 0.773438 0.735938 0.775000 0.734375 0.779687 0.734375 0.781250 0.732812 0.782813 0.732812 0.784375 0.731250 0.789062 0.731250 0.790625 0.729688 0.793750 0.729688 0.795312 0.728125 0.798438 0.728125 0.800000 0.726562 0.801562 0.726562 0.804688 0.723437 0.806250 0.723437 0.809375 0.720313 0.810937 0.720313 0.815625 0.715625 0.815625 0.714063 0.818750 0.710938 0.818750 0.709375 0.821875 0.706250 0.821875 0.703125 0.823438 0.701562 0.823438 0.698438 0.825000 0.696875 0.825000 0.689063 0.826562 0.687500 0.826562 0.668750 0.828125 0.667188 0.828125 0.656250 0.829688 0.654687 0.829688 0.618750 0.828125 0.617188 0.828125 0.606250 0.826562 0.604688 0.826562 0.601562 0.828125 0.600000 0.828125 0.593750 0.829688 0.592187 0.829688 0.578125 0.831250 0.576562 0.831250 0.531250 0.832812 0.529687 0.832812 0.504687 0.834375 0.503125 0.834375 0.489063 0.835938 0.487500 0.835938 0.437500 0.837500 0.435937 0.837500 0.409375 0.835938 0.407813 0.835938 0.387500 0.834375 0.385937 0.834375 0.381250 0.832812 0.379688 0.832812 0.378125 0.831250 0.376563 0.831250 0.375000 0.829688 0.373437 0.829688 0.371875 0.826562 0.368750 0.826562 0.367188 0.818750 0.359375 0.817187 0.359375 0.814063 0.356250 0.812500 0.356250 0.810937 0.354687 0.809375 0.354687 0.807813 0.353125 0.806250 0.353125 0.804688 0.351562 0.800000 0.351562 0.798438 0.350000 0.789062 0.350000 0.787500 0.348438 0.782813 0.348438 0.781250 0.346875
0 0.382812 0.371875 0.381250 0.373437 0.353125 0.373437 0.351562 0.375000 0.342187 0.375000 0.340625 0.376563 0.328125 0.376563 0.326562 0.378125 0.321875 0.378125 0.320312 0.379688 0.309375 0.379688 0.307812 0.381250 0.298438 0.381250 0.296875 0.382812 0.295312 0.382812 0.293750 0.384375 0.292187 0.384375 0.290625 0.385937 0.285938 0.385937 0.284375 0.387500 0.282813 0.387500 0.281250 0.389062 0.271875 0.389062 0.270313 0.390625 0.265625 0.390625 0.264062 0.392188 0.260937 0.392188 0.259375 0.393750 0.253125 0.393750 0.251563 0.395313 0.248438 0.395313 0.246875 0.396875 0.245312 0.396875 0.243750 0.398438 0.242188 0.398438 0.239063 0.401562 0.237500 0.401562 0.235937 0.403125 0.234375 0.403125 0.232813 0.404687 0.231250 0.404687 0.225000 0.410938 0.223438 0.410938 0.209375 0.425000 0.209375 0.426563 0.204687 0.431250 0.204687 0.432812 0.203125 0.434375 0.203125 0.435937 0.200000 0.439063 0.200000 0.440625 0.198437 0.442188 0.198437 0.443750 0.196875 0.445312 0.196875 0.446875 0.195312 0.448437 0.195312 0.451562 0.193750 0.453125 0.193750 0.460938 0.192188 0.462500 0.192188 0.495312 0.193750 0.496875 0.193750 0.593750 0.195312 0.595313 0.195312 0.637500 0.196875 0.639062 0.196875 0.646875 0.198437 0.648438 0.198437 0.651563 0.200000 0.653125 0.200000 0.656250 0.201563 0.657813 0.201563 0.659375 0.203125 0.660937 0.203125 0.662500 0.223438 0.682813 0.225000 0.682813 0.226562 0.684375 0.228125 0.684375 0.229687 0.685937 0.231250 0.685937 0.232813 0.687500 0.234375 0.687500 0.235937 0.689063 0.237500 0.689063 0.239063 0.690625 0.240625 0.690625 0.242188 0.692187 0.243750 0.692187 0.245312 0.693750 0.250000 0.693750 0.251563 0.695312 0.253125 0.695312 0.254688 0.696875 0.257812 0.696875 0.259375 0.698438 0.260937 0.698438 0.262500 0.700000 0.265625 0.700000 0.267188 0.701562 0.270313 0.701562 0.271875 0.703125 0.275000 0.703125 0.276562 0.704688 0.281250 0.704688 0.282813 0.706250 0.290625 0.706250 0.292187 0.707812 0.295312 0.707812 0.296875 0.709375 0.300000 0.709375 0.301563 0.710938 0.306250 0.710938 0.307812 0.712500 0.314063 0.712500 0.315625 0.714063 0.326562 0.714063 0.328125 0.715625 0.331250 0.715625 0.332813 0.717187 0.339062 0.717187 0.340625 0.718750 0.418750 0.718750 0.420312 0.717187 0.429688 0.717187 0.431250 0.715625 0.442188 0.715625 0.443750 0.714063 0.451562 0.714063 0.453125 0.712500 0.456250 0.712500 0.457813 0.710938 0.460938 0.710938 0.462500 0.709375 0.464062 0.709375 0.465625 0.707812 0.473438 0.707812 0.475000 0.706250 0.490625 0.706250 0.492188 0.704688 0.498437 0.704688 0.500000 0.703125 0.504687 0.703125 0.506250 0.701562 0.521875 0.701562 0.523438 0.700000 0.531250 0.700000 0.532813 0.698438 0.543750 0.698438 0.545312 0.696875 0.554688 0.696875 0.556250 0.695312 0.564063 0.695312 0.565625 0.693750 0.568750 0.693750 0.570312 0.692187 0.571875 0.692187 0.573438 0.690625 0.575000 0.690625 0.576562 0.689063 0.578125 0.689063 0.589063 0.678125 0.589063 0.676562 0.590625 0.675000 0.590625 0.673438 0.592187 0.671875 0.592187 0.670312 0.593750 0.668750 0.593750 0.665625 0.595313 0.664062 0.595313 0.578125 0.593750 0.576562 0.593750 0.573438 0.595313 0.571875 0.595313 0.450000 0.593750 0.448437 0.595313 0.446875 0.595313 0.440625 0.596875 0.439063 0.596875 0.428125 0.595313 0.426563 0.595313 0.421875 0.593750 0.420312 0.593750 0.418750 0.592187 0.417187 0.592187 0.415625 0.590625 0.414062 0.590625 0.412500 0.587500 0.409375 0.587500 0.407813 0.581250 0.401562 0.579688 0.401562 0.576562 0.398438 0.575000 0.398438 0.573438 0.396875 0.570312 0.396875 0.568750 0.395313 0.564063 0.395313 0.562500 0.393750 0.506250 0.393750 0.504687 0.392188 0.501563 0.392188 0.500000 0.390625 0.493750 0.390625 0.492188 0.389062 0.484375 0.389062 0.482812 0.387500 0.479687 0.387500 0.478125 0.385937 0.471875 0.385937 0.470313 0.384375 0.462500 0.384375 0.460938 0.382812 0.459375 0.382812 0.457813 0.381250 0.453125 0.381250 0.451562 0.379688 0.443750 0.379688 0.442188 0.378125 0.442188 0.376563 0.440625 0.375000 0.418750 0.375000 0.417187 0.373437 0.409375 0.373437 0.407813 0.371875
0 0.240625 0.714063 0.239063 0.715625 0.234375 0.715625 0.232813 0.717187 0.231250 0.717187 0.229687 0.718750 0.226562 0.718750 0.225000 0.720313 0.223438 0.720313 0.221875 0.721875 0.220312 0.721875 0.215625 0.726562 0.214062 0.726562 0.204687 0.735938 0.204687 0.737500 0.203125 0.739062 0.203125 0.740625 0.201563 0.742188 0.201563 0.743750 0.200000 0.745313 0.200000 0.753125 0.198437 0.754687 0.198437 0.773438 0.200000 0.775000 0.200000 0.792188 0.201563 0.793750 0.201563 0.800000 0.200000 0.801562 0.200000 0.821875 0.201563 0.823438 0.201563 0.867188 0.203125 0.868750 0.203125 0.881250 0.204687 0.882812 0.204687 0.893750 0.206250 0.895312 0.206250 0.900000 0.207813 0.901563 0.207813 0.903125 0.209375 0.904687 0.209375 0.906250 0.210938 0.907813 0.210938 0.909375 0.212500 0.910937 0.212500 0.912500 0.215625 0.915625 0.215625 0.918750 0.218750 0.921875 0.218750 0.923438 0.223438 0.928125 0.223438 0.929688 0.226562 0.932813 0.228125 0.932813 0.231250 0.935937 0.232813 0.935937 0.234375 0.937500 0.235937 0.937500 0.237500 0.939063 0.239063 0.939063 0.242188 0.942187 0.243750 0.942187 0.245312 0.943750 0.246875 0.943750 0.248438 0.945312 0.251563 0.945312 0.253125 0.946875 0.256250 0.946875 0.257812 0.948438 0.262500 0.948438 0.264062 0.950000 0.271875 0.950000 0.273438 0.951562 0.287500 0.951562 0.289062 0.953125 0.300000 0.953125 0.301563 0.954688 0.325000 0.954688 0.326562 0.956250 0.340625 0.956250 0.342187 0.957812 0.382812 0.957812 0.384375 0.956250 0.389062 0.956250 0.390625 0.954688 0.393750 0.954688 0.395313 0.953125 0.396875 0.953125 0.398438 0.951562 0.400000 0.951562 0.401562 0.950000 0.403125 0.950000 0.404687 0.948438 0.407813 0.948438 0.409375 0.946875 0.412500 0.946875 0.415625 0.943750 0.417187 0.943750 0.418750 0.942187 0.420312 0.942187 0.426563 0.935937 0.426563 0.934375 0.429688 0.931250 0.429688 0.929688 0.431250 0.928125 0.431250 0.926562 0.432812 0.925000 0.432812 0.923438 0.434375 0.921875 0.434375 0.918750 0.435937 0.917188 0.435937 0.885938 0.437500 0.884375 0.437500 0.873437 0.435937 0.871875 0.435937 0.862500 0.434375 0.860938 0.434375 0.843750 0.435937 0.842187 0.435937 0.771875 0.434375 0.770312 0.434375 0.767188 0.432812 0.765625 0.432812 0.764062 0.431250 0.762500 0.431250 0.760938 0.428125 0.757812 0.428125 0.756250 0.426563 0.754687 0.426563 0.753125 0.425000 0.751563 0.425000 0.750000 0.421875 0.746875 0.421875 0.745313 0.418750 0.742188 0.417187 0.742188 0.414062 0.739062 0.410938 0.739062 0.409375 0.737500 0.406250 0.737500 0.404687 0.735938 0.400000 0.735938 0.398438 0.734375 0.385937 0.734375 0.384375 0.735938 0.368750 0.735938 0.367188 0.734375 0.345313 0.734375 0.343750 0.732812 0.331250 0.732812 0.329688 0.731250 0.326562 0.731250 0.325000 0.729688 0.317188 0.729688 0.315625 0.728125 0.309375 0.728125 0.307812 0.726562 0.300000 0.726562 0.298438 0.725000 0.295312 0.725000 0.293750 0.723437 0.292187 0.723437 0.290625 0.721875 0.289062 0.721875 0.287500 0.720313 0.284375 0.720313 0.282813 0.718750 0.273438 0.718750 0.271875 0.717187 0.268750 0.717187 0.267188 0.715625 0.264062 0.715625 0.262500 0.714063
0 0.540625 0.710938 0.539062 0.712500 0.503125 0.712500 0.501563 0.714063 0.498437 0.714063 0.496875 0.715625 0.493750 0.715625 0.492188 0.717187 0.487500 0.717187 0.485938 0.718750 0.484375 0.718750 0.482812 0.720313 0.479687 0.720313 0.478125 0.721875 0.476562 0.721875 0.475000 0.723437 0.473438 0.723437 0.468750 0.728125 0.467187 0.728125 0.460938 0.734375 0.460938 0.735938 0.457813 0.739062 0.457813 0.740625 0.456250 0.742188 0.456250 0.743750 0.454688 0.745313 0.454688 0.748437 0.453125 0.750000 0.453125 0.751563 0.451562 0.753125 0.451562 0.826562 0.453125 0.828125 0.453125 0.829688 0.451562 0.831250 0.451562 0.857812 0.453125 0.859375 0.453125 0.868750 0.451562 0.870313 0.451562 0.907813 0.453125 0.909375 0.453125 0.918750 0.454688 0.920312 0.454688 0.921875 0.456250 0.923438 0.456250 0.925000 0.457813 0.926562 0.457813 0.928125 0.460938 0.931250 0.462500 0.931250 0.465625 0.934375 0.468750 0.934375 0.470313 0.935937 0.471875 0.935937 0.473438 0.937500 0.479687 0.937500 0.481250 0.939063 0.509375 0.939063 0.510938 0.937500 0.528125 0.937500 0.529687 0.939063 0.559375 0.939063 0.560937 0.937500 0.568750 0.937500 0.570312 0.939063 0.582812 0.939063 0.584375 0.937500 0.589063 0.937500 0.590625 0.935937 0.593750 0.935937 0.595313 0.934375 0.596875 0.934375 0.600000 0.931250 0.601562 0.931250 0.615625 0.917188 0.615625 0.915625 0.617188 0.914062 0.617188 0.912500 0.618750 0.910937 0.618750 0.909375 0.620313 0.907813 0.620313 0.906250 0.621875 0.904687 0.621875 0.903125 0.623437 0.901563 0.623437 0.895312 0.625000 0.893750 0.625000 0.829688 0.626563 0.828125 0.626563 0.764062 0.625000 0.762500 0.625000 0.748437 0.623437 0.746875 0.623437 0.743750 0.621875 0.742188 0.621875 0.740625 0.620313 0.739062 0.620313 0.737500 0.612500 0.729688 0.610938 0.729688 0.609375 0.728125 0.607812 0.728125 0.604688 0.725000 0.603125 0.725000 0.601562 0.723437 0.600000 0.723437 0.598437 0.721875 0.593750 0.721875 0.592187 0.720313 0.589063 0.720313 0.587500 0.718750 0.584375 0.718750 0.582812 0.717187 0.578125 0.717187 0.576562 0.715625 0.567187 0.715625 0.565625 0.714063 0.564063 0.714063 0.562500 0.712500 0.557813 0.712500 0.556250 0.710938
