0 0.796545 0.278125 0.650000 0.278125 0.648438 0.284375 0.620313 0.295312 0.609375 0.307812 0.603125 0.325000 0.596875 0.326562 0.596875 0.631250 0.631250 0.659375 0.693750 0.676562 0.695312 0.682813 0.765625 0.682813 0.767188 0.676562 0.787500 0.671875 0.807813 0.659375 0.821875 0.639062 0.826562 0.590625 0.832812 0.589063 0.832812 0.307812 0.823438 0.303125 0.804688 0.278125
4 0.784062 0.284375 0.670312 0.284375 0.667188 0.292187 0.620313 0.303125 0.609375 0.320312 0.603125 0.343750 0.598148 0.349620 0.596875 0.628125 0.625000 0.650000 0.681250 0.665625 0.740625 0.670312 0.742188 0.676562 0.751563 0.676562 0.753125 0.670312 0.782813 0.659375 0.803125 0.634375 0.810937 0.593750 0.823438 0.565625 0.823438 0.532813 0.825000 0.525000 0.832812 0.521875 0.832812 0.496875 0.825000 0.492188 0.821875 0.471875 0.817187 0.321875 0.807813 0.301563 0.792188 0.289062 0.792188 0.284375
7 0.710938 0.071875 0.671875 0.071875 0.671875 0.078125 0.657813 0.089063 0.648438 0.104688 0.640625 0.106250 0.640625 0.187500 0.646875 0.189062 0.650000 0.201563 0.645312 0.207813 0.640625 0.207813 0.640625 0.231250 0.645312 0.231250 0.671875 0.256250 0.675000 0.264062 0.765625 0.264062 0.765625 0.257812 0.779687 0.240625 0.784375 0.209375 0.775000 0.203125 0.764062 0.187500 0.784375 0.171875 0.814063 0.162500 0.814063 0.142187 0.806250 0.139063 0.782813 0.095312 0.771875 0.093750 0.753125 0.112500 0.748437 0.112500 0.731250 0.087500 0.718750 0.076563 0.718750 0.071875
0 0.571667 0.034375 0.459375 0.034375 0.459375 0.042188 0.443750 0.062500 0.434375 0.067187 0.434375 0.267188 0.473438 0.295312 0.517188 0.301563 0.518750 0.307812 0.535937 0.307812 0.537500 0.301563 0.573438 0.295312 0.600000 0.284375 0.618750 0.259375 0.626563 0.256250 0.626563 0.076563 0.618750 0.073438 0.603125 0.051562 0.582812 0.042188 0.579688 0.034375
5 0.423438 0.321875 0.414062 0.321875 0.410938 0.329688 0.371875 0.351562 0.281250 0.384375 0.190625 0.445312 0.184375 0.445312 0.184375 0.476562 0.231250 0.506250 0.271875 0.546875 0.306250 0.573438 0.343750 0.590625 0.367188 0.595313 0.368750 0.601562 0.439063 0.601562 0.443750 0.593750 0.529687 0.564063 0.570312 0.540625 0.570312 0.526563 0.560937 0.521875 0.539062 0.478125 0.456250 0.350000 0.432812 0.321875
0 0.424917 0.290625 0.282813 0.290625 0.278125 0.298438 0.209375 0.321875 0.171875 0.348438 0.171875 0.579688 0.176563 0.579688 0.201563 0.607812 0.240625 0.626563 0.314063 0.643750 0.318750 0.651563 0.435937 0.651563 0.437500 0.645312 0.446875 0.642188 0.539062 0.632812 0.554688 0.626563 0.571875 0.610938 0.581250 0.590625 0.582812 0.564063 0.589063 0.562500 0.589063 0.543750 0.582812 0.542188 0.582812 0.509375 0.589063 0.507812 0.589063 0.342187 0.584375 0.342187 0.568750 0.323437 0.550000 0.314063 0.485938 0.310937 0.435937 0.298438 0.432812 0.290625
0 0.792105 0.690625 0.650000 0.690625 0.637500 0.710938 0.628125 0.715625 0.628125 0.867188 0.648438 0.881250 0.651563 0.889062 0.740625 0.889062 0.742188 0.882812 0.781250 0.865625 0.803125 0.843750 0.812500 0.826562 0.820312 0.823438 0.820312 0.712500 0.812500 0.710938 0.800000 0.690625
0 0.551136 0.646875 0.468750 0.646875 0.465625 0.654687 0.434375 0.676562 0.434375 0.876563 0.465625 0.896875 0.509375 0.900000 0.565625 0.895312 0.587500 0.885938 0.610938 0.854688 0.614062 0.829688 0.620313 0.828125 0.620313 0.696875 0.614062 0.695312 0.600000 0.671875 0.560937 0.653125 0.559375 0.646875
6 0.265313 0.646875 0.232813 0.646875 0.234375 0.653125 0.248438 0.659375 0.246875 0.664062 0.226562 0.665625 0.212500 0.673438 0.195312 0.696875 0.192188 0.721875 0.198437 0.748437 0.192188 0.764062 0.184375 0.767188 0.184375 0.804688 0.225000 0.820312 0.235937 0.832812 0.245312 0.856250 0.257812 0.867188 0.276562 0.873437 0.298438 0.873437 0.320312 0.889062 0.321875 0.895312 0.354687 0.895312 0.354687 0.890625 0.370312 0.882812 0.384375 0.865625 0.381250 0.837500 0.370312 0.814063 0.376563 0.796875 0.387500 0.784375 0.401562 0.728125 0.407813 0.726562 0.407813 0.681250 0.357812 0.664062 0.276562 0.654687 0.273438 0.646875
0 0.368586 0.015625 0.225000 0.015625 0.221875 0.023438 0.189062 0.045312 0.173437 0.067187 0.165625 0.070312 0.165625 0.267188 0.170313 0.267188 0.192188 0.292187 0.228125 0.301563 0.289062 0.284375 0.385937 0.276562 0.401562 0.268750 0.420312 0.240625 0.426563 0.239063 0.426563 0.060937 0.418750 0.057813 0.400000 0.032813 0.379688 0.023438 0.376563 0.015625
8 0.779503 0.690625 0.725545 0.692063 0.670939 0.688078 0.651563 0.696875 0.632812 0.717187 0.630323 0.720744 0.628125 0.854688 0.632812 0.854688 0.653125 0.871875 0.734375 0.868750 0.760938 0.853125 0.793750 0.820312 0.795312 0.795312 0.804688 0.762500 0.804688 0.742188 0.801562 0.720313 0.787500 0.690625
2 0.540625 0.053125 0.462500 0.053125 0.462500 0.059375 0.440625 0.078125 0.440625 0.270313 0.467187 0.289062 0.487500 0.295312 0.489063 0.301563 0.557813 0.301563 0.560937 0.293750 0.592187 0.282813 0.603125 0.270313 0.612500 0.245312 0.620313 0.242188 0.620313 0.228125 0.612500 0.223438 0.614062 0.153125 0.620313 0.151562 0.620313 0.118750 0.614062 0.117188 0.609375 0.095312 0.592187 0.071875 0.556250 0.062500 0.548438 0.053125
5 0.485156 0.346875 0.459375 0.346875 0.459375 0.367188 0.467187 0.368750 0.507812 0.435937 0.534375 0.471875 0.543750 0.492188 0.554688 0.504687 0.557813 0.501563 0.560937 0.485938 0.564063 0.429688 0.570312 0.428125 0.570312 0.368750 0.554688 0.362500 0.532813 0.362500 0.496875 0.354687 0.493750 0.346875
0 0.755769 0.053125 0.656250 0.053125 0.651563 0.065625 0.640625 0.071875 0.640625 0.240625 0.670312 0.259375 0.773438 0.262500 0.779687 0.264062 0.781250 0.270313 0.801562 0.270313 0.803125 0.264062 0.821875 0.253125 0.832812 0.232813 0.839063 0.231250 0.839063 0.132812 0.831250 0.129688 0.825000 0.112500 0.804688 0.084375 0.778125 0.064062 0.767188 0.060937 0.764062 0.053125
0 0.235937 0.640625 0.207813 0.640625 0.207813 0.645312 0.182812 0.665625 0.171875 0.685937 0.165625 0.687500 0.165625 0.840625 0.173437 0.843750 0.193750 0.878125 0.207813 0.892188 0.240625 0.909375 0.285938 0.914062 0.384375 0.901563 0.406250 0.881250 0.414062 0.851562 0.414062 0.820312 0.420312 0.818750 0.420312 0.700000 0.415625 0.700000 0.407813 0.685937 0.384375 0.667188 0.273438 0.654687 0.248438 0.648438 0.245312 0.640625
2 0.549563 0.649036 0.472161 0.651267 0.462500 0.654687 0.434948 0.679533 0.434375 0.870313 0.454688 0.884375 0.476562 0.889062 0.478125 0.895312 0.493750 0.895312 0.495312 0.889062 0.542188 0.887500 0.573438 0.881250 0.592187 0.868750 0.603125 0.853125 0.614062 0.753125 0.615800 0.746480 0.613567 0.727139 0.614062 0.723437 0.604688 0.679688 0.587500 0.662500 0.564063 0.653125 0.558494 0.652755
5 0.546875 0.553125 0.535937 0.553125 0.535937 0.559375 0.531250 0.562500 0.515625 0.567187 0.496875 0.576562 0.484375 0.578125 0.484375 0.585938 0.489063 0.585938 0.503125 0.595313 0.515625 0.600000 0.518750 0.603125 0.518750 0.607812 0.542188 0.607812 0.542188 0.601562 0.546875 0.593750 0.546875 0.589063 0.550000 0.581250 0.550000 0.570312 0.551562 0.568750 0.551562 0.565625 0.553125 0.564063 0.557813 0.564063 0.557813 0.553125
5 0.209375 0.496875 0.209375 0.557813 0.215625 0.559375 0.218750 0.579688 0.228125 0.590625 0.228125 0.595313 0.243750 0.595313 0.243750 0.590625 0.246875 0.587500 0.264062 0.582812 0.307812 0.576562 0.307812 0.571875 0.300000 0.570312 0.295312 0.564063 0.282813 0.554688 0.273438 0.551562 0.254688 0.529687 0.223438 0.501563 0.223438 0.496875
1 0.178125 0.104688 0.170313 0.140625 0.178125 0.220312 0.175000 0.248438 0.181250 0.268750 0.201563 0.289062 0.231250 0.296875 0.298438 0.278125 0.379688 0.275000 0.396875 0.268750 0.409375 0.254688 0.420312 0.093750 0.407813 0.056250 0.400000 0.050000 0.328125 0.028125 0.248438 0.032813 0.215625 0.046875 0.201563 0.059375
