2 0.552083 0.065625 0.534375 0.065625 0.534375 0.071875 0.521875 0.082812 0.478125 0.084375 0.453125 0.100000 0.453125 0.314063 0.493750 0.335938 0.543750 0.337500 0.587500 0.326562 0.607812 0.317188 0.621875 0.303125 0.626563 0.290625 0.632812 0.289062 0.632812 0.107813 0.628125 0.107813 0.610938 0.087500 0.584375 0.075000 0.579688 0.076563 0.581250 0.085938 0.568750 0.107813 0.545312 0.103125 0.539062 0.084375 0.560937 0.070312 0.560937 0.065625
2 0.562188 0.671875 0.489063 0.671875 0.485938 0.679688 0.475000 0.682813 0.457813 0.700000 0.453125 0.700000 0.453125 0.876563 0.459375 0.876563 0.473438 0.890625 0.500000 0.895312 0.579688 0.890625 0.609375 0.871875 0.617188 0.859375 0.620313 0.842187 0.626563 0.840625 0.626563 0.826562 0.620313 0.825000 0.618750 0.815625 0.618750 0.714063 0.604688 0.692187 0.571875 0.678125 0.570312 0.671875
4 0.802902 0.309375 0.698438 0.309375 0.695312 0.317188 0.662500 0.325000 0.635938 0.337500 0.617188 0.360938 0.609375 0.364063 0.609375 0.656250 0.650000 0.681250 0.695312 0.696875 0.776563 0.695312 0.820312 0.664062 0.832812 0.645312 0.842187 0.604688 0.842187 0.532813 0.845313 0.520312 0.851562 0.518750 0.851562 0.500000 0.846875 0.500000 0.843750 0.492188 0.840625 0.368750 0.834375 0.348438 0.810937 0.309375
6 0.368359 0.078125 0.310937 0.078125 0.309375 0.084375 0.284375 0.093750 0.231250 0.101562 0.215625 0.117188 0.190625 0.168750 0.184375 0.170313 0.184375 0.265625 0.192188 0.270313 0.204687 0.314063 0.232813 0.340625 0.251563 0.343750 0.348438 0.318750 0.396875 0.315625 0.410938 0.309375 0.426563 0.281250 0.432812 0.279687 0.432812 0.193750 0.426563 0.192188 0.426563 0.168750 0.432812 0.167187 0.432812 0.157812 0.426563 0.156250 0.425000 0.126562 0.412500 0.104688 0.378125 0.084375 0.376563 0.078125
1 0.290452 0.678125 0.226562 0.678125 0.210938 0.707812 0.203125 0.710938 0.203125 0.800000 0.209375 0.801562 0.209375 0.831250 0.203125 0.832812 0.209375 0.834375 0.215625 0.851562 0.245312 0.882812 0.279687 0.901563 0.281250 0.907813 0.329688 0.907813 0.331250 0.901563 0.403125 0.893750 0.415625 0.885938 0.428125 0.871875 0.431250 0.860938 0.439063 0.857812 0.439063 0.731250 0.432812 0.729688 0.426563 0.714063 0.412500 0.700000 0.401562 0.695312 0.335938 0.692187 0.303125 0.685937 0.298438 0.678125
0 0.815441 0.303125 0.687500 0.303125 0.685937 0.309375 0.635938 0.326562 0.615625 0.351562 0.609375 0.353125 0.609375 0.665625 0.615625 0.665625 0.626563 0.678125 0.646875 0.689063 0.731250 0.707812 0.789062 0.704688 0.818750 0.690625 0.837500 0.665625 0.843750 0.598437 0.842187 0.515625 0.845313 0.487500 0.851562 0.485938 0.851562 0.337500 0.843750 0.334375 0.823438 0.309375 0.823438 0.303125
0 0.776563 0.078125 0.675000 0.078125 0.675000 0.082812 0.646875 0.106250 0.646875 0.273438 0.653125 0.273438 0.664062 0.285938 0.679688 0.293750 0.718750 0.295312 0.720313 0.301563 0.721875 0.295312 0.740625 0.292187 0.792188 0.295312 0.814063 0.292187 0.843750 0.267188 0.851562 0.248438 0.857812 0.246875 0.857812 0.168750 0.851562 0.167187 0.840625 0.129688 0.826562 0.109375 0.787500 0.085938 0.784375 0.078125
0 0.440208 0.334375 0.325000 0.334375 0.323437 0.340625 0.282813 0.348438 0.242188 0.365625 0.196875 0.395313 0.196875 0.595313 0.203125 0.596875 0.210938 0.620313 0.226562 0.639062 0.267188 0.659375 0.332813 0.676562 0.334375 0.682813 0.434375 0.682813 0.439063 0.675000 0.473438 0.667188 0.556250 0.659375 0.573438 0.653125 0.587500 0.640625 0.595313 0.615625 0.601562 0.614062 0.601562 0.385937 0.596875 0.385937 0.590625 0.373437 0.571875 0.357812 0.501563 0.353125 0.453125 0.342187 0.448437 0.334375
0 0.384028 0.065625 0.245312 0.065625 0.242188 0.073438 0.214062 0.092188 0.192188 0.125000 0.184375 0.126562 0.184375 0.309375 0.192188 0.312500 0.207813 0.334375 0.225000 0.343750 0.228125 0.351562 0.256250 0.351562 0.260937 0.343750 0.309375 0.329688 0.396875 0.320312 0.417187 0.309375 0.432812 0.281250 0.439063 0.279687 0.439063 0.153125 0.432812 0.151562 0.431250 0.118750 0.423438 0.096875 0.396875 0.075000 0.392188 0.065625
0 0.270313 0.671875 0.231250 0.671875 0.226562 0.681250 0.203125 0.698438 0.203125 0.850000 0.209375 0.851562 0.218750 0.876563 0.251563 0.907813 0.287500 0.920312 0.368750 0.917188 0.415625 0.906250 0.439063 0.885938 0.439063 0.725000 0.406250 0.696875 0.309375 0.687500 0.282813 0.679688 0.278125 0.671875
0 0.525625 0.065625 0.490625 0.065625 0.489063 0.071875 0.475000 0.076563 0.453125 0.098437 0.446875 0.098437 0.446875 0.307812 0.451562 0.307812 0.470313 0.329688 0.495312 0.339062 0.496875 0.345313 0.556250 0.345313 0.557813 0.339062 0.589063 0.331250 0.609375 0.320312 0.625000 0.304688 0.632812 0.281250 0.639062 0.279687 0.639062 0.253125 0.632812 0.251563 0.639062 0.250000 0.639062 0.170313 0.632812 0.168750 0.632812 0.164062 0.639062 0.162500 0.639062 0.114062 0.631250 0.110937 0.614062 0.087500 0.595313 0.076563 0.564063 0.073438 0.559375 0.065625 0.548438 0.065625 0.546875 0.071875 0.537500 0.073438 0.534375 0.065625
5 0.416667 0.378125 0.400000 0.378125 0.398438 0.385937 0.312500 0.459375 0.265625 0.495312 0.246875 0.503125 0.246875 0.532813 0.262500 0.540625 0.289062 0.570312 0.334375 0.589063 0.365625 0.596875 0.428125 0.601562 0.429688 0.607812 0.481250 0.607812 0.482812 0.601562 0.498437 0.598437 0.535937 0.575000 0.546875 0.564063 0.551562 0.548438 0.575000 0.528125 0.576562 0.520312 0.493750 0.448437 0.453125 0.404687 0.426563 0.385937 0.425000 0.378125
7 0.723047 0.096875 0.698438 0.096875 0.689063 0.120313 0.665625 0.145313 0.654687 0.171875 0.646875 0.175000 0.646875 0.262500 0.653125 0.262500 0.664062 0.278125 0.682813 0.290625 0.682813 0.295312 0.728125 0.295312 0.728125 0.290625 0.735938 0.285938 0.779687 0.275000 0.810937 0.251563 0.820312 0.223438 0.826562 0.221875 0.826562 0.201563 0.820312 0.200000 0.818750 0.179688 0.803125 0.146875 0.803125 0.126562 0.796875 0.110937 0.789062 0.107813 0.771875 0.123438 0.764062 0.123438 0.739062 0.109375 0.731250 0.096875
0 0.559063 0.671875 0.485938 0.671875 0.482812 0.679688 0.459375 0.696875 0.453125 0.696875 0.453125 0.892188 0.484375 0.907813 0.485938 0.914062 0.554688 0.914062 0.556250 0.907813 0.593750 0.901563 0.604688 0.895312 0.621875 0.873437 0.626563 0.873437 0.626563 0.714063 0.621875 0.714063 0.603125 0.690625 0.568750 0.678125 0.567187 0.671875
5 0.299108 0.384375 0.246875 0.384375 0.246875 0.507812 0.253125 0.507812 0.253125 0.501563 0.256250 0.498437 0.307812 0.464062 0.378125 0.400000 0.378125 0.395313 0.371875 0.393750 0.314063 0.392188 0.307812 0.389062 0.307812 0.384375
5 0.246875 0.528125 0.246875 0.615625 0.254688 0.615625 0.264062 0.620313 0.276562 0.632812 0.285938 0.632812 0.315625 0.628125 0.335938 0.621875 0.364063 0.601562 0.370312 0.601562 0.364063 0.601562 0.354687 0.595313 0.292187 0.573438 0.253125 0.534375 0.253125 0.528125
8 0.725000 0.715625 0.678125 0.715625 0.678125 0.768750 0.685937 0.770312 0.693750 0.778125 0.689063 0.792188 0.689063 0.806250 0.696875 0.821875 0.709375 0.834375 0.720313 0.839063 0.721875 0.845313 0.740625 0.845313 0.740625 0.840625 0.743750 0.837500 0.748437 0.835938 0.759375 0.823438 0.764062 0.823438 0.764062 0.790625 0.759375 0.790625 0.751563 0.778125 0.735938 0.764062 0.740625 0.734375 0.737500 0.725000 0.732812 0.720313 0.732812 0.715625
0 0.804441 0.715625 0.659375 0.715625 0.650000 0.732812 0.640625 0.737500 0.640625 0.885938 0.665625 0.900000 0.668750 0.907813 0.742188 0.907813 0.743750 0.901563 0.768750 0.896875 0.800000 0.879687 0.820312 0.856250 0.828125 0.840625 0.832812 0.814063 0.839063 0.812500 0.839063 0.746875 0.831250 0.743750 0.812500 0.715625
