3 0.619895 0.140625 0.504687 0.140625 0.493750 0.157812 0.484375 0.162500 0.484375 0.340625 0.492188 0.343750 0.507812 0.367188 0.526563 0.376563 0.528125 0.382812 0.587500 0.382812 0.589063 0.376563 0.631250 0.357812 0.646875 0.337500 0.650000 0.178125 0.639062 0.154688 0.628125 0.146875 0.628125 0.140625
0 0.331027 0.709375 0.287467 0.708570 0.259375 0.732812 0.265625 0.884375 0.281250 0.926562 0.298438 0.937500 0.442188 0.939063 0.468750 0.929688 0.482812 0.906250 0.482812 0.759375 0.467187 0.734375 0.453125 0.726562 0.371875 0.721875 0.340625 0.715625
0 0.805856 0.338902 0.737500 0.342187 0.660937 0.370312 0.647631 0.382141 0.640625 0.390625 0.647631 0.678634 0.657609 0.696216 0.670312 0.703125 0.718430 0.722348 0.800000 0.720313 0.837500 0.709375 0.851562 0.696875 0.857812 0.682813 0.862400 0.668656 0.859375 0.371875 0.842187 0.351562 0.818750 0.340625
4 0.807813 0.346875 0.714063 0.346875 0.712500 0.353125 0.665625 0.368750 0.646875 0.381250 0.646875 0.678125 0.668750 0.695312 0.706250 0.709375 0.759375 0.718750 0.807813 0.715625 0.845313 0.693750 0.856250 0.671875 0.856250 0.600000 0.857812 0.585938 0.864062 0.584375 0.864062 0.540625 0.857812 0.539062 0.854688 0.528125 0.850000 0.459375 0.832812 0.375000 0.815625 0.346875
7 0.354492 0.715625 0.298438 0.715625 0.279687 0.751563 0.271875 0.754687 0.271875 0.831250 0.307812 0.859375 0.351562 0.857812 0.362500 0.896875 0.382812 0.925000 0.389062 0.928125 0.445312 0.925000 0.467187 0.900000 0.481250 0.867188 0.481250 0.834375 0.475000 0.803125 0.462500 0.782813 0.443750 0.767188 0.407813 0.771875 0.396875 0.734375 0.364063 0.721875 0.362500 0.715625
0 0.496792 0.384375 0.420034 0.380241 0.346875 0.393750 0.282813 0.417187 0.253125 0.442188 0.246128 0.472419 0.248030 0.622092 0.252305 0.640148 0.259908 0.668656 0.278125 0.678125 0.314063 0.695312 0.367188 0.714063 0.475000 0.714063 0.525000 0.693750 0.600000 0.684375 0.623437 0.670312 0.632812 0.648438 0.632812 0.529687 0.629687 0.426563 0.621875 0.412500 0.597741 0.392594 0.526944 0.392594
7 0.780625 0.159375 0.746875 0.159375 0.745313 0.167187 0.715625 0.175000 0.676562 0.214062 0.671875 0.214062 0.671875 0.293750 0.679688 0.296875 0.693750 0.317188 0.704688 0.320312 0.729688 0.318750 0.748437 0.314063 0.765625 0.301563 0.776563 0.301563 0.795312 0.315625 0.812500 0.318750 0.821875 0.314063 0.828125 0.303125 0.832812 0.303125 0.832812 0.276562 0.826562 0.275000 0.825000 0.265625 0.809375 0.235937 0.809375 0.228125 0.823438 0.198437 0.823438 0.184375 0.815625 0.173437 0.790625 0.165625 0.789062 0.159375
0 0.429688 0.128125 0.305997 0.125559 0.278125 0.135937 0.250000 0.157812 0.230923 0.194931 0.234375 0.321875 0.246875 0.371875 0.265625 0.389062 0.287500 0.395313 0.345313 0.381250 0.432812 0.367188 0.453125 0.357812 0.476562 0.326562 0.476562 0.232813 0.470313 0.231250 0.467187 0.176563 0.457813 0.151562 0.437500 0.128125
0 0.798327 0.134375 0.695312 0.140625 0.682792 0.149316 0.671875 0.159375 0.671875 0.309375 0.696875 0.329688 0.707812 0.332813 0.731250 0.332813 0.740625 0.331250 0.825000 0.329688 0.839063 0.323437 0.857812 0.301563 0.864062 0.260937 0.864062 0.246875 0.857812 0.192188 0.840625 0.164062 0.809375 0.142187
5 0.507031 0.409375 0.464062 0.409375 0.459375 0.417187 0.435937 0.417187 0.395313 0.434375 0.378125 0.446875 0.334375 0.493750 0.315625 0.531250 0.309375 0.532813 0.309375 0.570312 0.410938 0.603125 0.418750 0.612500 0.420312 0.629687 0.425000 0.634375 0.459375 0.639062 0.475000 0.634375 0.515625 0.637500 0.532813 0.632812 0.537500 0.593750 0.568750 0.531250 0.579688 0.493750 0.592187 0.470313 0.601562 0.465625 0.601562 0.451562 0.595313 0.451562 0.584375 0.439063 0.518750 0.417187 0.515625 0.409375
0 0.625000 0.703125 0.577309 0.699067 0.523617 0.705719 0.499859 0.730427 0.499859 0.906233 0.520312 0.923438 0.528125 0.925000 0.579688 0.926562 0.626563 0.920312 0.651563 0.903125 0.664062 0.881250 0.662500 0.740625 0.656250 0.725000 0.635938 0.710938
0 0.827833 0.728125 0.712727 0.731377 0.682813 0.754687 0.678125 0.892188 0.688494 0.901006 0.703125 0.914062 0.764062 0.907813 0.806250 0.898438 0.826562 0.887500 0.837500 0.876563 0.851562 0.853125 0.857812 0.828125 0.857812 0.765625 0.851562 0.746875 0.835938 0.732812
0 0.618750 0.128125 0.509375 0.128125 0.483230 0.163570 0.484375 0.340625 0.494633 0.357433 0.509375 0.371875 0.540625 0.382812 0.575000 0.382812 0.618750 0.370312 0.640030 0.362659 0.652858 0.351731 0.664062 0.328125 0.656250 0.175000 0.651563 0.159375 0.645256 0.141714
5 0.425000 0.390625 0.417187 0.390625 0.414062 0.398438 0.392188 0.412500 0.340625 0.439063 0.265625 0.464062 0.265625 0.504687 0.273438 0.509375 0.306250 0.603125 0.351562 0.689063 0.404687 0.639062 0.415625 0.614062 0.404687 0.600000 0.314063 0.573438 0.309375 0.568750 0.310937 0.545312 0.331250 0.498437 0.354687 0.468750 0.393750 0.434375 0.432812 0.421875 0.432812 0.390625
1 0.232813 0.200000 0.237500 0.281250 0.248438 0.300000 0.246875 0.334375 0.260937 0.378125 0.303125 0.389062 0.410938 0.362500 0.432812 0.362500 0.460938 0.343750 0.468750 0.300000 0.462500 0.176563 0.440625 0.146875 0.415625 0.139063 0.312500 0.135937 0.260937 0.156250
5 0.557813 0.423438 0.587500 0.437500 0.598437 0.454688 0.525000 0.632812 0.603125 0.639062 0.610938 0.631250 0.604688 0.429688 0.596875 0.418750
2 0.547028 0.704298 0.593342 0.701908 0.621528 0.706206 0.634375 0.712500 0.648438 0.721875 0.654687 0.732812 0.654687 0.796875 0.656250 0.865625 0.653125 0.876563 0.632812 0.900000 0.614062 0.904687 0.590625 0.906250 0.568969 0.906578 0.528994 0.906578 0.518750 0.903125 0.508255 0.893955 0.505850 0.737661 0.510938 0.720313 0.527191 0.709708
8 0.679688 0.770312 0.681250 0.857812 0.696875 0.867188 0.723437 0.873437 0.756250 0.868750 0.795312 0.840625 0.814063 0.810937 0.820312 0.787500 0.818750 0.748437 0.815625 0.737500 0.809375 0.732812 0.782813 0.735938 0.723437 0.732812 0.709375 0.735938 0.687500 0.751563
