8 0.713020 0.659375 0.668750 0.659375 0.668750 0.664062 0.646875 0.681250 0.646875 0.842187 0.657813 0.845313 0.689063 0.870313 0.723437 0.879687 0.778125 0.882812 0.809375 0.876563 0.837500 0.851562 0.854688 0.825000 0.856250 0.793750 0.848437 0.746875 0.846875 0.698438 0.832812 0.681250 0.817187 0.675000 0.745313 0.670312 0.726562 0.667188 0.721875 0.659375
4 0.779427 0.253125 0.690625 0.253125 0.687500 0.260937 0.626563 0.292187 0.610938 0.323437 0.603125 0.326562 0.603125 0.573438 0.609375 0.575000 0.614062 0.593750 0.626563 0.610938 0.678125 0.637500 0.723437 0.642188 0.740625 0.648438 0.804688 0.637500 0.832812 0.623437 0.843750 0.610938 0.850000 0.590625 0.857812 0.587500 0.857812 0.575000 0.850000 0.570312 0.850000 0.557813 0.857812 0.553125 0.857812 0.518750 0.851562 0.517188 0.848437 0.507812 0.848437 0.443750 0.857812 0.431250 0.851562 0.429688 0.839063 0.400000 0.834375 0.337500 0.818750 0.296875 0.809375 0.278125 0.787500 0.253125
1 0.265178 0.603125 0.215625 0.603125 0.201563 0.623437 0.196319 0.639673 0.190625 0.815625 0.198437 0.818750 0.221875 0.848437 0.250000 0.865625 0.289062 0.875000 0.320312 0.876563 0.321875 0.882812 0.378125 0.882812 0.378125 0.878125 0.406250 0.853125 0.414062 0.803125 0.420312 0.801562 0.420312 0.653125 0.414062 0.653125 0.400000 0.637500 0.384375 0.629687 0.300000 0.618750 0.276562 0.610938 0.273438 0.603125
5 0.414687 0.309375 0.379688 0.309375 0.378125 0.317188 0.357812 0.320312 0.329688 0.342187 0.218750 0.482812 0.209375 0.487500 0.209375 0.515625 0.215625 0.515625 0.243750 0.546875 0.265625 0.556250 0.268750 0.564063 0.392188 0.564063 0.393750 0.557813 0.460938 0.535937 0.537500 0.473438 0.539062 0.464062 0.523438 0.448437 0.432812 0.375000 0.423438 0.346875 0.429688 0.328125 0.423438 0.309375
0 0.467039 0.284375 0.307812 0.284375 0.306250 0.290625 0.273438 0.300000 0.225000 0.326562 0.209375 0.348438 0.203125 0.393750 0.196875 0.395313 0.196875 0.542188 0.203125 0.542188 0.234375 0.570312 0.257812 0.582812 0.301563 0.598437 0.350000 0.606250 0.356250 0.614062 0.415625 0.614062 0.415625 0.609375 0.423438 0.606250 0.498437 0.593750 0.550000 0.593750 0.573438 0.581250 0.582812 0.570312 0.589063 0.551562 0.595313 0.550000 0.595313 0.468750 0.589063 0.467187 0.585938 0.326562 0.570312 0.303125 0.556250 0.295312 0.482812 0.292187 0.476562 0.290625 0.475000 0.284375
0 0.807725 0.246875 0.673438 0.246875 0.671875 0.253125 0.637500 0.264062 0.603125 0.287500 0.603125 0.592187 0.607812 0.592187 0.631250 0.620313 0.657813 0.634375 0.715625 0.648438 0.754687 0.651563 0.756250 0.657813 0.779687 0.657813 0.781250 0.651563 0.814063 0.648438 0.834375 0.640625 0.859375 0.612500 0.864062 0.612500 0.864062 0.517188 0.857812 0.515625 0.843750 0.301563 0.834375 0.273438 0.817187 0.254688 0.815625 0.246875
0 0.270139 0.603125 0.242930 0.593973 0.206250 0.603125 0.183934 0.637577 0.180464 0.651450 0.174019 0.808522 0.182942 0.830819 0.209714 0.861044 0.246895 0.878881 0.309375 0.881250 0.383727 0.882845 0.406250 0.857812 0.415952 0.828836 0.420312 0.814063 0.420312 0.654687 0.386702 0.627172 0.322748 0.621722 0.281250 0.610938 0.278125 0.603125
7 0.734202 0.090625 0.670312 0.090625 0.670312 0.095312 0.654687 0.109375 0.648438 0.139063 0.645312 0.143750 0.640625 0.143750 0.640625 0.225000 0.646875 0.225000 0.657813 0.234375 0.668750 0.237500 0.723437 0.229687 0.773438 0.229687 0.781250 0.226562 0.796875 0.206250 0.801562 0.206250 0.801562 0.164062 0.796875 0.164062 0.787500 0.150000 0.775000 0.139063 0.770312 0.126562 0.753125 0.109375 0.742188 0.095312 0.742188 0.090625
0 0.593359 0.065625 0.478370 0.065559 0.470313 0.070312 0.453125 0.087500 0.449381 0.090819 0.446875 0.257812 0.470964 0.276147 0.479038 0.279922 0.551491 0.280002 0.560937 0.276562 0.596875 0.264062 0.619567 0.247680 0.620313 0.220312 0.622228 0.218206 0.622389 0.217483 0.620313 0.210938 0.620313 0.204687 0.621398 0.194195 0.621894 0.171898 0.620313 0.156250 0.617188 0.095312 0.611925 0.081903 0.600775 0.068036
0 0.772795 0.061336 0.663852 0.060764 0.657813 0.064062 0.639062 0.082812 0.632683 0.094033 0.636686 0.220350 0.639062 0.223438 0.656703 0.238355 0.664995 0.239212 0.687584 0.239784 0.695312 0.239063 0.728125 0.232813 0.792188 0.234375 0.818750 0.223438 0.831250 0.204687 0.837133 0.199084 0.835131 0.143070 0.832812 0.135937 0.829688 0.115625 0.821875 0.100000 0.800000 0.076563 0.787500 0.070312 0.781659 0.063908
0 0.571770 0.615625 0.515503 0.606980 0.460938 0.615625 0.438164 0.641167 0.434375 0.648438 0.430727 0.849152 0.445105 0.873431 0.463447 0.884331 0.475000 0.889062 0.589063 0.889062 0.621002 0.868659 0.629925 0.848344 0.632812 0.837500 0.628934 0.747759 0.626563 0.735938 0.621875 0.665625 0.614655 0.643150 0.589867 0.623827 0.581439 0.618375
5 0.421875 0.317188 0.421875 0.364063 0.426563 0.364063 0.446875 0.387500 0.540625 0.465625 0.535937 0.479687 0.492188 0.514062 0.485938 0.526563 0.501563 0.539062 0.534375 0.553125 0.571875 0.551562 0.576562 0.540625 0.571875 0.431250 0.576562 0.378125 0.582812 0.376563 0.582812 0.351562 0.562500 0.343750 0.479687 0.335938 0.432812 0.323437 0.426563 0.317188
0 0.731077 0.659375 0.667188 0.659375 0.660937 0.670312 0.642320 0.690778 0.646875 0.856250 0.651563 0.856250 0.668750 0.876563 0.692187 0.889062 0.721875 0.893750 0.784375 0.893750 0.826562 0.876563 0.854688 0.848437 0.870313 0.812500 0.874337 0.801273 0.872850 0.751228 0.870313 0.743750 0.862500 0.701562 0.835938 0.673438 0.817187 0.667188 0.746875 0.667188 0.740625 0.665625 0.739062 0.659375
0 0.407813 0.065625 0.282813 0.065625 0.278125 0.075000 0.240625 0.103125 0.226562 0.128125 0.221875 0.148438 0.215625 0.150000 0.215625 0.271875 0.243750 0.289062 0.245312 0.295312 0.267188 0.295312 0.268750 0.289062 0.301563 0.278125 0.396875 0.265625 0.414062 0.257812 0.426563 0.245312 0.432812 0.231250 0.439063 0.229687 0.439063 0.089063 0.434375 0.089063 0.415625 0.065625
2 0.560697 0.615625 0.464062 0.615625 0.464062 0.621875 0.445312 0.643750 0.440625 0.643750 0.440625 0.848437 0.476562 0.870313 0.478125 0.876563 0.585938 0.876563 0.589063 0.868750 0.610938 0.853125 0.620313 0.828125 0.626563 0.826562 0.626563 0.773438 0.620313 0.771875 0.618750 0.746875 0.617188 0.664062 0.610938 0.648438 0.593750 0.632812 0.571875 0.623437 0.568750 0.615625
6 0.365364 0.084375 0.325000 0.084375 0.325000 0.090625 0.268750 0.157812 0.253125 0.162500 0.228125 0.178125 0.228125 0.229687 0.248438 0.237500 0.285938 0.242188 0.314063 0.268750 0.389062 0.264062 0.409375 0.257812 0.428125 0.239063 0.432812 0.239063 0.432812 0.160938 0.428125 0.160938 0.407813 0.142187 0.396875 0.112500 0.379688 0.098437 0.373437 0.084375
2 0.576369 0.078691 0.495081 0.082366 0.484375 0.084375 0.453125 0.103125 0.453125 0.262500 0.485938 0.276562 0.487500 0.282813 0.545312 0.282813 0.550000 0.275000 0.596875 0.260937 0.610938 0.245312 0.610938 0.112500 0.603125 0.095312 0.587500 0.082812 0.583313 0.080325
5 0.318403 0.346875 0.253125 0.346875 0.253125 0.431250 0.259375 0.431250 0.281250 0.403125 0.310937 0.370312 0.321875 0.359375 0.326562 0.359375 0.326562 0.346875
