2 0.559375 0.071875 0.442188 0.071875 0.428125 0.090625 0.421875 0.090625 0.421875 0.292187 0.426563 0.292187 0.446875 0.317188 0.482812 0.326562 0.484375 0.332813 0.521875 0.332813 0.523438 0.326562 0.573438 0.314063 0.595313 0.296875 0.603125 0.281250 0.607812 0.281250 0.607812 0.190625 0.601562 0.189062 0.601562 0.159375 0.607812 0.157812 0.607812 0.135937 0.601562 0.134375 0.600000 0.112500 0.592187 0.095312 0.570312 0.079687 0.567187 0.071875
0 0.423070 0.328125 0.292187 0.328125 0.287500 0.335938 0.246875 0.346875 0.203125 0.365625 0.165625 0.393750 0.165625 0.568750 0.171875 0.570312 0.184375 0.620313 0.204687 0.640625 0.239063 0.657813 0.301563 0.675000 0.371875 0.681250 0.465625 0.662500 0.542188 0.653125 0.565625 0.637500 0.576562 0.607812 0.582812 0.606250 0.582812 0.593750 0.576562 0.592187 0.576562 0.575000 0.582812 0.573438 0.582812 0.484375 0.576562 0.482812 0.573438 0.382812 0.565625 0.367188 0.537500 0.346875 0.456250 0.342187 0.434375 0.335938 0.431250 0.328125
0 0.256920 0.671875 0.204687 0.671875 0.203125 0.679688 0.184375 0.696875 0.178125 0.696875 0.178125 0.850000 0.184375 0.851562 0.196875 0.879687 0.214062 0.898438 0.254688 0.918750 0.257812 0.926562 0.321875 0.926562 0.321875 0.921875 0.329688 0.918750 0.398438 0.907813 0.412500 0.896875 0.420312 0.879687 0.426563 0.878125 0.426563 0.748437 0.420312 0.746875 0.414062 0.717187 0.396875 0.698438 0.385937 0.693750 0.295312 0.685937 0.270313 0.679688 0.265625 0.671875
4 0.756250 0.296875 0.678125 0.296875 0.673438 0.304688 0.617188 0.323437 0.590625 0.345313 0.590625 0.648438 0.621875 0.668750 0.675000 0.687500 0.678125 0.695312 0.735938 0.695312 0.737500 0.689063 0.762500 0.681250 0.798438 0.634375 0.809375 0.610938 0.809375 0.582812 0.818750 0.542188 0.818750 0.428125 0.820312 0.417187 0.826562 0.415625 0.826562 0.401562 0.820312 0.400000 0.820312 0.379688 0.826562 0.378125 0.826562 0.360938 0.818750 0.357812 0.804688 0.323437 0.765625 0.303125 0.764062 0.296875
0 0.782813 0.296875 0.665625 0.296875 0.664062 0.303125 0.615625 0.321875 0.596875 0.342187 0.590625 0.342187 0.590625 0.653125 0.631250 0.681250 0.692187 0.695312 0.693750 0.701562 0.740625 0.701562 0.742188 0.695312 0.785937 0.685937 0.801562 0.675000 0.814063 0.646875 0.818750 0.565625 0.820312 0.554688 0.826562 0.553125 0.826562 0.332813 0.821875 0.332813 0.790625 0.296875
3 0.559375 0.671875 0.457813 0.671875 0.457813 0.678125 0.439063 0.696875 0.434375 0.696875 0.434375 0.854688 0.440625 0.856250 0.453125 0.878125 0.473438 0.887500 0.476562 0.895312 0.529687 0.895312 0.534375 0.887500 0.565625 0.882812 0.579688 0.871875 0.592187 0.851562 0.600000 0.818750 0.600000 0.712500 0.592187 0.693750 0.570312 0.679688 0.567187 0.671875
6 0.295312 0.065625 0.267188 0.065625 0.250000 0.089063 0.200000 0.137500 0.195312 0.170313 0.187500 0.182812 0.165625 0.195312 0.165625 0.275000 0.171875 0.276562 0.176563 0.296875 0.190625 0.318750 0.210938 0.331250 0.285938 0.315625 0.365625 0.307812 0.387500 0.296875 0.396875 0.282813 0.401562 0.254688 0.401562 0.193750 0.395313 0.151562 0.360938 0.104688 0.321875 0.089063 0.304688 0.065625
8 0.697852 0.746875 0.639062 0.746875 0.639062 0.751563 0.632812 0.757812 0.628125 0.757812 0.628125 0.820312 0.632812 0.820312 0.646875 0.839063 0.656250 0.843750 0.668750 0.845313 0.670312 0.851562 0.710938 0.851562 0.710938 0.846875 0.723437 0.835938 0.731250 0.825000 0.732812 0.817187 0.739062 0.815625 0.739062 0.798438 0.732812 0.796875 0.731250 0.784375 0.725000 0.771875 0.706250 0.751563 0.706250 0.746875
7 0.735938 0.078125 0.696875 0.078125 0.695312 0.084375 0.660937 0.092188 0.634375 0.112500 0.628125 0.112500 0.628125 0.251563 0.632812 0.251563 0.650000 0.268750 0.678125 0.276562 0.679688 0.282813 0.723437 0.282813 0.728125 0.275000 0.782813 0.270313 0.807813 0.254688 0.812500 0.246875 0.804688 0.218750 0.790625 0.192188 0.789062 0.171875 0.768750 0.151562 0.767188 0.107813 0.757812 0.093750 0.743750 0.082812 0.743750 0.078125
0 0.362500 0.053125 0.214062 0.053125 0.214062 0.057813 0.176563 0.092188 0.162500 0.114062 0.153125 0.118750 0.153125 0.295312 0.160938 0.298438 0.179688 0.328125 0.212500 0.339062 0.214062 0.345313 0.215625 0.339062 0.279687 0.321875 0.362500 0.314063 0.390625 0.301563 0.407813 0.273438 0.414062 0.271875 0.414062 0.189062 0.407813 0.187500 0.404687 0.104688 0.395313 0.082812 0.370312 0.059375 0.370312 0.053125
0 0.740198 0.065625 0.657813 0.065625 0.629687 0.100000 0.621875 0.103125 0.621875 0.254688 0.626563 0.254688 0.656250 0.289062 0.696875 0.289062 0.698438 0.282813 0.710938 0.281250 0.745313 0.282813 0.746875 0.289062 0.784375 0.289062 0.785937 0.282813 0.815625 0.264062 0.826562 0.235937 0.832812 0.234375 0.832812 0.146875 0.825000 0.143750 0.807813 0.107813 0.795312 0.095312 0.751563 0.073438 0.748437 0.065625
0 0.553125 0.059375 0.443750 0.059375 0.440625 0.068750 0.421875 0.082812 0.421875 0.298438 0.454688 0.325000 0.485938 0.331250 0.543750 0.328125 0.585938 0.310937 0.603125 0.293750 0.607812 0.281250 0.614062 0.279687 0.614062 0.107813 0.607812 0.106250 0.600000 0.089063 0.584375 0.073438 0.562500 0.065625 0.560937 0.059375
0 0.785773 0.709375 0.642188 0.709375 0.631250 0.728125 0.621875 0.732812 0.621875 0.871875 0.626563 0.871875 0.643750 0.887500 0.645312 0.895312 0.721875 0.895312 0.723437 0.889062 0.746875 0.884375 0.770312 0.873437 0.792188 0.851562 0.807813 0.823438 0.814063 0.821875 0.814063 0.732812 0.804688 0.728125 0.793750 0.709375
0 0.559134 0.671875 0.462500 0.671875 0.459375 0.679688 0.434375 0.696875 0.434375 0.876563 0.470313 0.904687 0.531250 0.904687 0.578125 0.896875 0.596875 0.884375 0.607812 0.854688 0.614062 0.853125 0.614062 0.721875 0.607812 0.720313 0.593750 0.692187 0.568750 0.678125 0.567187 0.671875
5 0.503125 0.371875 0.475000 0.371875 0.473438 0.379688 0.437500 0.393750 0.409375 0.393750 0.385937 0.384375 0.360938 0.384375 0.318750 0.396875 0.196875 0.404687 0.196875 0.482812 0.203125 0.484375 0.207813 0.507812 0.206250 0.529687 0.196875 0.542188 0.293750 0.509375 0.403125 0.479687 0.434375 0.478125 0.493750 0.484375 0.526563 0.490625 0.529687 0.496875 0.517188 0.520312 0.465625 0.584375 0.460938 0.596875 0.481250 0.600000 0.548438 0.590625 0.557813 0.582812 0.557813 0.392188 0.551562 0.392188 0.543750 0.382812 0.517188 0.381250 0.512500 0.371875
5 0.485833 0.478125 0.375000 0.478125 0.373437 0.484375 0.340625 0.498437 0.203125 0.539062 0.203125 0.551562 0.212500 0.554688 0.215625 0.573438 0.228125 0.560937 0.240625 0.560937 0.257812 0.575000 0.310937 0.603125 0.415625 0.642188 0.456250 0.596875 0.525000 0.506250 0.532813 0.504687 0.532813 0.484375 0.509375 0.487500 0.495312 0.484375 0.493750 0.478125
5 0.225781 0.559375 0.215625 0.559375 0.215625 0.626563 0.220312 0.626563 0.223438 0.629687 0.225000 0.639062 0.259375 0.639062 0.260937 0.632812 0.282813 0.626563 0.315625 0.609375 0.309375 0.601562 0.298438 0.595313 0.239063 0.567187 0.235937 0.564063 0.235937 0.559375
1 0.187500 0.721875 0.184375 0.745313 0.193750 0.851562 0.214062 0.887500 0.267188 0.915625 0.370312 0.914062 0.412500 0.892188 0.421875 0.867188 0.415625 0.726562 0.409375 0.709375 0.393750 0.696875 0.339062 0.693750 0.221875 0.673438 0.198437 0.687500
