7 0.675000 0.121875 0.675000 0.126562 0.656250 0.150000 0.646875 0.154688 0.646875 0.189062 0.654687 0.190625 0.654687 0.195312 0.646875 0.198437 0.646875 0.289062 0.651563 0.289062 0.664062 0.303125 0.678125 0.307812 0.679688 0.314063 0.757812 0.314063 0.757812 0.309375 0.792188 0.278125 0.807813 0.256250 0.814063 0.254688 0.814063 0.250000 0.809375 0.250000 0.801562 0.239063 0.796875 0.217188 0.773438 0.167187 0.759375 0.156250 0.734375 0.148438 0.714063 0.129688 0.692187 0.129688 0.689063 0.121875
4 0.741719 0.328125 0.667188 0.328125 0.662500 0.335938 0.621875 0.350000 0.601562 0.382812 0.592187 0.490625 0.584375 0.496875 0.584375 0.675000 0.606250 0.693750 0.660937 0.714063 0.718750 0.717187 0.737500 0.712500 0.773438 0.679688 0.789062 0.648438 0.795312 0.595313 0.803125 0.570312 0.809375 0.465625 0.826562 0.420312 0.820312 0.418750 0.812500 0.382812 0.801562 0.362500 0.792188 0.354687 0.765625 0.348438 0.750000 0.328125
1 0.345313 0.071875 0.243750 0.071875 0.240625 0.079687 0.206250 0.103125 0.192188 0.132812 0.184375 0.135937 0.184375 0.309375 0.190625 0.309375 0.207813 0.326562 0.239063 0.331250 0.310937 0.315625 0.384375 0.315625 0.401562 0.309375 0.412500 0.298438 0.426563 0.237500 0.432812 0.235937 0.432812 0.228125 0.426563 0.226562 0.425000 0.206250 0.426563 0.171875 0.432812 0.170313 0.432812 0.115625 0.425000 0.112500 0.421875 0.103125 0.406250 0.087500 0.381250 0.079687 0.354687 0.078125 0.353125 0.071875
7 0.236980 0.678125 0.217188 0.678125 0.215625 0.685937 0.192188 0.692187 0.159375 0.689063 0.159375 0.701562 0.176563 0.706250 0.189062 0.717187 0.170313 0.751563 0.168750 0.778125 0.175000 0.790625 0.195312 0.807813 0.256250 0.826562 0.251563 0.851562 0.256250 0.881250 0.290625 0.926562 0.300000 0.926562 0.304688 0.918750 0.346875 0.910937 0.378125 0.885938 0.392188 0.859375 0.393750 0.825000 0.387500 0.809375 0.370312 0.792188 0.331250 0.778125 0.337500 0.734375 0.329688 0.710938 0.315625 0.700000 0.250000 0.685937 0.246875 0.678125
8 0.752833 0.734375 0.631250 0.734375 0.631250 0.740625 0.615625 0.756250 0.610938 0.768750 0.603125 0.771875 0.603125 0.878125 0.634375 0.881250 0.653125 0.887500 0.673438 0.882812 0.701562 0.893750 0.748437 0.879687 0.756250 0.870313 0.762500 0.826562 0.781250 0.801562 0.789062 0.798438 0.789062 0.760938 0.782813 0.760938 0.760938 0.739062 0.760938 0.734375
2 0.564063 0.096875 0.470313 0.096875 0.454688 0.123438 0.446875 0.126562 0.446875 0.318750 0.478125 0.337500 0.520312 0.345313 0.521875 0.351562 0.535937 0.351562 0.537500 0.345313 0.570312 0.342187 0.598437 0.331250 0.612500 0.315625 0.618750 0.265625 0.620313 0.259375 0.626563 0.257812 0.626563 0.139063 0.618750 0.135937 0.601562 0.112500 0.573438 0.103125 0.571875 0.096875
0 0.564063 0.084375 0.470313 0.084375 0.470313 0.090625 0.450000 0.115625 0.446875 0.132812 0.440625 0.134375 0.440625 0.315625 0.446875 0.315625 0.468750 0.337500 0.496875 0.345313 0.498437 0.351562 0.570312 0.351562 0.571875 0.345313 0.606250 0.331250 0.618750 0.315625 0.626563 0.290625 0.632812 0.289062 0.632812 0.126562 0.628125 0.126562 0.607812 0.101562 0.576562 0.092188 0.571875 0.084375
0 0.782813 0.328125 0.657813 0.328125 0.656250 0.334375 0.615625 0.353125 0.603125 0.373437 0.592187 0.482812 0.590625 0.492188 0.584375 0.493750 0.584375 0.681250 0.628125 0.710938 0.664062 0.721875 0.701562 0.726562 0.703125 0.732812 0.746875 0.732812 0.748437 0.726562 0.781250 0.715625 0.800000 0.690625 0.825000 0.453125 0.826562 0.445312 0.832812 0.443750 0.832812 0.370312 0.828125 0.370312 0.812500 0.346875 0.793750 0.335938 0.790625 0.328125
0 0.235045 0.678125 0.182812 0.678125 0.182812 0.682813 0.167187 0.695312 0.159375 0.717187 0.153125 0.718750 0.153125 0.875000 0.160938 0.878125 0.190625 0.923438 0.207813 0.935937 0.231250 0.939063 0.232813 0.945312 0.335938 0.945312 0.337500 0.939063 0.370312 0.928125 0.393750 0.901563 0.400000 0.871875 0.401562 0.798438 0.407813 0.796875 0.407813 0.742188 0.401562 0.740625 0.392188 0.720313 0.376563 0.707812 0.260937 0.689063 0.245312 0.684375 0.243750 0.678125
5 0.432812 0.396875 0.300000 0.396875 0.296875 0.404687 0.250000 0.428125 0.221875 0.456250 0.204687 0.485938 0.196875 0.489063 0.196875 0.521875 0.351562 0.606250 0.370312 0.623437 0.367188 0.635938 0.371875 0.645312 0.543750 0.610938 0.550000 0.596875 0.551562 0.506250 0.557813 0.504687 0.557813 0.462500 0.507812 0.431250 0.442188 0.403125 0.440625 0.396875
0 0.354492 0.059375 0.234375 0.059375 0.231250 0.067187 0.207813 0.078125 0.185938 0.115625 0.178125 0.118750 0.178125 0.312500 0.207813 0.331250 0.210938 0.339062 0.246875 0.339062 0.251563 0.331250 0.298438 0.321875 0.392188 0.315625 0.407813 0.307812 0.420312 0.293750 0.429688 0.253125 0.431250 0.167187 0.432812 0.151562 0.439063 0.150000 0.439063 0.110937 0.432812 0.109375 0.421875 0.090625 0.407813 0.078125 0.367188 0.067187 0.362500 0.059375
0 0.749431 0.109375 0.665625 0.109375 0.664062 0.117188 0.646875 0.129688 0.646875 0.296875 0.684375 0.315625 0.735938 0.314063 0.765625 0.320312 0.767188 0.326562 0.801562 0.326562 0.801562 0.321875 0.826562 0.301563 0.832812 0.289062 0.839063 0.246875 0.845313 0.245312 0.845313 0.203125 0.839063 0.201563 0.832812 0.178125 0.814063 0.146875 0.790625 0.126562 0.760938 0.117188 0.757812 0.109375
3 0.543389 0.690625 0.445312 0.690625 0.445312 0.696875 0.431250 0.709375 0.421875 0.729688 0.415625 0.731250 0.415625 0.893750 0.443750 0.912500 0.459375 0.917188 0.542188 0.912500 0.564063 0.901563 0.581250 0.878125 0.585938 0.846875 0.587500 0.765625 0.589063 0.753125 0.595313 0.751563 0.595313 0.734375 0.590625 0.734375 0.582812 0.718750 0.554688 0.698438 0.551562 0.690625
0 0.548103 0.690625 0.442188 0.690625 0.423438 0.715625 0.415625 0.718750 0.415625 0.909375 0.443750 0.925000 0.446875 0.932813 0.546875 0.932813 0.551562 0.923438 0.584375 0.896875 0.595313 0.796875 0.601562 0.795312 0.601562 0.734375 0.593750 0.731250 0.579688 0.709375 0.559375 0.698438 0.556250 0.690625
5 0.220312 0.534375 0.209375 0.534375 0.209375 0.578125 0.215625 0.579688 0.221875 0.618750 0.228125 0.635938 0.234375 0.643750 0.259375 0.645312 0.281250 0.640625 0.300000 0.629687 0.332813 0.603125 0.339062 0.603125 0.315625 0.587500 0.235937 0.543750 0.231250 0.539062 0.231250 0.534375
5 0.398958 0.353125 0.354687 0.353125 0.350000 0.360938 0.285938 0.381250 0.220312 0.400000 0.196875 0.401562 0.196875 0.456250 0.203125 0.457813 0.206250 0.476562 0.210938 0.476562 0.217188 0.460938 0.251563 0.426563 0.281250 0.409375 0.303125 0.401562 0.329688 0.398438 0.407813 0.396875 0.407813 0.353125
0 0.768750 0.734375 0.628125 0.734375 0.609375 0.764062 0.603125 0.765625 0.603125 0.907813 0.609375 0.907813 0.625000 0.921875 0.625000 0.926562 0.710938 0.926562 0.712500 0.920312 0.750000 0.903125 0.776563 0.878125 0.789062 0.850000 0.793750 0.804688 0.796875 0.798438 0.801562 0.798438 0.801562 0.767188 0.793750 0.764062 0.776563 0.734375
0 0.417031 0.334375 0.265625 0.334375 0.262500 0.342187 0.200000 0.365625 0.165625 0.393750 0.165625 0.620313 0.225000 0.659375 0.275000 0.678125 0.331250 0.689063 0.332813 0.695312 0.384375 0.695312 0.385937 0.689063 0.453125 0.678125 0.528125 0.675000 0.546875 0.668750 0.565625 0.651563 0.575000 0.621875 0.579688 0.462500 0.582812 0.439063 0.589063 0.437500 0.589063 0.401562 0.582812 0.400000 0.573438 0.379688 0.553125 0.365625 0.478125 0.356250 0.429688 0.342187 0.425000 0.334375
