1 0.573438 0.178125 0.495312 0.178125 0.495312 0.184375 0.484375 0.189062 0.484375 0.414062 0.503125 0.423438 0.534375 0.425000 0.603125 0.410938 0.684375 0.376563 0.698438 0.359375 0.701562 0.310937 0.707812 0.309375 0.707812 0.289062 0.701562 0.287500 0.693750 0.254688 0.682813 0.234375 0.653125 0.207813 0.618750 0.190625 0.585938 0.185938 0.581250 0.178125
0 0.681875 0.403125 0.646875 0.403125 0.642188 0.412500 0.615625 0.423438 0.548438 0.440625 0.501563 0.445312 0.429688 0.442188 0.328125 0.410938 0.314063 0.414062 0.300000 0.426563 0.292187 0.442188 0.284375 0.445312 0.284375 0.617188 0.291123 0.631900 0.314063 0.659375 0.342187 0.682813 0.390625 0.701562 0.467187 0.712500 0.481155 0.717783 0.525730 0.718722 0.540625 0.714063 0.610938 0.700000 0.653125 0.682813 0.668750 0.673438 0.693750 0.646875 0.706250 0.625000 0.712500 0.601562 0.710938 0.456250 0.704688 0.428125 0.690625 0.403125
5 0.551250 0.471875 0.396875 0.471875 0.393750 0.479687 0.340625 0.493750 0.340625 0.507812 0.348438 0.512500 0.348438 0.518750 0.340625 0.521875 0.340625 0.537500 0.351562 0.542188 0.425000 0.625000 0.495312 0.692187 0.507812 0.698438 0.517188 0.695312 0.634375 0.579688 0.668750 0.535937 0.667188 0.526563 0.640625 0.517188 0.579688 0.482812 0.560937 0.478125 0.559375 0.471875
7 0.417500 0.234375 0.381250 0.234375 0.381250 0.239063 0.362500 0.251563 0.348438 0.267188 0.334375 0.304688 0.328125 0.306250 0.328125 0.378125 0.332813 0.378125 0.342187 0.392188 0.356250 0.403125 0.392188 0.415625 0.414062 0.418750 0.418750 0.421875 0.418750 0.426563 0.428125 0.426563 0.429688 0.420312 0.442188 0.415625 0.451562 0.404687 0.443750 0.356250 0.457813 0.325000 0.464062 0.323437 0.464062 0.278125 0.456250 0.275000 0.442188 0.251563 0.426563 0.239063 0.426563 0.234375
5 0.676562 0.546875 0.665625 0.546875 0.665625 0.551562 0.648438 0.570312 0.596875 0.615625 0.581250 0.632812 0.571875 0.640625 0.565625 0.640625 0.565625 0.665625 0.579688 0.668750 0.582812 0.676562 0.606250 0.676562 0.609375 0.668750 0.623437 0.664062 0.634375 0.662500 0.659375 0.665625 0.675000 0.659375 0.682813 0.643750 0.687500 0.546875
0 0.583984 0.165625 0.506961 0.168180 0.493750 0.171875 0.484375 0.181250 0.478809 0.192583 0.478125 0.414062 0.503125 0.426563 0.512664 0.429389 0.539877 0.427712 0.550000 0.425000 0.618750 0.409375 0.678125 0.382812 0.707812 0.357812 0.704969 0.278466 0.701562 0.265625 0.689063 0.237500 0.660937 0.201563 0.615625 0.178125 0.595313 0.173437 0.592187 0.165625
0 0.425066 0.178927 0.396363 0.184145 0.387500 0.187500 0.326562 0.217188 0.309375 0.234375 0.298438 0.254688 0.290655 0.267203 0.290625 0.375000 0.332813 0.398438 0.417187 0.425000 0.438113 0.422306 0.459375 0.403125 0.464062 0.381250 0.464019 0.378125 0.462902 0.226650 0.464062 0.218750 0.462500 0.203125 0.448437 0.184375 0.436994 0.179858
5 0.332813 0.521875 0.317188 0.582812 0.314063 0.587500 0.309375 0.587500 0.309375 0.643750 0.317188 0.645312 0.342187 0.660937 0.384375 0.670312 0.385937 0.676562 0.395313 0.676562 0.395313 0.671875 0.400000 0.668750 0.443750 0.653125 0.451562 0.653125 0.451562 0.646875 0.446875 0.646875 0.409375 0.610938 0.382812 0.578125 0.340625 0.534375 0.339062 0.521875
5 0.674870 0.446875 0.587500 0.446875 0.587500 0.451562 0.585938 0.453125 0.578125 0.454688 0.578125 0.465625 0.596875 0.465625 0.615625 0.471875 0.632812 0.473438 0.656250 0.481250 0.660937 0.484375 0.665625 0.484375 0.676562 0.489063 0.682813 0.489063 0.682813 0.446875
5 0.615430 0.465625 0.559375 0.465625 0.559375 0.478125 0.570312 0.478125 0.589063 0.484375 0.623437 0.509375 0.657813 0.525000 0.662500 0.532813 0.657813 0.539062 0.657813 0.553125 0.685937 0.525000 0.693750 0.514062 0.695312 0.507812 0.689063 0.500000 0.671875 0.487500 0.642188 0.475000 0.628125 0.473438 0.623437 0.470313 0.623437 0.465625
