4 0.575625 0.109375 0.540625 0.109375 0.540625 0.115625 0.504687 0.154688 0.490625 0.178125 0.478125 0.185938 0.478125 0.317188 0.484375 0.318750 0.485938 0.331250 0.484375 0.370312 0.498437 0.407813 0.523438 0.425000 0.526563 0.432812 0.543750 0.432812 0.545312 0.426563 0.609375 0.398438 0.642188 0.375000 0.678125 0.357812 0.712500 0.348438 0.775000 0.315625 0.832812 0.251563 0.842187 0.206250 0.845313 0.196875 0.851562 0.195312 0.851562 0.168750 0.846875 0.168750 0.817187 0.135937 0.803125 0.129688 0.725000 0.115625 0.598437 0.120313 0.587500 0.117188 0.584375 0.109375
0 0.790498 0.109375 0.504687 0.109375 0.488975 0.123064 0.478125 0.137500 0.478125 0.381250 0.493750 0.407813 0.507812 0.423438 0.529687 0.439063 0.560937 0.439063 0.592187 0.420312 0.660937 0.378125 0.771875 0.321875 0.843750 0.270313 0.857812 0.253125 0.857812 0.153125 0.829345 0.121970
0 0.654687 0.621875 0.615625 0.621875 0.584375 0.653125 0.584375 0.903125 0.595313 0.920312 0.604688 0.929688 0.626563 0.937500 0.712500 0.939063 0.728125 0.934375 0.796875 0.929688 0.831250 0.918750 0.857812 0.887500 0.857812 0.704688 0.818750 0.678125 0.667188 0.629687
0 0.820833 0.328125 0.798205 0.325209 0.770312 0.339062 0.612500 0.423438 0.578125 0.450000 0.578125 0.565625 0.607812 0.589063 0.632812 0.600000 0.759375 0.635938 0.781250 0.645312 0.805306 0.653561 0.826562 0.645312 0.846875 0.629687 0.864062 0.595313 0.864062 0.418750 0.851562 0.359375 0.829688 0.334375
7 0.507031 0.771875 0.464062 0.771875 0.464062 0.776563 0.437500 0.798438 0.381250 0.809375 0.332813 0.828125 0.279687 0.865625 0.235937 0.885938 0.215625 0.903125 0.215625 0.921875 0.232813 0.925000 0.246875 0.935937 0.271875 0.931250 0.295312 0.937500 0.328125 0.935937 0.342187 0.945312 0.359375 0.942187 0.382812 0.957812 0.390625 0.957812 0.395313 0.942187 0.407813 0.932813 0.501563 0.928125 0.520312 0.932813 0.529687 0.928125 0.551562 0.931250 0.565625 0.914062 0.570312 0.914062 0.570312 0.885938 0.562500 0.882812 0.553125 0.857812 0.534375 0.834375 0.535937 0.795312 0.515625 0.771875
4 0.294727 0.390625 0.235937 0.390625 0.234375 0.398438 0.220312 0.410938 0.187500 0.426563 0.181250 0.446875 0.178125 0.521875 0.165625 0.528125 0.165625 0.578125 0.173437 0.582812 0.181250 0.659375 0.207813 0.739062 0.207813 0.801562 0.257812 0.876563 0.262500 0.870313 0.285938 0.865625 0.309375 0.832812 0.318750 0.826562 0.364063 0.810937 0.426563 0.801562 0.457813 0.779687 0.479687 0.771875 0.532813 0.775000 0.551562 0.710938 0.556250 0.700000 0.564063 0.696875 0.564063 0.678125 0.556250 0.671875 0.557813 0.621875 0.550000 0.587500 0.545312 0.515625 0.539062 0.490625 0.531250 0.479687 0.492188 0.440625 0.448437 0.437500 0.326562 0.406250 0.306250 0.398438 0.303125 0.390625
0 0.406194 0.103125 0.193750 0.103125 0.166634 0.118147 0.146875 0.140625 0.146875 0.293750 0.176563 0.326562 0.203125 0.342187 0.328125 0.376563 0.379706 0.396234 0.429688 0.401562 0.456250 0.370312 0.462500 0.351562 0.464062 0.318750 0.464062 0.310937 0.462500 0.295312 0.456250 0.164062 0.445312 0.137500 0.414062 0.107813
0 0.208702 0.368917 0.181250 0.384375 0.169912 0.397327 0.165625 0.404687 0.173736 0.612039 0.176563 0.639062 0.195312 0.871875 0.203239 0.967159 0.230009 0.993931 0.517384 0.973716 0.565462 0.950770 0.570312 0.798438 0.559375 0.575000 0.551562 0.492188 0.535937 0.473438 0.514062 0.460938 0.482812 0.454688 0.459375 0.440625 0.421875 0.434375 0.401562 0.423438 0.296875 0.392188 0.243122 0.373834
8 0.232813 0.223438 0.231250 0.250000 0.237500 0.267188 0.268750 0.296875 0.307812 0.298438 0.317188 0.293750 0.332813 0.278125 0.348438 0.240625 0.335938 0.200000 0.321875 0.182812 0.304688 0.175000 0.278125 0.173437 0.262500 0.179688 0.246875 0.193750
3 0.816261 0.396188 0.812086 0.443030 0.817187 0.524656 0.809375 0.621875 0.793750 0.632812 0.773438 0.632812 0.704688 0.617188 0.632812 0.593750 0.600000 0.575000 0.589063 0.560937 0.581250 0.553125 0.578125 0.453125 0.617188 0.421875 0.771737 0.347955 0.795391 0.357230 0.810695 0.375781
1 0.587500 0.662500 0.593750 0.890625 0.600000 0.912500 0.617188 0.925000 0.648438 0.928125 0.800000 0.914062 0.820312 0.906250 0.837500 0.879687 0.840625 0.832812 0.839063 0.726562 0.828125 0.692187 0.648438 0.625000 0.617188 0.626563 0.598437 0.640625
