0 0.293750 0.378125 0.265625 0.378125 0.265625 0.384375 0.251563 0.396875 0.235937 0.426563 0.228125 0.429688 0.228125 0.670312 0.235937 0.673438 0.254688 0.718750 0.282813 0.746875 0.331250 0.773438 0.407813 0.798438 0.464062 0.806250 0.470313 0.807813 0.471875 0.814063 0.557813 0.814063 0.559375 0.807813 0.634375 0.798438 0.717187 0.776563 0.756250 0.756250 0.776563 0.737500 0.782813 0.737500 0.782813 0.378125 0.709375 0.378125 0.706250 0.385937 0.664062 0.403125 0.567187 0.421875 0.534375 0.423438 0.425000 0.418750 0.325000 0.393750 0.306250 0.385937 0.303125 0.378125
0 0.442188 0.059375 0.415913 0.050323 0.364063 0.059375 0.360938 0.067187 0.307812 0.089063 0.257812 0.135937 0.235937 0.173437 0.228125 0.176563 0.228125 0.326562 0.234375 0.326562 0.264062 0.353125 0.328125 0.378125 0.393750 0.393750 0.398438 0.401562 0.429688 0.401562 0.432812 0.393750 0.453125 0.382812 0.470313 0.354687 0.476562 0.353125 0.473325 0.128570 0.470313 0.120313 0.467187 0.089063 0.458413 0.070445 0.450000 0.059375
5 0.462259 0.471875 0.365625 0.471875 0.365625 0.634375 0.371875 0.635938 0.375000 0.650000 0.382812 0.776563 0.398438 0.795312 0.451562 0.782813 0.470313 0.770312 0.464062 0.765625 0.459375 0.729688 0.460938 0.575000 0.464062 0.540625 0.470313 0.539062 0.470313 0.471875
0 0.643489 0.040625 0.506250 0.040625 0.498437 0.056250 0.490625 0.057813 0.490625 0.378125 0.525000 0.400000 0.528125 0.407813 0.584375 0.407813 0.585938 0.401562 0.665625 0.387500 0.782813 0.340625 0.782813 0.129688 0.773833 0.115345 0.742153 0.086903 0.680141 0.055541 0.651563 0.040625
5 0.568630 0.446875 0.473438 0.446875 0.467187 0.510938 0.465625 0.518750 0.459375 0.520312 0.459375 0.756250 0.470313 0.762500 0.551562 0.728125 0.562500 0.715625 0.562500 0.707812 0.540625 0.681250 0.534375 0.607812 0.548438 0.590625 0.535937 0.582812 0.521875 0.560937 0.525000 0.520312 0.532813 0.503125 0.550000 0.495312 0.582812 0.492188 0.601562 0.496875 0.618750 0.467187 0.626563 0.464062 0.617188 0.457813 0.584375 0.456250 0.576562 0.446875
2 0.253125 0.264062 0.250000 0.326562 0.273438 0.350000 0.342187 0.378125 0.396875 0.392188 0.428125 0.392188 0.450000 0.381250 0.465625 0.359375 0.465625 0.254688 0.462500 0.123438 0.445312 0.089063 0.417187 0.090625 0.393750 0.104688 0.315625 0.132812 0.296875 0.148438 0.260937 0.195312
1 0.500000 0.104688 0.496875 0.362500 0.515625 0.392188 0.553125 0.401562 0.631250 0.389062 0.725000 0.357812 0.771875 0.331250 0.778125 0.309375 0.771875 0.214062 0.760938 0.182812 0.715625 0.131250 0.618750 0.092188 0.539062 0.079687 0.514062 0.089063
5 0.276562 0.484375 0.296875 0.676562 0.309375 0.734375 0.326562 0.756250 0.367188 0.754687 0.375000 0.751563 0.378125 0.721875 0.367188 0.620313 0.362500 0.491406 0.398438 0.481250 0.450000 0.482812 0.457813 0.479687 0.457813 0.473438 0.442188 0.459375 0.428125 0.459375 0.367188 0.464062
7 0.614062 0.485938 0.612500 0.496875 0.618750 0.503125 0.693750 0.517188 0.698438 0.510938 0.700000 0.459375 0.692187 0.431250 0.667188 0.410938 0.656250 0.409375
7 0.525000 0.515625 0.521875 0.560937 0.532813 0.576562 0.551562 0.584375 0.537500 0.612500 0.545312 0.684375 0.565625 0.704688 0.587500 0.715625 0.606250 0.717187 0.610938 0.707812 0.626563 0.706250 0.651563 0.673438 0.667188 0.679688 0.681250 0.706250 0.706250 0.712500 0.735938 0.704688 0.760938 0.673438 0.762500 0.651563 0.751563 0.620313 0.740625 0.610938 0.707812 0.601562 0.654687 0.615625 0.651563 0.607812 0.671875 0.571875 0.632812 0.546875 0.606250 0.539062 0.609375 0.500000 0.587500 0.493750 0.546875 0.493750 0.532813 0.500000
