5 0.491295 0.509375 0.439063 0.509375 0.435937 0.517188 0.396875 0.520312 0.390625 0.526563 0.382812 0.551562 0.379688 0.595313 0.371875 0.600000 0.371875 0.653125 0.376563 0.653125 0.396875 0.678125 0.415625 0.682813 0.485938 0.681250 0.501563 0.689063 0.514062 0.687500 0.520312 0.679688 0.526563 0.662500 0.532813 0.657813 0.539062 0.610938 0.545312 0.603125 0.551562 0.573438 0.550000 0.559375 0.551562 0.553125 0.557813 0.551562 0.557813 0.532813 0.504687 0.517188 0.500000 0.509375
0 0.720234 0.478125 0.412500 0.478125 0.382812 0.520312 0.329688 0.675000 0.321875 0.678125 0.321875 0.740625 0.348438 0.756250 0.351562 0.764062 0.398438 0.764062 0.400000 0.757812 0.407813 0.756250 0.562500 0.756250 0.709375 0.750000 0.744084 0.745145 0.764062 0.721875 0.764062 0.507812 0.732812 0.487500 0.728125 0.478125
5 0.530625 0.496875 0.496875 0.496875 0.496875 0.515625 0.537500 0.528125 0.551562 0.542188 0.556250 0.584375 0.550000 0.628125 0.550000 0.678125 0.571875 0.693750 0.571875 0.718750 0.578125 0.732812 0.593750 0.732812 0.601562 0.700000 0.625000 0.687500 0.637500 0.668750 0.662500 0.585938 0.675000 0.556250 0.682813 0.550000 0.639062 0.537500 0.596875 0.515625 0.542188 0.504687 0.539062 0.496875
0 0.313914 0.546875 0.154688 0.546875 0.148438 0.557813 0.128125 0.571875 0.128125 0.734375 0.141866 0.756386 0.156250 0.764062 0.264062 0.764062 0.264062 0.759375 0.285938 0.740625 0.293750 0.726562 0.295312 0.700000 0.304688 0.675000 0.337500 0.598437 0.341297 0.588278 0.338917 0.575202 0.337500 0.568750 0.322266 0.551822
0 0.735789 0.259375 0.576562 0.259375 0.576562 0.265625 0.559375 0.289062 0.517188 0.401562 0.509375 0.404687 0.509375 0.446875 0.515625 0.446875 0.535937 0.462500 0.578125 0.467187 0.706250 0.468750 0.739062 0.459375 0.759375 0.434375 0.762500 0.370312 0.762500 0.296875 0.743750 0.259375
0 0.507692 0.253125 0.316484 0.248631 0.298897 0.262694 0.291359 0.277761 0.292364 0.304881 0.300000 0.317188 0.315625 0.343750 0.364063 0.440625 0.376563 0.454688 0.398438 0.464062 0.408945 0.464831 0.435077 0.465333 0.453125 0.464062 0.481250 0.446875 0.531250 0.314063 0.539697 0.304119 0.547234 0.289052 0.529647 0.260927 0.515625 0.253125
0 0.231806 0.242695 0.157750 0.244033 0.146355 0.252083 0.132767 0.264766 0.128306 0.272792 0.129645 0.507652 0.150000 0.528125 0.179688 0.532813 0.185678 0.532398 0.193263 0.534181 0.200000 0.532813 0.210938 0.531250 0.309375 0.532813 0.346875 0.526563 0.360938 0.515625 0.368453 0.501708 0.368677 0.482313 0.318750 0.390625 0.260937 0.268750 0.246081 0.248045 0.238275 0.243364
7 0.315402 0.553125 0.210938 0.553125 0.210938 0.557813 0.181250 0.584375 0.165625 0.596875 0.159375 0.596875 0.159375 0.637500 0.167187 0.639062 0.165625 0.645312 0.159375 0.646875 0.159375 0.701562 0.245312 0.701562 0.248438 0.693750 0.262500 0.690625 0.275000 0.682813 0.295312 0.681250 0.312500 0.656250 0.331250 0.607812 0.339062 0.604688 0.339062 0.570312 0.334375 0.570312 0.323437 0.559375 0.323437 0.553125
5 0.607589 0.496875 0.559375 0.496875 0.559375 0.507812 0.668750 0.545312 0.675000 0.551562 0.675000 0.559375 0.648438 0.620313 0.642188 0.654687 0.625000 0.682813 0.635938 0.689063 0.673438 0.690625 0.689063 0.703125 0.714063 0.706250 0.721875 0.698438 0.728125 0.679688 0.735938 0.570312 0.745313 0.551562 0.721875 0.534375 0.618750 0.504687 0.615625 0.496875
1 0.195312 0.268750 0.178125 0.273438 0.165625 0.292187 0.164062 0.334375 0.171875 0.343750 0.164062 0.368750 0.167187 0.371875 0.160938 0.379688 0.165625 0.385937 0.162500 0.390625 0.167187 0.414062 0.160938 0.421875 0.160938 0.442188 0.154688 0.448437 0.160938 0.465625 0.160938 0.484375 0.165625 0.489063 0.160938 0.507812 0.182812 0.521875 0.318750 0.521875 0.348438 0.517188 0.357812 0.509375 0.365625 0.482812 0.295312 0.357812 0.262500 0.285938 0.246875 0.271875 0.196875 0.270313
2 0.332566 0.270469 0.318750 0.271875 0.307812 0.296875 0.309375 0.309375 0.376563 0.446875 0.384375 0.454688 0.403125 0.460938 0.442188 0.460938 0.468750 0.454688 0.478125 0.442188 0.526563 0.320312 0.529687 0.298438 0.523438 0.285938 0.507812 0.275000 0.481250 0.276562 0.472764 0.275491 0.464062 0.273438 0.461709 0.275994 0.448437 0.276562 0.414062 0.276562 0.386333 0.272478 0.340625 0.268750
1 0.626563 0.268750 0.582812 0.271875 0.570312 0.282813 0.557813 0.315625 0.557813 0.340625 0.553125 0.340625 0.543750 0.368750 0.534375 0.376563 0.529687 0.400000 0.518750 0.417187 0.520312 0.435937 0.528125 0.451562 0.542188 0.459375 0.656250 0.457813 0.670312 0.464062 0.698438 0.464062 0.734375 0.454688 0.742188 0.448437 0.746875 0.431250 0.742188 0.410938 0.745313 0.362500 0.740625 0.354687 0.746875 0.306250 0.740625 0.290625 0.723437 0.271875 0.654687 0.275000 0.626563 0.270313
