4 0.546355 0.046875 0.529687 0.046875 0.526563 0.054688 0.482812 0.062500 0.460938 0.090625 0.453125 0.093750 0.453125 0.320312 0.457813 0.320312 0.473438 0.340625 0.495312 0.350000 0.532813 0.346875 0.653125 0.290625 0.728125 0.245312 0.782813 0.226562 0.782813 0.067187 0.745313 0.054688 0.740625 0.046875 0.614062 0.046875 0.614062 0.053125 0.603125 0.062500 0.565625 0.057813 0.557813 0.054688 0.554688 0.046875
0 0.248125 0.290625 0.215625 0.290625 0.215625 0.892188 0.228125 0.895312 0.229687 0.901563 0.489063 0.901563 0.512500 0.873437 0.520312 0.848437 0.518750 0.490625 0.520312 0.476562 0.520312 0.420312 0.506250 0.392188 0.482812 0.376563 0.320312 0.321875 0.259375 0.298438 0.256250 0.290625
0 0.407625 0.059375 0.215625 0.059375 0.215625 0.265625 0.378125 0.320312 0.401562 0.318750 0.429688 0.298438 0.439063 0.275000 0.445312 0.273438 0.445312 0.106250 0.439063 0.104688 0.415625 0.059375
0 0.613170 0.546875 0.560937 0.546875 0.550000 0.565625 0.540625 0.570312 0.540625 0.870313 0.546875 0.870313 0.562500 0.889062 0.581250 0.900000 0.584375 0.907813 0.782813 0.907813 0.782813 0.618750 0.717187 0.596875 0.645312 0.565625 0.625000 0.554688 0.621875 0.546875
6 0.768620 0.046875 0.490625 0.046875 0.487500 0.054688 0.453125 0.082812 0.453125 0.328125 0.459375 0.328125 0.473438 0.343750 0.493750 0.354687 0.532813 0.353125 0.782813 0.229687 0.782813 0.053125 0.778125 0.053125 0.776563 0.046875
7 0.332292 0.090625 0.290625 0.090625 0.287500 0.098437 0.243750 0.128125 0.239063 0.157812 0.231250 0.165625 0.215625 0.167187 0.215625 0.259375 0.281250 0.278125 0.304688 0.279687 0.342187 0.303125 0.373437 0.312500 0.376563 0.320312 0.389062 0.320312 0.390625 0.314063 0.404687 0.309375 0.414062 0.300000 0.431250 0.265625 0.431250 0.210938 0.425000 0.193750 0.431250 0.173437 0.431250 0.139063 0.407813 0.106250 0.382812 0.096875 0.381250 0.090625 0.370312 0.090625 0.364063 0.098437 0.345313 0.098437 0.340625 0.090625
0 0.775000 0.259375 0.735938 0.259375 0.734375 0.267188 0.703125 0.282813 0.684375 0.298438 0.578125 0.346875 0.540625 0.373437 0.540625 0.490625 0.546875 0.490625 0.560937 0.504687 0.579688 0.514062 0.760938 0.581250 0.764062 0.589063 0.782813 0.589063 0.782813 0.259375
5 0.322917 0.353125 0.231250 0.353125 0.231250 0.359375 0.221875 0.362500 0.221875 0.437500 0.232813 0.434375 0.257812 0.414062 0.271875 0.415625 0.451562 0.581250 0.462500 0.582812 0.473438 0.556250 0.482812 0.479687 0.489063 0.460938 0.495312 0.459375 0.495312 0.418750 0.490625 0.418750 0.484375 0.404687 0.475000 0.398438 0.335938 0.360938 0.331250 0.353125
5 0.484219 0.721875 0.412500 0.721875 0.412500 0.726562 0.384375 0.759375 0.360938 0.798438 0.353125 0.801562 0.353125 0.825000 0.389062 0.832812 0.390625 0.839063 0.443750 0.839063 0.445312 0.832812 0.482812 0.829688 0.507812 0.821875 0.507812 0.784375 0.501563 0.782813 0.495312 0.760938 0.490625 0.737500 0.492188 0.721875
5 0.256250 0.412500 0.226562 0.445312 0.221875 0.445312 0.221875 0.768750 0.251563 0.792188 0.317188 0.826562 0.318750 0.832812 0.334375 0.832812 0.334375 0.828125 0.348438 0.818750 0.410938 0.723437 0.470313 0.629687 0.476562 0.612500 0.473438 0.604688 0.403125 0.535937 0.265625 0.412500
1 0.548438 0.584375 0.546875 0.834375 0.553125 0.856250 0.571875 0.871875 0.665625 0.871875 0.685937 0.878125 0.771875 0.881250 0.778125 0.871875 0.778125 0.625000 0.603125 0.551562 0.573438 0.554688
2 0.546875 0.403125 0.546875 0.476562 0.557813 0.495312 0.760938 0.578125 0.776563 0.576562 0.778125 0.268750 0.759375 0.267188 0.737500 0.276562 0.573438 0.362500 0.556250 0.378125
