0 0.259895 0.328125 0.215625 0.328125 0.215625 0.876563 0.235937 0.881250 0.315625 0.882812 0.317188 0.889062 0.454688 0.889062 0.456250 0.882812 0.485938 0.860938 0.495312 0.837500 0.501563 0.835938 0.501563 0.685937 0.495312 0.684375 0.501563 0.682813 0.495200 0.517417 0.495312 0.489063 0.493750 0.439063 0.484375 0.420312 0.464062 0.403125 0.276562 0.339062 0.268750 0.334375 0.268750 0.328125
4 0.695170 0.071875 0.615625 0.071875 0.610938 0.079687 0.564063 0.093750 0.476562 0.098437 0.460938 0.104688 0.446875 0.120313 0.428125 0.162500 0.415625 0.171875 0.415625 0.217188 0.421875 0.218750 0.423438 0.240625 0.431250 0.257812 0.442188 0.339062 0.453125 0.357812 0.473438 0.370312 0.475000 0.376563 0.490625 0.376563 0.492188 0.370312 0.556250 0.342187 0.703125 0.265625 0.754687 0.235937 0.782813 0.212500 0.782813 0.121875 0.776563 0.120313 0.751563 0.084375 0.709375 0.079687 0.703125 0.071875
0 0.583928 0.553125 0.534375 0.553125 0.515625 0.579688 0.510938 0.621875 0.503125 0.628125 0.503125 0.690625 0.509375 0.692187 0.510938 0.703125 0.510938 0.832812 0.517188 0.856250 0.535937 0.876563 0.553125 0.884375 0.578125 0.887500 0.734375 0.887500 0.765625 0.878125 0.782813 0.864062 0.782813 0.639062 0.743750 0.615625 0.595313 0.560937 0.592187 0.553125
5 0.289062 0.465625 0.287500 0.471875 0.262500 0.489063 0.256250 0.503125 0.257812 0.515625 0.250000 0.523438 0.234375 0.526563 0.234375 0.667188 0.240625 0.668750 0.293750 0.792188 0.318750 0.820312 0.340625 0.820312 0.376563 0.778125 0.459375 0.643750 0.470313 0.637500 0.470313 0.628125 0.465625 0.628125 0.382812 0.542188 0.289062 0.470313
5 0.296406 0.384375 0.221875 0.384375 0.221875 0.490625 0.229687 0.493750 0.245312 0.518750 0.259375 0.490625 0.268750 0.481250 0.292187 0.471875 0.351562 0.512500 0.428125 0.585938 0.437500 0.589063 0.446875 0.557813 0.446875 0.520312 0.453125 0.487500 0.457813 0.470313 0.464062 0.468750 0.464062 0.420312 0.415625 0.406250 0.315625 0.393750 0.306250 0.390625 0.304688 0.384375
7 0.215625 0.128125 0.215625 0.289062 0.356250 0.335938 0.371875 0.337500 0.389062 0.331250 0.401562 0.315625 0.407813 0.295312 0.414062 0.293750 0.414062 0.190625 0.407813 0.189062 0.404687 0.164062 0.390625 0.156250 0.364063 0.154688 0.329688 0.135937 0.326562 0.128125 0.317188 0.128125 0.315625 0.134375 0.293750 0.137500 0.271875 0.146875 0.253125 0.146875 0.231250 0.135937 0.229687 0.128125
0 0.695000 0.071875 0.621875 0.071875 0.617188 0.079687 0.576562 0.090625 0.476562 0.092188 0.457813 0.096875 0.437500 0.112500 0.425000 0.134375 0.423438 0.151562 0.415625 0.156250 0.415625 0.217188 0.420312 0.217188 0.423438 0.225000 0.431250 0.332813 0.439063 0.353125 0.450000 0.365625 0.484375 0.382812 0.485938 0.376563 0.551562 0.348438 0.712500 0.262500 0.754687 0.237500 0.782813 0.214062 0.782813 0.123438 0.776563 0.121875 0.757812 0.090625 0.732812 0.081250 0.704688 0.078125 0.703125 0.071875
0 0.749330 0.278125 0.698438 0.278125 0.693750 0.287500 0.532813 0.371875 0.509375 0.390625 0.509375 0.496875 0.550000 0.525000 0.720313 0.587500 0.723437 0.595313 0.745313 0.595313 0.748437 0.587500 0.759375 0.582812 0.773438 0.564063 0.782813 0.559375 0.782813 0.309375 0.775000 0.306250 0.757812 0.284375 0.757812 0.278125
5 0.448437 0.659375 0.446875 0.667188 0.425000 0.704688 0.403125 0.734375 0.379688 0.775000 0.359375 0.800000 0.351562 0.807813 0.346875 0.807813 0.346875 0.826562 0.407813 0.826562 0.407813 0.821875 0.414062 0.818750 0.476562 0.814063 0.484375 0.803125 0.489063 0.803125 0.489063 0.796875 0.482812 0.795312 0.479687 0.765625 0.464062 0.700000 0.459375 0.659375
0 0.382589 0.103125 0.221875 0.103125 0.221875 0.298438 0.334375 0.337500 0.339062 0.345313 0.379688 0.345313 0.382812 0.337500 0.414062 0.312500 0.414062 0.171875 0.407813 0.170313 0.407813 0.164062 0.414062 0.162500 0.414062 0.143750 0.407813 0.142187 0.406250 0.129688 0.390625 0.103125
1 0.518750 0.589063 0.518750 0.654687 0.507812 0.660937 0.506250 0.668750 0.520312 0.685937 0.520312 0.823438 0.529687 0.846875 0.542188 0.859375 0.568750 0.868750 0.737500 0.867188 0.767188 0.851562 0.776563 0.826562 0.771875 0.745313 0.775000 0.637500 0.745313 0.618750 0.703125 0.610938 0.567187 0.556250 0.531250 0.567187
3 0.729688 0.292187 0.728125 0.293750 0.723437 0.293750 0.721875 0.295312 0.718750 0.295312 0.717187 0.296875 0.715625 0.296875 0.714063 0.298438 0.712500 0.298438 0.710938 0.300000 0.709375 0.300000 0.707812 0.301563 0.704688 0.301563 0.703125 0.303125 0.700000 0.303125 0.698438 0.304688 0.696875 0.304688 0.695312 0.306250 0.693750 0.306250 0.692187 0.307812 0.690625 0.307812 0.689063 0.309375 0.687500 0.309375 0.685937 0.310937 0.684375 0.310937 0.682813 0.312500 0.681250 0.312500 0.679688 0.314063 0.678125 0.314063 0.676562 0.315625 0.675000 0.315625 0.670312 0.320312 0.668750 0.320312 0.665625 0.323437 0.662500 0.323437 0.660937 0.325000 0.657813 0.325000 0.656250 0.326562 0.654687 0.326562 0.653125 0.328125 0.651563 0.328125 0.650000 0.329688 0.648438 0.329688 0.646875 0.331250 0.643750 0.331250 0.642188 0.332813 0.640625 0.332813 0.634375 0.339062 0.631250 0.339062 0.629687 0.340625 0.628125 0.340625 0.626563 0.339062 0.621875 0.339062 0.618750 0.342187 0.617188 0.342187 0.615625 0.343750 0.614062 0.343750 0.610938 0.346875 0.609375 0.346875 0.606250 0.350000 0.604688 0.350000 0.601562 0.353125 0.600000 0.353125 0.596875 0.356250 0.595313 0.356250 0.593750 0.357812 0.592187 0.357812 0.589063 0.360938 0.587500 0.360938 0.585938 0.362500 0.584375 0.362500 0.582812 0.364063 0.581250 0.364063 0.579688 0.365625 0.578125 0.365625 0.576562 0.367188 0.575000 0.367188 0.573438 0.368750 0.570312 0.368750 0.568750 0.370312 0.567187 0.370312 0.565625 0.371875 0.564063 0.371875 0.562500 0.373437 0.560937 0.373437 0.559375 0.375000 0.557813 0.375000 0.556250 0.376563 0.554688 0.376563 0.553125 0.378125 0.551562 0.378125 0.550000 0.379688 0.546875 0.379688 0.545312 0.381250 0.543750 0.381250 0.542188 0.382812 0.540625 0.382812 0.539062 0.384375 0.537500 0.384375 0.532813 0.389062 0.531250 0.389062 0.526563 0.393750 0.525000 0.393750 0.520312 0.398438 0.518750 0.398438 0.514062 0.403125 0.514062 0.487500 0.515625 0.489063 0.515625 0.490625 0.529687 0.504687 0.529687 0.506250 0.543750 0.520312 0.545312 0.520312 0.546875 0.521875 0.550000 0.521875 0.551562 0.523438 0.554688 0.523438 0.556250 0.525000 0.559375 0.525000 0.560937 0.526563 0.564063 0.526563 0.565625 0.528125 0.568750 0.528125 0.570312 0.529687 0.573438 0.529687 0.575000 0.531250 0.578125 0.531250 0.579688 0.532813 0.582812 0.532813 0.584375 0.534375 0.589063 0.534375 0.590625 0.535937 0.593750 0.535937 0.595313 0.537500 0.598437 0.537500 0.600000 0.539062 0.603125 0.539062 0.604688 0.540625 0.607812 0.540625 0.609375 0.542188 0.612500 0.542188 0.614062 0.543750 0.617188 0.543750 0.618750 0.545312 0.621875 0.545312 0.623437 0.546875 0.626563 0.546875 0.628125 0.548438 0.631250 0.548438 0.632812 0.550000 0.635938 0.550000 0.637500 0.551562 0.642188 0.551562 0.643750 0.553125 0.645312 0.553125 0.653125 0.560937 0.654687 0.560937 0.656250 0.562500 0.657813 0.562500 0.659375 0.564063 0.660937 0.564063 0.662500 0.565625 0.665625 0.565625 0.667188 0.567187 0.670312 0.567187 0.671875 0.568750 0.675000 0.568750 0.676562 0.570312 0.679688 0.570312 0.681250 0.571875 0.684375 0.571875 0.685937 0.573438 0.689063 0.573438 0.690625 0.575000 0.692187 0.575000 0.693750 0.576562 0.696875 0.576562 0.698438 0.578125 0.701562 0.578125 0.703125 0.579688 0.706250 0.579688 0.707812 0.581250 0.710938 0.581250 0.712500 0.582812 0.715625 0.582812 0.717187 0.584375 0.720313 0.584375 0.721875 0.585938 0.725000 0.585938 0.726562 0.584375 0.732812 0.584375 0.734375 0.582812 0.740625 0.582812 0.742188 0.581250 0.748437 0.581250 0.750000 0.579688 0.753125 0.579688 0.754687 0.578125 0.756250 0.578125 0.764062 0.570312 0.765625 0.570312 0.768750 0.567187 0.767188 0.565625 0.768750 0.564063 0.768750 0.562500 0.767188 0.560937 0.768750 0.559375 0.767188 0.557813 0.768750 0.556250 0.768750 0.481250 0.767188 0.479687 0.767188 0.467187 0.768750 0.465625 0.767188 0.464062 0.768750 0.462500 0.767188 0.460938 0.767188 0.453125 0.768750 0.451562 0.767188 0.450000 0.768750 0.448437 0.767188 0.446875 0.767188 0.439063 0.768750 0.437500 0.767188 0.435937 0.767188 0.423438 0.768750 0.421875 0.767188 0.420312 0.767188 0.404687 0.768750 0.403125 0.767188 0.401562 0.768750 0.400000 0.767188 0.398438 0.767188 0.390625 0.768750 0.389062 0.767188 0.387500 0.767188 0.379688 0.768750 0.378125 0.767188 0.376563 0.767188 0.345313 0.765625 0.343750 0.765625 0.321875 0.767188 0.320312 0.767188 0.318750 0.765625 0.317188 0.765625 0.315625 0.764062 0.314063 0.764062 0.312500 0.762500 0.310937 0.762500 0.309375 0.760938 0.307812 0.760938 0.306250 0.759375 0.304688 0.759375 0.303125 0.757812 0.303125 0.756250 0.301563 0.750000 0.301563 0.748437 0.300000 0.745313 0.300000 0.743750 0.298438 0.742188 0.298438 0.737500 0.293750 0.735938 0.293750 0.734375 0.292187
