6 0.472395 0.000000 0.454688 0.000000 0.453125 0.006250 0.446875 0.007812 0.446875 0.140625 0.453125 0.142187 0.446875 0.204687 0.454688 0.207813 0.457813 0.220312 0.470313 0.307812 0.478125 0.321875 0.504687 0.337500 0.507812 0.345313 0.535937 0.345313 0.539062 0.337500 0.712500 0.242188 0.776563 0.215625 0.798438 0.195312 0.831250 0.181250 0.842187 0.170313 0.845313 0.146875 0.867188 0.118750 0.867188 0.081250 0.854688 0.060937 0.865625 0.025000 0.851562 0.000000 0.562500 0.000000 0.529687 0.026562 0.482812 0.004687 0.481250 0.000000
6 0.136719 0.003125 0.128125 0.003125 0.128125 0.228125 0.260937 0.275000 0.290625 0.279687 0.353125 0.300000 0.384375 0.296875 0.403125 0.284375 0.412500 0.273438 0.420312 0.251563 0.412500 0.212500 0.406250 0.096875 0.396875 0.068750 0.385937 0.060937 0.353125 0.054688 0.342187 0.046875 0.320312 0.025000 0.312500 0.003125 0.243750 0.003125 0.242188 0.028125 0.234375 0.034375 0.200000 0.017188 0.157812 0.015625 0.148438 0.010937 0.145313 0.003125
0 0.846428 0.228125 0.796875 0.228125 0.795312 0.235937 0.710938 0.282813 0.668750 0.315625 0.640625 0.329688 0.626563 0.331250 0.592187 0.351562 0.579688 0.375000 0.571875 0.376563 0.571875 0.493750 0.579688 0.496875 0.590625 0.518750 0.614062 0.532813 0.715625 0.562500 0.778125 0.590625 0.829688 0.606250 0.834375 0.614062 0.868750 0.614062 0.875000 0.585938 0.876563 0.315625 0.871875 0.273438 0.854688 0.228125
0 0.390487 0.003125 0.128125 0.003125 0.128125 0.232813 0.248438 0.275000 0.346875 0.298438 0.354687 0.307812 0.378125 0.307812 0.381250 0.300000 0.407813 0.284375 0.423438 0.254688 0.426563 0.214062 0.418750 0.051562 0.398438 0.003125
0 0.849909 0.003125 0.446875 0.003125 0.446875 0.239063 0.454688 0.245312 0.459375 0.287500 0.471875 0.317188 0.493750 0.337500 0.528125 0.351562 0.529687 0.345313 0.575000 0.329688 0.857812 0.164062 0.867188 0.146875 0.870313 0.112500 0.862500 0.059375 0.864062 0.026562 0.857812 0.003125
7 0.744792 0.315625 0.678125 0.315625 0.676562 0.321875 0.646875 0.332813 0.600000 0.362500 0.579688 0.387500 0.571875 0.390625 0.571875 0.473438 0.579688 0.476562 0.589063 0.500000 0.604688 0.515625 0.685937 0.532813 0.728125 0.551562 0.760938 0.557813 0.781250 0.567187 0.825000 0.564063 0.840625 0.545312 0.871875 0.529687 0.870313 0.470313 0.854688 0.434375 0.809375 0.368750 0.779687 0.337500 0.756250 0.323437 0.753125 0.315625
0 0.679102 0.565625 0.620313 0.565625 0.592187 0.601562 0.584375 0.604688 0.584375 0.798438 0.590625 0.800000 0.595313 0.935937 0.603125 0.960938 0.639062 0.998437 0.718750 0.998437 0.748437 0.989062 0.876563 0.975000 0.876563 0.639062 0.690625 0.573438 0.687500 0.565625
1 0.671875 0.578125 0.609375 0.578125 0.609375 0.584375 0.589063 0.607812 0.584375 0.607812 0.584375 0.721875 0.590625 0.723437 0.595313 0.768750 0.600000 0.915625 0.606250 0.926562 0.635938 0.931250 0.645312 0.943750 0.645312 0.957812 0.639062 0.964063 0.620313 0.968750 0.626563 0.982812 0.657813 0.982812 0.665625 0.968750 0.695312 0.959375 0.759375 0.953125 0.876563 0.921875 0.876563 0.659375 0.839063 0.640625 0.685937 0.587500 0.679688 0.578125
5 0.329688 0.309375 0.301563 0.309375 0.298438 0.317188 0.260937 0.342187 0.225000 0.384375 0.200000 0.398438 0.156250 0.460938 0.135937 0.500000 0.128125 0.503125 0.128125 0.837500 0.135937 0.840625 0.145313 0.867188 0.175000 0.892188 0.195312 0.904687 0.234375 0.917188 0.254688 0.934375 0.257812 0.953125 0.262500 0.953125 0.260937 0.942187 0.265625 0.932813 0.267188 0.939063 0.281250 0.946875 0.287500 0.964063 0.315625 0.984375 0.307812 0.990625 0.314063 0.998437 0.495312 0.998437 0.495312 0.654687 0.482812 0.657813 0.476562 0.679688 0.470313 0.667188 0.468750 0.606250 0.454688 0.518750 0.415625 0.443750 0.414062 0.428125 0.376563 0.387500 0.364063 0.350000 0.339062 0.309375
0 0.125820 0.282636 0.125906 0.996012 0.549338 0.996012 0.566445 0.971698 0.574258 0.968573 0.574258 0.907636 0.569570 0.907636 0.566445 0.899823 0.558633 0.835761 0.553945 0.710761 0.544570 0.638886 0.539883 0.493573 0.530508 0.434198 0.519570 0.407636 0.503945 0.392011 0.485195 0.382636 0.422695 0.359198 0.393008 0.352948 0.341445 0.331073 0.307070 0.326386 0.285195 0.313886 0.205508 0.290448 0.159897 0.277523
