2 0.512500 0.382812 0.514062 0.493750 0.531250 0.518750 0.787500 0.623437 0.831250 0.623437 0.857812 0.603125 0.867188 0.571875 0.854688 0.392188 0.848437 0.368750 0.846875 0.278125 0.829688 0.251563 0.818750 0.250000 0.807813 0.239063 0.779687 0.234375 0.750000 0.243750 0.712500 0.267188 0.695312 0.270313 0.585938 0.325000 0.556250 0.328125 0.553125 0.339062 0.526563 0.356250
6 0.415625 0.035937 0.415625 0.079687 0.421875 0.092188 0.407813 0.290625 0.423438 0.317188 0.450000 0.329688 0.482812 0.329688 0.562500 0.295312 0.804688 0.176563 0.828125 0.157812 0.837500 0.093750 0.829688 0.095312 0.818750 0.076563 0.809375 0.078125 0.795312 0.065625 0.798438 0.046875 0.814063 0.034375 0.809375 0.007812 0.785937 0.010937 0.785937 0.017188 0.757812 0.018750 0.751563 0.006250 0.731250 0.000000 0.520312 0.000000 0.507812 0.017188 0.476562 0.023438 0.457813 0.015625
6 0.126562 0.004687 0.126562 0.223438 0.293750 0.282813 0.318750 0.281250 0.350000 0.265625 0.365625 0.245312 0.373437 0.200000 0.367188 0.129688 0.373437 0.068750 0.370312 0.032813 0.343750 0.015625 0.307812 0.004687 0.260937 0.000000 0.132812 0.000000
5 0.126562 0.420312 0.126562 0.925000 0.143750 0.929688 0.159375 0.921875 0.209375 0.923438 0.218750 0.917188 0.246875 0.923438 0.365625 0.921875 0.371875 0.935937 0.381250 0.926562 0.404687 0.918750 0.425000 0.920312 0.440625 0.898438 0.448437 0.870313 0.448437 0.834375 0.414062 0.710938 0.415625 0.495312 0.395313 0.448437 0.376563 0.350000 0.321875 0.353125 0.210938 0.381250 0.165625 0.398438 0.137500 0.420312
5 0.410938 0.468750 0.418750 0.518750 0.412500 0.556250 0.409375 0.617188 0.414062 0.656250 0.409375 0.679688 0.428125 0.751563 0.231250 0.967187 0.203125 0.984375 0.201563 0.998437 0.453125 0.995313 0.456250 0.979688 0.445312 0.970313 0.428125 0.925000 0.456250 0.910937 0.459375 0.526563 0.440625 0.489063 0.426563 0.473438
5 0.135937 0.356250 0.126562 0.359375 0.126562 0.392188 0.146875 0.400000 0.304688 0.356250 0.321875 0.345313 0.296875 0.334375 0.279687 0.334375 0.262500 0.348438 0.229687 0.357812 0.210938 0.351562
7 0.584375 0.825000 0.585938 0.856250 0.598437 0.900000 0.610938 0.912500 0.610938 0.928125 0.645312 0.937500 0.646875 0.946875 0.685937 0.964063 0.720313 0.964063 0.754687 0.951562 0.785937 0.921875 0.798438 0.898438 0.803125 0.868750 0.790625 0.820312 0.753125 0.770312 0.706250 0.743750 0.664062 0.739062 0.639062 0.751563 0.598437 0.787500
7 0.540625 0.792188 0.539062 0.843750 0.557813 0.895312 0.584375 0.921875 0.601562 0.929688 0.621875 0.928125 0.589063 0.867188 0.582812 0.831250 0.596875 0.787500 0.651563 0.737500 0.635938 0.729688 0.589063 0.737500 0.553125 0.771875
7 0.515625 0.629687 0.515625 0.640625 0.523438 0.650000 0.565625 0.675000 0.614062 0.693750 0.692187 0.704688 0.704688 0.703125 0.715625 0.685937 0.714063 0.675000 0.692187 0.657813 0.587500 0.614062 0.535937 0.609375
7 0.693750 0.654687 0.715625 0.678125 0.706250 0.703125 0.687500 0.706250 0.685937 0.712500 0.775000 0.789062 0.803125 0.740625 0.792188 0.707812 0.768750 0.682813
7 0.554688 0.668750 0.556250 0.703125 0.571875 0.732812 0.589063 0.732812 0.609375 0.718750 0.654687 0.723437 0.662500 0.731250 0.678125 0.732812 0.668750 0.706250
7 0.784375 0.800000 0.798438 0.832812 0.804688 0.873437 0.801562 0.895312 0.775000 0.937500 0.779687 0.971875 0.795312 0.998437 0.873437 0.998437 0.873437 0.840625 0.850000 0.815625 0.820312 0.796875 0.800000 0.792188
0 0.784375 0.215625 0.781250 0.218750 0.773438 0.218750 0.771875 0.220312 0.770312 0.220312 0.768750 0.221875 0.767188 0.221875 0.764062 0.225000 0.760938 0.225000 0.759375 0.226562 0.756250 0.226562 0.754687 0.228125 0.753125 0.228125 0.751563 0.229687 0.750000 0.229687 0.748437 0.231250 0.743750 0.231250 0.742188 0.232813 0.740625 0.232813 0.739062 0.234375 0.735938 0.234375 0.731250 0.239063 0.729688 0.239063 0.728125 0.240625 0.726562 0.240625 0.725000 0.242188 0.723437 0.242188 0.721875 0.243750 0.718750 0.243750 0.717187 0.245312 0.714063 0.245312 0.712500 0.246875 0.710938 0.246875 0.707812 0.250000 0.706250 0.250000 0.704688 0.251563 0.703125 0.251563 0.700000 0.254688 0.698438 0.254688 0.695312 0.257812 0.693750 0.257812 0.692187 0.259375 0.689063 0.259375 0.687500 0.260937 0.685937 0.260937 0.684375 0.262500 0.682813 0.262500 0.681250 0.264062 0.679688 0.264062 0.678125 0.265625 0.676562 0.265625 0.675000 0.267188 0.673438 0.267188 0.668750 0.271875 0.667188 0.271875 0.665625 0.273438 0.664062 0.273438 0.662500 0.275000 0.660937 0.275000 0.659375 0.276562 0.657813 0.276562 0.656250 0.278125 0.653125 0.278125 0.651563 0.279687 0.650000 0.279687 0.648438 0.281250 0.646875 0.281250 0.645312 0.282813 0.643750 0.282813 0.640625 0.285938 0.639062 0.285938 0.637500 0.287500 0.635938 0.287500 0.634375 0.289062 0.631250 0.289062 0.629687 0.290625 0.626563 0.290625 0.625000 0.292187 0.623437 0.292187 0.620313 0.295312 0.617188 0.295312 0.615625 0.296875 0.612500 0.296875 0.610938 0.298438 0.609375 0.298438 0.607812 0.300000 0.606250 0.300000 0.604688 0.301563 0.603125 0.301563 0.601562 0.303125 0.600000 0.303125 0.598437 0.304688 0.595313 0.304688 0.592187 0.307812 0.589063 0.307812 0.587500 0.309375 0.585938 0.309375 0.584375 0.310937 0.581250 0.310937 0.579688 0.312500 0.576562 0.312500 0.575000 0.314063 0.573438 0.314063 0.568750 0.318750 0.565625 0.318750 0.562500 0.321875 0.560937 0.321875 0.559375 0.323437 0.556250 0.323437 0.554688 0.325000 0.553125 0.325000 0.550000 0.328125 0.548438 0.328125 0.546875 0.329688 0.545312 0.329688 0.542188 0.332813 0.539062 0.332813 0.537500 0.334375 0.535937 0.334375 0.531250 0.339062 0.529687 0.339062 0.526563 0.342187 0.526563 0.343750 0.523438 0.346875 0.523438 0.348438 0.517188 0.354687 0.517188 0.356250 0.515625 0.357812 0.515625 0.360938 0.514062 0.362500 0.514062 0.365625 0.512500 0.367188 0.512500 0.371875 0.510938 0.373437 0.510938 0.376563 0.509375 0.378125 0.509375 0.382812 0.507812 0.384375 0.507812 0.401562 0.506250 0.403125 0.506250 0.481250 0.507812 0.482812 0.507812 0.487500 0.509375 0.489063 0.509375 0.490625 0.510938 0.492188 0.510938 0.493750 0.514062 0.496875 0.514062 0.501563 0.515625 0.503125 0.515625 0.504687 0.520312 0.509375 0.520312 0.510938 0.523438 0.514062 0.523438 0.515625 0.531250 0.523438 0.534375 0.523438 0.540625 0.529687 0.542188 0.529687 0.543750 0.531250 0.545312 0.531250 0.546875 0.532813 0.548438 0.532813 0.550000 0.534375 0.551562 0.534375 0.553125 0.535937 0.556250 0.535937 0.557813 0.537500 0.559375 0.537500 0.560937 0.539062 0.562500 0.539062 0.564063 0.540625 0.567187 0.540625 0.570312 0.543750 0.575000 0.543750 0.576562 0.545312 0.578125 0.545312 0.579688 0.546875 0.584375 0.546875 0.585938 0.548438 0.587500 0.548438 0.589063 0.550000 0.590625 0.550000 0.592187 0.551562 0.592187 0.554688 0.593750 0.554688 0.595313 0.556250 0.600000 0.556250 0.601562 0.557813 0.603125 0.557813 0.604688 0.559375 0.606250 0.559375 0.607812 0.560937 0.610938 0.560937 0.612500 0.562500 0.615625 0.562500 0.617188 0.564063 0.621875 0.564063 0.623437 0.565625 0.628125 0.565625 0.629687 0.567187 0.631250 0.567187 0.632812 0.568750 0.634375 0.568750 0.635938 0.570312 0.637500 0.570312 0.639062 0.571875 0.640625 0.571875 0.642188 0.573438 0.645312 0.573438 0.646875 0.575000 0.648438 0.575000 0.650000 0.576562 0.651563 0.576562 0.653125 0.578125 0.654687 0.578125 0.656250 0.579688 0.659375 0.579688 0.660937 0.581250 0.664062 0.581250 0.665625 0.582812 0.671875 0.582812 0.673438 0.584375 0.676562 0.584375 0.678125 0.585938 0.682813 0.585938 0.684375 0.587500 0.685937 0.587500 0.687500 0.589063 0.689063 0.589063 0.690625 0.590625 0.692187 0.590625 0.693750 0.592187 0.696875 0.592187 0.698438 0.593750 0.701562 0.593750 0.703125 0.595313 0.704688 0.595313 0.706250 0.596875 0.709375 0.596875 0.710938 0.598437 0.712500 0.598437 0.714063 0.600000 0.717187 0.600000 0.718750 0.601562 0.721875 0.601562 0.723437 0.603125 0.726562 0.603125 0.728125 0.604688 0.729688 0.604688 0.731250 0.606250 0.735938 0.606250 0.737500 0.607812 0.739062 0.607812 0.740625 0.609375 0.742188 0.609375 0.743750 0.610938 0.746875 0.610938 0.748437 0.612500 0.750000 0.612500 0.751563 0.614062 0.754687 0.614062 0.756250 0.615625 0.757812 0.615625 0.762500 0.620313 0.764062 0.620313 0.765625 0.621875 0.767188 0.621875 0.768750 0.623437 0.773438 0.623437 0.775000 0.625000 0.779687 0.625000 0.781250 0.626563 0.784375 0.626563 0.785937 0.628125 0.787500 0.628125 0.789062 0.629687 0.793750 0.629687 0.795312 0.631250 0.800000 0.631250 0.801562 0.632812 0.804688 0.632812 0.806250 0.634375 0.812500 0.634375 0.814063 0.635938 0.837500 0.635938 0.839063 0.634375 0.843750 0.634375 0.845313 0.632812 0.846875 0.632812 0.848437 0.631250 0.850000 0.631250 0.851562 0.629687 0.853125 0.629687 0.859375 0.623437 0.860938 0.623437 0.868750 0.615625 0.868750 0.614062 0.871875 0.610938 0.871875 0.609375 0.875000 0.606250 0.875000 0.570312 0.873437 0.568750 0.875000 0.567187 0.875000 0.551562 0.873437 0.550000 0.873437 0.540625 0.871875 0.539062 0.871875 0.517188 0.870313 0.515625 0.870313 0.514062 0.871875 0.512500 0.871875 0.495312 0.870313 0.493750 0.870313 0.489063 0.871875 0.487500 0.871875 0.485938 0.873437 0.484375 0.873437 0.475000 0.875000 0.473438 0.875000 0.446875 0.873437 0.445312 0.873437 0.332813 0.875000 0.331250 0.875000 0.312500 0.873437 0.310937 0.873437 0.300000 0.871875 0.298438 0.871875 0.289062 0.870313 0.287500 0.870313 0.268750 0.868750 0.267188 0.868750 0.264062 0.867188 0.262500 0.867188 0.260937 0.865625 0.259375 0.865625 0.257812 0.862500 0.254688 0.860938 0.254688 0.853125 0.246875 0.853125 0.245312 0.851562 0.243750 0.851562 0.242188 0.848437 0.239063 0.846875 0.239063 0.840625 0.232813 0.839063 0.232813 0.837500 0.231250 0.837500 0.229687 0.835938 0.229687 0.828125 0.221875 0.826562 0.221875 0.825000 0.220312 0.821875 0.220312 0.820312 0.218750 0.810937 0.218750 0.809375 0.217188 0.800000 0.217188 0.798438 0.215625
0 0.565625 0.571875 0.564063 0.573438 0.559375 0.573438 0.557813 0.575000 0.556250 0.575000 0.554688 0.576562 0.553125 0.576562 0.550000 0.579688 0.546875 0.579688 0.545312 0.581250 0.543750 0.581250 0.542188 0.582812 0.540625 0.582812 0.539062 0.584375 0.537500 0.584375 0.535937 0.585938 0.534375 0.585938 0.521875 0.598437 0.521875 0.600000 0.517188 0.604688 0.517188 0.606250 0.515625 0.607812 0.515625 0.609375 0.514062 0.610938 0.514062 0.612500 0.512500 0.614062 0.512500 0.617188 0.510938 0.618750 0.510938 0.621875 0.509375 0.623437 0.509375 0.625000 0.507812 0.626563 0.507812 0.628125 0.506250 0.629687 0.506250 0.632812 0.504687 0.634375 0.504687 0.637500 0.503125 0.639062 0.503125 0.640625 0.501563 0.642188 0.501563 0.646875 0.500000 0.648438 0.500000 0.668750 0.501563 0.670312 0.501563 0.673438 0.503125 0.675000 0.503125 0.692187 0.504687 0.693750 0.504687 0.742188 0.503125 0.743750 0.503125 0.770312 0.504687 0.771875 0.504687 0.776563 0.503125 0.778125 0.503125 0.842187 0.501563 0.843750 0.501563 0.850000 0.500000 0.851562 0.500000 0.881250 0.498437 0.882812 0.498437 0.923438 0.500000 0.925000 0.500000 0.935937 0.501563 0.937500 0.501563 0.940625 0.503125 0.942187 0.503125 0.950000 0.504687 0.951562 0.504687 0.956250 0.506250 0.957812 0.506250 0.964063 0.504687 0.965625 0.504687 0.982812 0.506250 0.984375 0.506250 0.985938 0.507812 0.987500 0.507812 0.989062 0.509375 0.990625 0.509375 0.992188 0.514062 0.996875 0.515625 0.996875 0.517188 0.998437 0.879687 0.998437 0.878125 0.996875 0.878125 0.995313 0.876563 0.993750 0.876563 0.992188 0.871875 0.987500 0.871875 0.982812 0.873437 0.981250 0.873437 0.970313 0.871875 0.968750 0.871875 0.909375 0.870313 0.907813 0.870313 0.889062 0.871875 0.887500 0.871875 0.879687 0.873437 0.878125 0.873437 0.853125 0.871875 0.851562 0.871875 0.842187 0.873437 0.840625 0.873437 0.832812 0.875000 0.831250 0.875000 0.812500 0.876563 0.810937 0.876563 0.803125 0.875000 0.801562 0.875000 0.764062 0.873437 0.762500 0.873437 0.753125 0.875000 0.751563 0.875000 0.748437 0.876563 0.746875 0.876563 0.743750 0.878125 0.742188 0.878125 0.714063 0.876563 0.712500 0.876563 0.703125 0.875000 0.701562 0.875000 0.693750 0.873437 0.692187 0.873437 0.690625 0.871875 0.689063 0.871875 0.687500 0.862500 0.678125 0.860938 0.678125 0.859375 0.676562 0.857812 0.676562 0.856250 0.675000 0.853125 0.675000 0.851562 0.673438 0.848437 0.673438 0.846875 0.671875 0.845313 0.671875 0.843750 0.670312 0.842187 0.670312 0.840625 0.668750 0.839063 0.668750 0.837500 0.667188 0.834375 0.667188 0.832812 0.665625 0.829688 0.665625 0.828125 0.664062 0.826562 0.664062 0.825000 0.662500 0.821875 0.662500 0.820312 0.660937 0.817187 0.660937 0.815625 0.659375 0.801562 0.659375 0.798438 0.656250 0.796875 0.656250 0.793750 0.653125 0.792188 0.653125 0.790625 0.651563 0.787500 0.651563 0.785937 0.650000 0.782813 0.650000 0.781250 0.648438 0.779687 0.648438 0.778125 0.646875 0.775000 0.646875 0.773438 0.645312 0.771875 0.645312 0.770312 0.643750 0.767188 0.643750 0.765625 0.642188 0.762500 0.642188 0.760938 0.640625 0.757812 0.640625 0.756250 0.639062 0.753125 0.639062 0.751563 0.637500 0.750000 0.637500 0.748437 0.635938 0.746875 0.635938 0.745313 0.634375 0.742188 0.634375 0.740625 0.632812 0.739062 0.632812 0.737500 0.631250 0.734375 0.631250 0.732812 0.629687 0.731250 0.629687 0.729688 0.628125 0.726562 0.628125 0.725000 0.626563 0.723437 0.626563 0.721875 0.625000 0.720313 0.625000 0.712500 0.617188 0.710938 0.617188 0.707812 0.614062 0.706250 0.614062 0.704688 0.612500 0.701562 0.612500 0.700000 0.610938 0.685937 0.610938 0.684375 0.609375 0.682813 0.609375 0.681250 0.607812 0.679688 0.607812 0.678125 0.606250 0.676562 0.606250 0.675000 0.604688 0.673438 0.604688 0.670312 0.601562 0.668750 0.601562 0.667188 0.600000 0.664062 0.600000 0.662500 0.598437 0.660937 0.598437 0.659375 0.596875 0.656250 0.596875 0.654687 0.595313 0.653125 0.595313 0.651563 0.593750 0.646875 0.593750 0.645312 0.592187 0.639062 0.592187 0.637500 0.590625 0.634375 0.590625 0.632812 0.589063 0.631250 0.589063 0.629687 0.587500 0.618750 0.587500 0.617188 0.585938 0.615625 0.585938 0.614062 0.584375 0.610938 0.584375 0.609375 0.582812 0.607812 0.582812 0.606250 0.581250 0.603125 0.581250 0.601562 0.579688 0.595313 0.579688 0.593750 0.578125 0.589063 0.578125 0.587500 0.576562 0.584375 0.576562 0.582812 0.575000 0.581250 0.575000 0.579688 0.573438 0.575000 0.573438 0.573438 0.571875
0 0.423438 0.000000 0.412500 0.010937 0.412500 0.012500 0.410938 0.014063 0.410938 0.015625 0.409375 0.017188 0.409375 0.018750 0.407813 0.020313 0.407813 0.021875 0.406250 0.023438 0.406250 0.028125 0.404687 0.029687 0.404687 0.034375 0.403125 0.035937 0.403125 0.062500 0.401562 0.064062 0.401562 0.112500 0.403125 0.114062 0.403125 0.125000 0.401562 0.126562 0.401562 0.142187 0.400000 0.143750 0.400000 0.176563 0.398438 0.178125 0.398438 0.181250 0.396875 0.182812 0.396875 0.189062 0.395313 0.190625 0.395313 0.193750 0.396875 0.195312 0.396875 0.203125 0.395313 0.204687 0.395313 0.206250 0.393750 0.207813 0.393750 0.212500 0.392188 0.214062 0.392188 0.232813 0.393750 0.234375 0.393750 0.239063 0.395313 0.240625 0.395313 0.243750 0.396875 0.245312 0.396875 0.246875 0.395313 0.248438 0.395313 0.251563 0.393750 0.253125 0.393750 0.271875 0.395313 0.273438 0.395313 0.278125 0.396875 0.279687 0.396875 0.285938 0.398438 0.287500 0.398438 0.290625 0.401562 0.293750 0.401562 0.295312 0.407813 0.301563 0.407813 0.304688 0.409375 0.306250 0.409375 0.307812 0.412500 0.310937 0.412500 0.312500 0.418750 0.318750 0.420312 0.318750 0.423438 0.321875 0.425000 0.321875 0.426563 0.323437 0.429688 0.323437 0.431250 0.325000 0.432812 0.325000 0.435937 0.328125 0.437500 0.328125 0.440625 0.331250 0.442188 0.331250 0.443750 0.332813 0.446875 0.332813 0.448437 0.334375 0.453125 0.334375 0.454688 0.335938 0.468750 0.335938 0.470313 0.334375 0.481250 0.334375 0.482812 0.332813 0.485938 0.332813 0.487500 0.331250 0.492188 0.331250 0.493750 0.329688 0.498437 0.329688 0.500000 0.328125 0.506250 0.328125 0.507812 0.326562 0.510938 0.326562 0.512500 0.325000 0.514062 0.325000 0.515625 0.323437 0.518750 0.323437 0.520312 0.321875 0.521875 0.321875 0.525000 0.318750 0.526563 0.318750 0.528125 0.317188 0.529687 0.317188 0.531250 0.315625 0.532813 0.315625 0.535937 0.312500 0.537500 0.312500 0.539062 0.310937 0.540625 0.310937 0.542188 0.309375 0.543750 0.309375 0.550000 0.303125 0.551562 0.303125 0.553125 0.301563 0.554688 0.301563 0.557813 0.298438 0.559375 0.298438 0.560937 0.296875 0.562500 0.296875 0.564063 0.295312 0.565625 0.295312 0.567187 0.293750 0.568750 0.293750 0.570312 0.292187 0.571875 0.292187 0.573438 0.290625 0.575000 0.290625 0.576562 0.289062 0.578125 0.289062 0.581250 0.285938 0.582812 0.285938 0.585938 0.282813 0.587500 0.282813 0.590625 0.279687 0.592187 0.279687 0.593750 0.278125 0.595313 0.278125 0.596875 0.276562 0.600000 0.276562 0.601562 0.275000 0.603125 0.275000 0.604688 0.273438 0.606250 0.273438 0.607812 0.271875 0.609375 0.271875 0.610938 0.270313 0.612500 0.270313 0.614062 0.268750 0.615625 0.268750 0.617188 0.267188 0.621875 0.267188 0.623437 0.265625 0.628125 0.265625 0.629687 0.264062 0.632812 0.264062 0.634375 0.262500 0.635938 0.262500 0.637500 0.260937 0.639062 0.260937 0.643750 0.256250 0.645312 0.256250 0.646875 0.254688 0.650000 0.254688 0.651563 0.253125 0.653125 0.253125 0.656250 0.250000 0.657813 0.250000 0.662500 0.245312 0.664062 0.245312 0.665625 0.243750 0.667188 0.243750 0.668750 0.242188 0.670312 0.242188 0.673438 0.239063 0.675000 0.239063 0.676562 0.237500 0.678125 0.237500 0.681250 0.234375 0.684375 0.234375 0.685937 0.232813 0.687500 0.232813 0.689063 0.231250 0.690625 0.231250 0.692187 0.229687 0.693750 0.229687 0.695312 0.228125 0.698438 0.228125 0.700000 0.226562 0.701562 0.226562 0.703125 0.225000 0.704688 0.225000 0.706250 0.223438 0.709375 0.223438 0.710938 0.221875 0.712500 0.221875 0.714063 0.220312 0.715625 0.220312 0.717187 0.218750 0.720313 0.218750 0.721875 0.217188 0.725000 0.217188 0.726562 0.215625 0.729688 0.215625 0.731250 0.214062 0.734375 0.214062 0.735938 0.212500 0.737500 0.212500 0.739062 0.210938 0.740625 0.210938 0.743750 0.207813 0.745313 0.207813 0.748437 0.204687 0.750000 0.204687 0.751563 0.203125 0.753125 0.203125 0.754687 0.201563 0.756250 0.201563 0.757812 0.200000 0.760938 0.200000 0.762500 0.198437 0.764062 0.198437 0.765625 0.196875 0.767188 0.196875 0.768750 0.195312 0.771875 0.195312 0.773438 0.196875 0.779687 0.196875 0.781250 0.195312 0.787500 0.195312 0.789062 0.193750 0.790625 0.193750 0.792188 0.192188 0.795312 0.192188 0.796875 0.190625 0.798438 0.190625 0.800000 0.189062 0.801562 0.189062 0.803125 0.187500 0.804688 0.187500 0.806250 0.185938 0.807813 0.185938 0.809375 0.184375 0.810937 0.184375 0.818750 0.176563 0.820312 0.176563 0.821875 0.175000 0.823438 0.175000 0.828125 0.170313 0.829688 0.170313 0.834375 0.165625 0.835938 0.165625 0.842187 0.159375 0.842187 0.157812 0.846875 0.153125 0.846875 0.151562 0.848437 0.150000 0.848437 0.148438 0.850000 0.146875 0.850000 0.145313 0.851562 0.143750 0.851562 0.142187 0.853125 0.140625 0.853125 0.139063 0.854688 0.137500 0.854688 0.134375 0.856250 0.132812 0.856250 0.128125 0.857812 0.126562 0.857812 0.123438 0.859375 0.121875 0.859375 0.115625 0.860938 0.114062 0.860938 0.095312 0.862500 0.093750 0.862500 0.059375 0.860938 0.057813 0.860938 0.054688 0.859375 0.053125 0.859375 0.051562 0.857812 0.050000 0.857812 0.039062 0.856250 0.037500 0.856250 0.032813 0.854688 0.031250 0.854688 0.028125 0.853125 0.026562 0.853125 0.025000 0.851562 0.023438 0.851562 0.021875 0.850000 0.020313 0.850000 0.018750 0.848437 0.017188 0.848437 0.015625 0.846875 0.014063 0.846875 0.012500 0.845313 0.010937 0.845313 0.009375 0.843750 0.007812 0.843750 0.006250 0.837500 0.000000
0 0.126562 0.000000 0.125000 0.001563 0.125000 0.104688 0.123438 0.106250 0.123438 0.176563 0.125000 0.178125 0.125000 0.192188 0.126562 0.193750 0.126562 0.198437 0.125000 0.200000 0.125000 0.231250 0.126562 0.231250 0.128125 0.232813 0.140625 0.232813 0.143750 0.235937 0.145313 0.235937 0.146875 0.237500 0.148438 0.237500 0.150000 0.239063 0.153125 0.239063 0.154688 0.240625 0.156250 0.240625 0.157812 0.242188 0.164062 0.242188 0.165625 0.243750 0.167187 0.243750 0.168750 0.245312 0.170313 0.245312 0.171875 0.246875 0.173437 0.246875 0.175000 0.248438 0.178125 0.248438 0.179688 0.250000 0.182812 0.250000 0.184375 0.251563 0.187500 0.251563 0.189062 0.253125 0.195312 0.253125 0.196875 0.254688 0.203125 0.254688 0.204687 0.256250 0.209375 0.256250 0.210938 0.257812 0.212500 0.257812 0.214062 0.259375 0.215625 0.259375 0.217188 0.260937 0.218750 0.260937 0.221875 0.264062 0.223438 0.264062 0.225000 0.265625 0.226562 0.265625 0.228125 0.267188 0.231250 0.267188 0.234375 0.270313 0.235937 0.270313 0.237500 0.271875 0.239063 0.271875 0.240625 0.273438 0.242188 0.273438 0.243750 0.275000 0.246875 0.275000 0.248438 0.276562 0.250000 0.276562 0.251563 0.278125 0.257812 0.278125 0.259375 0.279687 0.262500 0.279687 0.264062 0.281250 0.267188 0.281250 0.268750 0.282813 0.275000 0.282813 0.276562 0.284375 0.284375 0.284375 0.285938 0.285938 0.293750 0.285938 0.295312 0.287500 0.314063 0.287500 0.315625 0.285938 0.318750 0.285938 0.320312 0.284375 0.323437 0.284375 0.325000 0.282813 0.328125 0.282813 0.329688 0.281250 0.332813 0.281250 0.334375 0.279687 0.335938 0.279687 0.339062 0.276562 0.340625 0.276562 0.354687 0.262500 0.356250 0.262500 0.370312 0.248438 0.370312 0.246875 0.371875 0.245312 0.371875 0.242188 0.373437 0.240625 0.373437 0.221875 0.375000 0.220312 0.375000 0.215625 0.376563 0.214062 0.376563 0.200000 0.378125 0.198437 0.378125 0.178125 0.379688 0.176563 0.379688 0.162500 0.381250 0.160938 0.381250 0.148438 0.382812 0.146875 0.382812 0.109375 0.384375 0.107813 0.384375 0.079687 0.382812 0.078125 0.382812 0.070312 0.381250 0.068750 0.381250 0.039062 0.379688 0.037500 0.379688 0.028125 0.378125 0.026562 0.378125 0.023438 0.376563 0.021875 0.376563 0.020313 0.375000 0.018750 0.375000 0.017188 0.360938 0.003125 0.360938 0.001563 0.359375 0.000000
0 0.126562 0.257812 0.125000 0.259375 0.125000 0.289062 0.123438 0.290625 0.125000 0.292187 0.125000 0.303125 0.126562 0.304688 0.126562 0.350000 0.128125 0.351562 0.128125 0.354687 0.126562 0.356250 0.126562 0.370312 0.128125 0.371875 0.128125 0.376563 0.126562 0.378125 0.126562 0.440625 0.125000 0.442188 0.125000 0.464062 0.126562 0.465625 0.126562 0.470313 0.128125 0.471875 0.128125 0.481250 0.126562 0.482812 0.126562 0.518750 0.125000 0.520312 0.125000 0.540625 0.126562 0.542188 0.126562 0.589063 0.128125 0.590625 0.128125 0.600000 0.129688 0.601562 0.129688 0.606250 0.128125 0.607812 0.128125 0.612500 0.126562 0.614062 0.126562 0.650000 0.125000 0.651563 0.125000 0.660937 0.123438 0.662500 0.123438 0.687500 0.125000 0.689063 0.125000 0.725000 0.123438 0.726562 0.123438 0.734375 0.121875 0.735938 0.121875 0.764062 0.123438 0.765625 0.123438 0.767188 0.125000 0.768750 0.125000 0.770312 0.126562 0.771875 0.126562 0.785937 0.128125 0.787500 0.126562 0.789062 0.126562 0.867188 0.125000 0.868750 0.125000 0.875000 0.123438 0.876563 0.123438 0.925000 0.121875 0.926562 0.121875 0.945312 0.120313 0.946875 0.120313 0.964063 0.118750 0.965625 0.118750 0.981250 0.120313 0.982812 0.120313 0.985938 0.123438 0.989062 0.123438 0.990625 0.126562 0.993750 0.128125 0.993750 0.131250 0.996875 0.132812 0.996875 0.134375 0.998437 0.476562 0.998437 0.476562 0.990625 0.475000 0.989062 0.475000 0.987500 0.476562 0.985938 0.476562 0.982812 0.478125 0.981250 0.478125 0.975000 0.476562 0.973437 0.476562 0.950000 0.475000 0.948438 0.475000 0.907813 0.473438 0.906250 0.473438 0.896875 0.471875 0.895312 0.473438 0.893750 0.473438 0.887500 0.475000 0.885938 0.475000 0.879687 0.476562 0.878125 0.476562 0.840625 0.478125 0.839063 0.478125 0.828125 0.476562 0.826562 0.476562 0.823438 0.478125 0.821875 0.478125 0.753125 0.476562 0.751563 0.476562 0.712500 0.475000 0.710938 0.475000 0.692187 0.476562 0.690625 0.476562 0.609375 0.475000 0.607812 0.475000 0.598437 0.476562 0.596875 0.476562 0.578125 0.478125 0.576562 0.478125 0.521875 0.479687 0.520312 0.479687 0.507812 0.478125 0.506250 0.478125 0.464062 0.476562 0.462500 0.476562 0.440625 0.478125 0.439063 0.478125 0.426563 0.476562 0.425000 0.476562 0.420312 0.475000 0.418750 0.475000 0.412500 0.473438 0.410938 0.473438 0.407813 0.471875 0.406250 0.471875 0.404687 0.470313 0.403125 0.470313 0.400000 0.468750 0.398438 0.468750 0.396875 0.467187 0.395313 0.467187 0.393750 0.465625 0.392188 0.465625 0.390625 0.464062 0.389062 0.464062 0.387500 0.460938 0.384375 0.459375 0.384375 0.456250 0.381250 0.454688 0.381250 0.451562 0.378125 0.450000 0.378125 0.443750 0.371875 0.442188 0.371875 0.437500 0.367188 0.435937 0.367188 0.434375 0.365625 0.432812 0.365625 0.431250 0.364063 0.429688 0.364063 0.428125 0.362500 0.425000 0.362500 0.423438 0.360938 0.420312 0.360938 0.418750 0.359375 0.417187 0.359375 0.415625 0.357812 0.412500 0.357812 0.410938 0.356250 0.409375 0.356250 0.407813 0.354687 0.404687 0.354687 0.403125 0.353125 0.401562 0.353125 0.400000 0.351562 0.396875 0.351562 0.393750 0.348438 0.392188 0.348438 0.390625 0.346875 0.389062 0.346875 0.387500 0.345313 0.385937 0.345313 0.384375 0.343750 0.381250 0.343750 0.379688 0.342187 0.378125 0.342187 0.376563 0.340625 0.371875 0.340625 0.370312 0.339062 0.368750 0.339062 0.367188 0.337500 0.365625 0.337500 0.364063 0.335938 0.362500 0.335938 0.360938 0.334375 0.357812 0.334375 0.356250 0.332813 0.354687 0.332813 0.353125 0.331250 0.350000 0.331250 0.348438 0.329688 0.345313 0.329688 0.343750 0.328125 0.342187 0.328125 0.340625 0.326562 0.339062 0.326562 0.337500 0.325000 0.334375 0.325000 0.332813 0.323437 0.329688 0.323437 0.328125 0.321875 0.325000 0.321875 0.323437 0.320312 0.321875 0.320312 0.320312 0.318750 0.315625 0.318750 0.314063 0.317188 0.309375 0.317188 0.307812 0.315625 0.306250 0.315625 0.304688 0.314063 0.303125 0.314063 0.301563 0.312500 0.298438 0.312500 0.296875 0.310937 0.295312 0.310937 0.293750 0.309375 0.292187 0.309375 0.290625 0.307812 0.287500 0.307812 0.285938 0.306250 0.281250 0.306250 0.279687 0.304688 0.276562 0.304688 0.275000 0.303125 0.271875 0.303125 0.270313 0.301563 0.267188 0.301563 0.265625 0.300000 0.262500 0.300000 0.260937 0.298438 0.257812 0.298438 0.256250 0.296875 0.251563 0.296875 0.250000 0.295312 0.248438 0.295312 0.246875 0.293750 0.243750 0.293750 0.242188 0.292187 0.239063 0.292187 0.237500 0.290625 0.235937 0.290625 0.234375 0.289062 0.231250 0.289062 0.229687 0.287500 0.221875 0.287500 0.220312 0.285938 0.214062 0.285938 0.212500 0.284375 0.210938 0.284375 0.209375 0.282813 0.206250 0.282813 0.204687 0.281250 0.203125 0.281250 0.201563 0.279687 0.196875 0.279687 0.195312 0.278125 0.192188 0.278125 0.190625 0.276562 0.187500 0.276562 0.185938 0.275000 0.184375 0.275000 0.182812 0.273438 0.179688 0.273438 0.178125 0.271875 0.176563 0.271875 0.175000 0.270313 0.170313 0.270313 0.168750 0.268750 0.162500 0.268750 0.160938 0.267188 0.157812 0.267188 0.156250 0.265625 0.151562 0.265625 0.150000 0.264062 0.146875 0.264062 0.145313 0.262500 0.143750 0.262500 0.142187 0.260937 0.140625 0.260937 0.139063 0.259375 0.135937 0.259375 0.134375 0.257812
