0 0.456250 0.003125 0.128125 0.003125 0.128125 0.262500 0.376563 0.356250 0.381250 0.364063 0.418750 0.364063 0.421875 0.356250 0.442188 0.345313 0.462500 0.317188 0.470313 0.314063 0.470313 0.012500 0.464062 0.010937 0.464062 0.003125
7 0.715625 0.665625 0.653125 0.665625 0.651563 0.671875 0.628125 0.687500 0.621875 0.700000 0.615625 0.700000 0.615625 0.798438 0.623437 0.801562 0.629687 0.820312 0.621875 0.870313 0.623437 0.920312 0.640625 0.939063 0.654687 0.971875 0.690625 0.998437 0.787500 0.998437 0.818750 0.976562 0.853125 0.960938 0.873437 0.959375 0.875000 0.834375 0.867188 0.776563 0.871875 0.753125 0.868750 0.746875 0.796875 0.703125 0.726562 0.673438 0.723437 0.665625
2 0.431089 0.003125 0.128125 0.003125 0.128125 0.251563 0.214062 0.292187 0.367188 0.350000 0.370312 0.357812 0.421875 0.357812 0.426563 0.348438 0.443750 0.337500 0.457813 0.310937 0.464062 0.309375 0.464062 0.254688 0.457813 0.253125 0.456250 0.217188 0.456250 0.039062 0.439063 0.003125
0 0.188281 0.303125 0.128125 0.303125 0.128125 0.751563 0.175000 0.751563 0.176563 0.743750 0.209375 0.731250 0.293750 0.679688 0.423438 0.610938 0.443750 0.596875 0.457813 0.579688 0.465625 0.564063 0.470313 0.534375 0.476562 0.532813 0.476562 0.514062 0.470313 0.512500 0.470313 0.506250 0.476562 0.504687 0.470313 0.500000 0.470313 0.475000 0.476562 0.471875 0.470313 0.470313 0.459375 0.428125 0.439063 0.406250 0.395313 0.384375 0.326562 0.365625 0.226562 0.325000 0.198437 0.310937 0.196875 0.303125
1 0.532617 0.615625 0.476562 0.615625 0.475000 0.623437 0.353125 0.689063 0.307812 0.710938 0.268750 0.720313 0.185938 0.760938 0.134375 0.803125 0.128125 0.803125 0.128125 0.998437 0.556250 0.998437 0.570312 0.976562 0.567187 0.957812 0.560937 0.951562 0.564063 0.945312 0.556250 0.939063 0.570312 0.931250 0.578125 0.920312 0.575000 0.896875 0.582812 0.857812 0.578125 0.785937 0.582812 0.759375 0.576562 0.732812 0.571875 0.662500 0.559375 0.637500 0.540625 0.615625
5 0.827812 0.021875 0.795312 0.021875 0.792188 0.029687 0.745313 0.045312 0.696875 0.076563 0.690625 0.076563 0.690625 0.089063 0.701562 0.095312 0.726562 0.126562 0.790625 0.218750 0.835938 0.256250 0.857812 0.267188 0.857812 0.235937 0.851562 0.234375 0.839063 0.153125 0.840625 0.090625 0.835938 0.021875
0 0.865625 0.003125 0.490625 0.003125 0.490625 0.510938 0.496875 0.512500 0.509375 0.543750 0.526563 0.564063 0.679688 0.626563 0.818750 0.668750 0.821875 0.676562 0.873437 0.676562 0.873437 0.003125
0 0.533984 0.603125 0.476562 0.603125 0.476562 0.609375 0.467187 0.617188 0.212500 0.742188 0.128125 0.790625 0.128125 0.998437 0.587500 0.998437 0.587500 0.993750 0.595313 0.990625 0.595313 0.879687 0.589063 0.878125 0.587500 0.867188 0.589063 0.851562 0.595313 0.850000 0.595313 0.793750 0.589063 0.792188 0.587500 0.778125 0.589063 0.748437 0.595313 0.746875 0.595313 0.684375 0.589063 0.682813 0.576562 0.640625 0.542188 0.609375 0.542188 0.603125
1 0.194420 0.334375 0.142187 0.334375 0.140625 0.342187 0.128125 0.345313 0.128125 0.721875 0.139063 0.725000 0.142187 0.732812 0.173437 0.732812 0.176563 0.725000 0.335938 0.648438 0.390625 0.615625 0.421875 0.607812 0.445312 0.584375 0.462500 0.539062 0.464062 0.495312 0.457813 0.454688 0.432812 0.420312 0.379688 0.396875 0.309375 0.381250 0.265625 0.359375 0.207813 0.342187 0.203125 0.334375
0 0.710547 0.653125 0.653125 0.653125 0.617188 0.695312 0.609375 0.698438 0.609375 0.942187 0.617188 0.948438 0.617188 0.971875 0.626563 0.998437 0.876563 0.998437 0.876563 0.707812 0.751563 0.671875 0.721875 0.660937 0.718750 0.653125
5 0.630078 0.028125 0.603125 0.028125 0.601562 0.037500 0.554688 0.103125 0.529687 0.167187 0.521875 0.171875 0.521875 0.379688 0.529687 0.382812 0.542188 0.404687 0.567187 0.498437 0.592187 0.554688 0.603125 0.565625 0.631250 0.576562 0.648438 0.596875 0.679688 0.620313 0.739062 0.639062 0.751563 0.631250 0.778125 0.593750 0.815625 0.553125 0.859375 0.489063 0.876563 0.476562 0.876563 0.289062 0.870313 0.289062 0.842187 0.257812 0.785937 0.210938 0.710938 0.107813 0.709375 0.101562 0.720313 0.090625 0.717187 0.084375 0.728125 0.076563 0.728125 0.068750 0.743750 0.062500 0.745313 0.053125 0.732812 0.053125 0.710938 0.065625 0.700000 0.076563 0.696875 0.087500 0.664062 0.062500 0.639062 0.034375 0.639062 0.028125
