4 0.495983 0.000000 0.443750 0.000000 0.409375 0.039062 0.403125 0.039062 0.403125 0.284375 0.409375 0.285938 0.421875 0.314063 0.437500 0.326562 0.465625 0.331250 0.509375 0.318750 0.690625 0.225000 0.720313 0.214062 0.745313 0.212500 0.762500 0.192188 0.796875 0.171875 0.815625 0.146875 0.818750 0.101562 0.814063 0.087500 0.796875 0.048438 0.767188 0.023438 0.732812 0.012500 0.714063 0.000000 0.621875 0.000000 0.612500 0.004687 0.585938 0.000000 0.575000 0.009375 0.548438 0.012500 0.518750 0.009375 0.504687 0.000000
7 0.238616 0.065625 0.189062 0.065625 0.184375 0.075000 0.121875 0.126562 0.121875 0.228125 0.157812 0.251563 0.270313 0.282813 0.287500 0.289062 0.289062 0.295312 0.301563 0.295312 0.306250 0.285938 0.339062 0.260937 0.359375 0.240625 0.364063 0.229687 0.370312 0.228125 0.370312 0.181250 0.364063 0.179688 0.345313 0.132812 0.331250 0.118750 0.276562 0.082812 0.248438 0.071875 0.246875 0.065625
0 0.773438 0.003125 0.421875 0.003125 0.421875 0.009375 0.404687 0.031250 0.396875 0.034375 0.396875 0.290625 0.403125 0.290625 0.420312 0.315625 0.451562 0.332813 0.453125 0.339062 0.490625 0.339062 0.492188 0.332813 0.745313 0.203125 0.807813 0.164062 0.826562 0.139063 0.832812 0.137500 0.832812 0.096875 0.825000 0.092188 0.810937 0.040625 0.784375 0.012500 0.781250 0.003125
0 0.627656 0.565625 0.553125 0.565625 0.553125 0.571875 0.528125 0.590625 0.528125 0.865625 0.532813 0.865625 0.535937 0.873437 0.539062 0.951562 0.546875 0.978125 0.560937 0.998437 0.845313 0.998437 0.865625 0.984375 0.876563 0.948438 0.875000 0.748437 0.864062 0.673438 0.854688 0.659375 0.832812 0.646875 0.678125 0.590625 0.639062 0.573438 0.635938 0.565625
0 0.168750 0.278125 0.121875 0.278125 0.121875 0.998437 0.490625 0.998437 0.503125 0.976562 0.507812 0.951562 0.514062 0.950000 0.514062 0.821875 0.507812 0.820312 0.507812 0.781250 0.496875 0.684375 0.487500 0.445312 0.478125 0.409375 0.460938 0.379688 0.439063 0.364063 0.207813 0.295312 0.179688 0.285938 0.176563 0.278125
0 0.329514 0.009375 0.121875 0.009375 0.121875 0.240625 0.292187 0.293750 0.295312 0.301563 0.328125 0.301563 0.329688 0.295312 0.353125 0.285938 0.365625 0.273438 0.376563 0.246875 0.382812 0.245312 0.382812 0.145313 0.376563 0.143750 0.370312 0.073438 0.337500 0.009375
0 0.796680 0.221875 0.740625 0.221875 0.740625 0.228125 0.731250 0.235937 0.604688 0.296875 0.515625 0.351562 0.515625 0.484375 0.562500 0.520312 0.787500 0.600000 0.790625 0.607812 0.821875 0.607812 0.825000 0.600000 0.851562 0.581250 0.862500 0.557813 0.870313 0.554688 0.870313 0.507812 0.862500 0.503125 0.857812 0.475000 0.835938 0.267188 0.806250 0.229687 0.804688 0.221875
1 0.785677 0.228125 0.745313 0.228125 0.740625 0.237500 0.723437 0.248438 0.660937 0.276562 0.587500 0.321875 0.545312 0.339062 0.515625 0.360938 0.515625 0.478125 0.521875 0.479687 0.539062 0.503125 0.565625 0.518750 0.784375 0.593750 0.815625 0.592187 0.851562 0.567187 0.851562 0.493750 0.845313 0.492188 0.839063 0.456250 0.831250 0.337500 0.815625 0.264062 0.793750 0.234375 0.793750 0.228125
5 0.274739 0.759375 0.185938 0.759375 0.181250 0.768750 0.157812 0.779687 0.140625 0.784375 0.121875 0.781250 0.121875 0.970313 0.146875 0.970313 0.146875 0.960938 0.165625 0.928125 0.189062 0.931250 0.195312 0.948438 0.201563 0.948438 0.225000 0.928125 0.232813 0.928125 0.245312 0.942187 0.265625 0.923438 0.359375 0.925000 0.376563 0.946875 0.382812 0.946875 0.390625 0.929688 0.400000 0.921875 0.426563 0.928125 0.442188 0.920312 0.481250 0.920312 0.482812 0.823438 0.462500 0.795312 0.459375 0.770312 0.464062 0.759375 0.443750 0.759375 0.445312 0.768750 0.457813 0.771875 0.456250 0.784375 0.440625 0.801562 0.425000 0.781250 0.407813 0.768750 0.345313 0.767188 0.323437 0.771875 0.325000 0.759375 0.285938 0.759375 0.284375 0.768750 0.282813 0.759375
6 0.610045 0.571875 0.557813 0.571875 0.557813 0.578125 0.532813 0.604688 0.528125 0.604688 0.528125 0.720313 0.534375 0.721875 0.535937 0.734375 0.534375 0.767188 0.528125 0.768750 0.528125 0.779687 0.534375 0.781250 0.542188 0.818750 0.551562 0.926562 0.606250 0.932813 0.618750 0.964063 0.662500 0.981250 0.678125 0.982812 0.700000 0.998437 0.803125 0.998437 0.809375 0.989062 0.842187 0.970313 0.868750 0.935937 0.876563 0.932813 0.876563 0.782813 0.868750 0.779687 0.862500 0.751563 0.868750 0.707812 0.860938 0.695312 0.807813 0.646875 0.748437 0.628125 0.682813 0.596875 0.621875 0.579688 0.618750 0.571875
5 0.426563 0.529687 0.396875 0.531250 0.290625 0.553125 0.289062 0.559375 0.298438 0.567187 0.292187 0.581250 0.279687 0.589063 0.289062 0.590625 0.295312 0.603125 0.301563 0.598437 0.304688 0.601562 0.306250 0.618750 0.290625 0.626563 0.276562 0.621875 0.257812 0.623437 0.248438 0.626563 0.239063 0.639062 0.242188 0.654687 0.278125 0.651563 0.295312 0.665625 0.295312 0.673438 0.314063 0.654687 0.326562 0.662500 0.332813 0.689063 0.368750 0.710938 0.371875 0.720313 0.356250 0.726562 0.360938 0.732812 0.357812 0.735938 0.318750 0.746875 0.307812 0.743750 0.292187 0.729688 0.282813 0.728125 0.276562 0.732812 0.259375 0.712500 0.254688 0.692187 0.243750 0.685937 0.243750 0.681250 0.253125 0.676562 0.245312 0.676562 0.239063 0.668750 0.232813 0.678125 0.228125 0.664062 0.223438 0.718750 0.207813 0.748437 0.168750 0.771875 0.128125 0.776563 0.128125 0.989062 0.307812 0.989062 0.307812 0.984375 0.292187 0.976562 0.157812 0.973437 0.148438 0.965625 0.148438 0.959375 0.159375 0.946875 0.159375 0.926562 0.189062 0.928125 0.195312 0.939063 0.193750 0.946875 0.198437 0.948438 0.225000 0.926562 0.234375 0.926562 0.246875 0.939063 0.265625 0.923438 0.357812 0.925000 0.373437 0.945312 0.382812 0.948438 0.398438 0.923438 0.429688 0.928125 0.440625 0.921875 0.476562 0.926562 0.484375 0.921875 0.490625 0.768750 0.479687 0.734375 0.468750 0.618750 0.457813 0.584375 0.457813 0.546875 0.453125 0.537500 0.429688 0.529687
