4 0.868661 0.003125 0.457813 0.003125 0.453125 0.018750 0.446875 0.020313 0.446875 0.321875 0.454688 0.325000 0.470313 0.354687 0.489063 0.370312 0.507812 0.376563 0.537500 0.375000 0.584375 0.360938 0.864062 0.221875 0.876563 0.220312 0.876563 0.003125
6 0.656920 0.634375 0.604688 0.634375 0.604688 0.639062 0.581250 0.659375 0.573438 0.679688 0.565625 0.682813 0.565625 0.956250 0.571875 0.957812 0.565625 0.959375 0.565625 0.998437 0.871875 0.998437 0.875000 0.762500 0.870313 0.735938 0.842187 0.710938 0.820312 0.698438 0.740625 0.667188 0.721875 0.654687 0.668750 0.642188 0.665625 0.634375
3 0.868750 0.271875 0.821875 0.271875 0.812500 0.284375 0.698438 0.339062 0.670312 0.357812 0.603125 0.384375 0.582812 0.401562 0.573438 0.425000 0.565625 0.428125 0.565625 0.548438 0.570312 0.548438 0.589063 0.571875 0.612500 0.584375 0.740625 0.628125 0.803125 0.657813 0.848437 0.673438 0.854688 0.682813 0.876563 0.682813 0.876563 0.271875
5 0.228125 0.353125 0.209375 0.353125 0.209375 0.370312 0.217188 0.373437 0.234375 0.410938 0.237500 0.531250 0.287500 0.637500 0.393750 0.831250 0.418750 0.889062 0.450000 0.889062 0.456250 0.876563 0.490625 0.851562 0.501563 0.832812 0.506250 0.809375 0.514062 0.804688 0.514062 0.640625 0.507812 0.639062 0.503125 0.578125 0.484375 0.518750 0.454688 0.464062 0.409375 0.426563 0.348438 0.395313 0.242188 0.360938 0.237500 0.353125
7 0.231250 0.034375 0.121875 0.034375 0.121875 0.231250 0.162500 0.257812 0.243750 0.282813 0.339062 0.321875 0.375000 0.320312 0.381250 0.309375 0.382812 0.246875 0.400000 0.206250 0.400000 0.190625 0.385937 0.140625 0.357812 0.103125 0.282813 0.070312 0.256250 0.046875 0.240625 0.040625 0.239063 0.034375
0 0.404600 0.003125 0.128125 0.003125 0.128125 0.256250 0.342187 0.332813 0.343750 0.339062 0.362500 0.339062 0.364063 0.332813 0.400000 0.318750 0.415625 0.298438 0.426563 0.273438 0.432812 0.271875 0.432812 0.104688 0.426563 0.103125 0.425000 0.034375 0.412500 0.003125
0 0.868720 0.003125 0.453125 0.003125 0.453125 0.009375 0.446875 0.010937 0.446875 0.323437 0.453125 0.325000 0.462500 0.348438 0.476562 0.365625 0.490625 0.376563 0.512500 0.382812 0.514062 0.389062 0.540625 0.389062 0.542188 0.382812 0.585938 0.367188 0.640625 0.335938 0.806250 0.256250 0.840625 0.234375 0.876563 0.220312 0.876563 0.003125
0 0.668577 0.634375 0.604688 0.634375 0.604688 0.639062 0.578125 0.664062 0.571875 0.685937 0.565625 0.687500 0.565625 0.946875 0.571875 0.948438 0.575000 0.957812 0.573438 0.967187 0.565625 0.970313 0.565625 0.998437 0.876563 0.998437 0.876563 0.710938 0.690625 0.646875 0.679688 0.642188 0.676562 0.634375
5 0.128125 0.520312 0.128125 0.998437 0.270313 0.998437 0.275000 0.993750 0.290625 0.995313 0.320312 0.989062 0.334375 0.978125 0.335938 0.970313 0.312500 0.959375 0.309375 0.943750 0.298438 0.928125 0.325000 0.921875 0.346875 0.923438 0.354687 0.918750 0.354687 0.909375 0.300000 0.801562 0.256250 0.696875 0.193750 0.570312 0.175000 0.546875 0.132812 0.520312
0 0.868577 0.271875 0.804688 0.271875 0.801562 0.279687 0.618750 0.370312 0.587500 0.393750 0.573438 0.423438 0.565625 0.426563 0.565625 0.553125 0.571875 0.553125 0.596875 0.584375 0.843750 0.676562 0.854688 0.681250 0.857812 0.689063 0.876563 0.689063 0.876563 0.271875
0 0.162239 0.290625 0.121875 0.290625 0.121875 0.998437 0.551562 0.998437 0.551562 0.992188 0.543750 0.985938 0.545312 0.971875 0.539062 0.953125 0.543750 0.932813 0.542188 0.796875 0.532813 0.703125 0.539062 0.620313 0.535937 0.509375 0.529687 0.467187 0.495312 0.426563 0.426563 0.390625 0.282813 0.345313 0.209375 0.309375 0.181250 0.301563 0.171875 0.296875 0.170313 0.290625
