8 0.725000 0.778125 0.631250 0.778125 0.609375 0.806250 0.603125 0.867188 0.596875 0.868750 0.596875 0.929688 0.612500 0.931250 0.623437 0.940625 0.623437 0.956250 0.609375 0.970313 0.615625 0.989062 0.668750 0.989062 0.673438 0.979688 0.690625 0.976562 0.707812 0.964063 0.768750 0.953125 0.784375 0.943750 0.812500 0.912500 0.817187 0.898438 0.817187 0.845313 0.806250 0.806250 0.792188 0.789062 0.779687 0.782813 0.779687 0.778125 0.760938 0.778125 0.754687 0.785937 0.737500 0.785937 0.732812 0.778125
4 0.788787 0.309375 0.659375 0.309375 0.657813 0.315625 0.617188 0.320312 0.589063 0.350000 0.584375 0.382812 0.578125 0.384375 0.578125 0.698438 0.582812 0.698438 0.595313 0.718750 0.606250 0.726562 0.639062 0.732812 0.706250 0.759375 0.795312 0.760938 0.826562 0.739062 0.842187 0.692187 0.843750 0.671875 0.832812 0.639062 0.832812 0.618750 0.840625 0.590625 0.851562 0.503125 0.845313 0.484375 0.823438 0.451562 0.818750 0.415625 0.804688 0.370312 0.809375 0.339062 0.796875 0.309375
5 0.380556 0.346875 0.312500 0.346875 0.303125 0.357812 0.314063 0.390625 0.320312 0.454688 0.321875 0.590625 0.310937 0.639062 0.290625 0.650000 0.290625 0.682813 0.368750 0.682813 0.370312 0.676562 0.421875 0.671875 0.429688 0.667188 0.434375 0.656250 0.435937 0.628125 0.414062 0.410938 0.415625 0.381250 0.409375 0.365625 0.392188 0.354687 0.389062 0.346875
0 0.373070 0.321875 0.242188 0.321875 0.242188 0.326562 0.234375 0.329688 0.171875 0.337500 0.148438 0.346875 0.128125 0.348438 0.128125 0.660937 0.201563 0.692187 0.239063 0.704688 0.296875 0.712500 0.303125 0.720313 0.354687 0.720313 0.354687 0.715625 0.362500 0.712500 0.414062 0.706250 0.512500 0.704688 0.543750 0.682813 0.550000 0.670312 0.554688 0.625000 0.556250 0.496875 0.564063 0.490625 0.564063 0.381250 0.559375 0.381250 0.539062 0.356250 0.520312 0.346875 0.448437 0.343750 0.385937 0.329688 0.381250 0.321875
5 0.259114 0.334375 0.170313 0.334375 0.164062 0.350000 0.153125 0.354687 0.153125 0.464062 0.159375 0.465625 0.168750 0.554688 0.196875 0.657813 0.214062 0.657813 0.215625 0.651563 0.250000 0.645312 0.300000 0.648438 0.309375 0.642188 0.315625 0.623437 0.320312 0.540625 0.312500 0.393750 0.296875 0.359375 0.271875 0.343750 0.267188 0.334375
0 0.764062 0.053125 0.654687 0.053125 0.654687 0.059375 0.635938 0.078125 0.628125 0.101562 0.621875 0.103125 0.621875 0.253125 0.629687 0.256250 0.640625 0.273438 0.660937 0.285938 0.760938 0.282813 0.792188 0.289062 0.793750 0.295312 0.810937 0.295312 0.812500 0.289062 0.840625 0.278125 0.859375 0.248438 0.864062 0.204687 0.870313 0.203125 0.870313 0.164062 0.864062 0.162500 0.854688 0.125000 0.834375 0.090625 0.814063 0.076563 0.775000 0.060937 0.771875 0.053125
5 0.507344 0.359375 0.432812 0.359375 0.432812 0.365625 0.421875 0.370312 0.421875 0.539062 0.428125 0.540625 0.440625 0.660937 0.446875 0.676562 0.465625 0.676562 0.467187 0.670312 0.475000 0.668750 0.518750 0.667188 0.528125 0.662500 0.532813 0.653125 0.543750 0.515625 0.545312 0.503125 0.551562 0.501563 0.551562 0.396875 0.545312 0.395313 0.539062 0.379688 0.518750 0.367188 0.515625 0.359375
0 0.512019 0.715625 0.412500 0.715625 0.412500 0.720313 0.378125 0.750000 0.378125 0.964063 0.418750 0.998437 0.542188 0.998437 0.565625 0.981250 0.584375 0.946875 0.587500 0.821875 0.589063 0.814063 0.595313 0.812500 0.595313 0.773438 0.587500 0.770312 0.576562 0.751563 0.562500 0.739062 0.521875 0.721875 0.520312 0.715625
0 0.573355 0.046875 0.431250 0.046875 0.404687 0.084375 0.396875 0.087500 0.396875 0.298438 0.426563 0.321875 0.459375 0.331250 0.525000 0.329688 0.571875 0.315625 0.600000 0.289062 0.607812 0.265625 0.614062 0.264062 0.614062 0.085938 0.606250 0.082812 0.581250 0.046875
0 0.180664 0.696875 0.121875 0.696875 0.121875 0.953125 0.182812 0.987500 0.206250 0.989062 0.232813 0.998437 0.309375 0.998437 0.340625 0.976562 0.359375 0.945312 0.364063 0.850000 0.370312 0.848437 0.370312 0.781250 0.364063 0.779687 0.353125 0.753125 0.331250 0.734375 0.242188 0.720313 0.195312 0.706250 0.189062 0.696875
6 0.278005 0.053125 0.182812 0.053125 0.151562 0.089063 0.143750 0.121875 0.134375 0.131250 0.128125 0.131250 0.128125 0.192188 0.139063 0.200000 0.137500 0.207813 0.128125 0.212500 0.128125 0.240625 0.143750 0.251563 0.153125 0.275000 0.156250 0.301563 0.175000 0.326562 0.198437 0.326562 0.203125 0.318750 0.262500 0.306250 0.332813 0.303125 0.356250 0.292187 0.373437 0.271875 0.379688 0.250000 0.382812 0.176563 0.378125 0.096875 0.367188 0.076563 0.356250 0.067187 0.303125 0.065625 0.287500 0.059375 0.285938 0.053125
0 0.346733 0.040625 0.179688 0.040625 0.148438 0.079687 0.129688 0.112500 0.121875 0.115625 0.121875 0.304688 0.143750 0.321875 0.157812 0.326562 0.159375 0.332813 0.187500 0.332813 0.189062 0.326562 0.234375 0.317188 0.334375 0.306250 0.354687 0.298438 0.373437 0.281250 0.382812 0.253125 0.389062 0.251563 0.389062 0.078125 0.381250 0.075000 0.354687 0.040625
0 0.810725 0.303125 0.642188 0.303125 0.640625 0.309375 0.603125 0.325000 0.587500 0.346875 0.578125 0.415625 0.571875 0.417187 0.571875 0.710938 0.596875 0.732812 0.623437 0.746875 0.679688 0.764062 0.742188 0.770312 0.743750 0.776563 0.775000 0.776563 0.776563 0.770312 0.807813 0.765625 0.818750 0.759375 0.834375 0.743750 0.846875 0.720313 0.850000 0.687500 0.857812 0.681250 0.857812 0.496875 0.853125 0.496875 0.850000 0.489063 0.851562 0.451562 0.857812 0.450000 0.857812 0.346875 0.850000 0.343750 0.845313 0.331250 0.818750 0.307812 0.818750 0.303125
0 0.716761 0.771875 0.634375 0.771875 0.606250 0.804688 0.603125 0.832812 0.596875 0.834375 0.596875 0.976562 0.603125 0.976562 0.625000 0.998437 0.785937 0.998437 0.828125 0.943750 0.839063 0.896875 0.845313 0.895312 0.845313 0.820312 0.839063 0.820312 0.828125 0.801562 0.803125 0.784375 0.731250 0.779687 0.725000 0.771875
1 0.159170 0.691997 0.137500 0.696875 0.130608 0.704311 0.121875 0.710938 0.121875 0.932813 0.126688 0.941031 0.150000 0.957812 0.158050 0.964541 0.167187 0.970313 0.294141 0.976855 0.317103 0.976855 0.328305 0.976295 0.341745 0.970698 0.347345 0.961183 0.350145 0.946069 0.354066 0.932077 0.354687 0.918750 0.357812 0.884375 0.361906 0.872744 0.359106 0.782627 0.359375 0.771875 0.351562 0.754687 0.328125 0.735938 0.215625 0.715625 0.185938 0.704688 0.173172 0.695916
2 0.473438 0.715625 0.417187 0.721875 0.393750 0.739062 0.387500 0.757812 0.384375 0.951562 0.398438 0.979688 0.434375 0.998437 0.478125 0.998437 0.490625 0.992188 0.539062 0.990625 0.545312 0.985938 0.554688 0.976562 0.553125 0.937500 0.557813 0.931250 0.573438 0.928125 0.582812 0.882812 0.581250 0.765625 0.576562 0.756250 0.564063 0.743750 0.537500 0.729688 0.475000 0.717187
2 0.467187 0.057813 0.439063 0.060937 0.410938 0.090625 0.409375 0.175000 0.401562 0.204687 0.404687 0.220312 0.403127 0.251613 0.400000 0.282813 0.410938 0.306250 0.437500 0.323437 0.475000 0.329688 0.521875 0.328125 0.573438 0.312500 0.590625 0.295312 0.598437 0.268750 0.595313 0.223438 0.600000 0.096875 0.589063 0.078125 0.567187 0.062500 0.476562 0.057813
7 0.689063 0.054688 0.656250 0.059375 0.643750 0.075000 0.651563 0.078125 0.646875 0.087500 0.648438 0.100000 0.635938 0.100000 0.632812 0.106250 0.628125 0.229687 0.659375 0.264062 0.675000 0.262500 0.693750 0.275000 0.710938 0.278125 0.753125 0.275000 0.784375 0.257812 0.806250 0.234375 0.812500 0.210938 0.839063 0.185938 0.840625 0.159375 0.831250 0.140625 0.810937 0.125000 0.768750 0.117188 0.753125 0.104688 0.726562 0.104688 0.720313 0.096875 0.718750 0.071875 0.706250 0.056250 0.698438 0.054688
