0 0.695222 0.336619 0.604708 0.337848 0.582812 0.342187 0.550000 0.351562 0.485720 0.352611 0.462334 0.358352 0.447562 0.371064 0.437306 0.394439 0.439767 0.424375 0.440625 0.432812 0.442066 0.454272 0.440625 0.523438 0.440425 0.530267 0.440425 0.608592 0.442188 0.614062 0.454688 0.640625 0.472017 0.654778 0.575000 0.659375 0.589063 0.664062 0.596750 0.667491 0.690298 0.667491 0.705480 0.665075 0.764062 0.642188 0.803131 0.624888 0.827748 0.594542 0.822825 0.485872 0.820312 0.468750 0.820312 0.450000 0.820364 0.452538 0.822005 0.443516 0.820312 0.435937 0.812978 0.391158 0.790625 0.373437 0.762500 0.357812 0.721875 0.345313 0.711633 0.340719
4 0.310417 0.309375 0.243750 0.309375 0.242188 0.315625 0.218750 0.326562 0.198437 0.356250 0.190625 0.359375 0.190625 0.584375 0.196875 0.585938 0.201563 0.653125 0.212500 0.675000 0.271875 0.696875 0.334375 0.706250 0.343750 0.714063 0.345313 0.707812 0.359375 0.704688 0.403125 0.679688 0.420312 0.659375 0.426563 0.639062 0.432812 0.637500 0.432812 0.468750 0.426563 0.467187 0.421875 0.371875 0.409375 0.346875 0.395313 0.334375 0.323437 0.317188 0.318750 0.309375
0 0.329688 0.309375 0.228125 0.309375 0.217630 0.315787 0.201627 0.323989 0.192600 0.346134 0.190625 0.368750 0.188088 0.376480 0.190139 0.566422 0.192188 0.585938 0.201563 0.667188 0.220312 0.690625 0.239063 0.698438 0.301563 0.706250 0.350000 0.704688 0.406250 0.681250 0.424011 0.668070 0.425000 0.656250 0.432812 0.653125 0.428523 0.433111 0.426563 0.412500 0.422369 0.351969 0.402264 0.331056 0.370312 0.321875 0.342187 0.317188 0.337500 0.309375
8 0.305000 0.171875 0.268750 0.171875 0.268750 0.176563 0.260937 0.187500 0.257812 0.190625 0.253125 0.190625 0.253125 0.245312 0.257812 0.245312 0.268750 0.256250 0.287500 0.264062 0.289062 0.270313 0.310937 0.270313 0.312500 0.264062 0.323437 0.259375 0.332813 0.250000 0.337500 0.239063 0.339062 0.226562 0.334375 0.203125 0.321875 0.184375 0.314063 0.178125 0.314063 0.171875
0 0.785342 0.653120 0.761609 0.659716 0.746875 0.667188 0.720313 0.676562 0.640625 0.682813 0.609375 0.703125 0.612970 0.814556 0.615625 0.837500 0.617188 0.865625 0.628125 0.895312 0.650000 0.907813 0.661267 0.910683 0.722056 0.911931 0.743750 0.907813 0.771875 0.903125 0.787500 0.895312 0.814063 0.871875 0.831142 0.848264 0.839063 0.821875 0.835722 0.763811 0.832812 0.748437 0.829688 0.692187 0.809375 0.659375
1 0.787813 0.659375 0.751563 0.659375 0.745313 0.668750 0.704688 0.679688 0.640625 0.684375 0.615625 0.704688 0.609375 0.704688 0.609375 0.809375 0.615625 0.810937 0.620313 0.862500 0.629687 0.878125 0.668750 0.895312 0.670312 0.901563 0.685937 0.901563 0.689063 0.893750 0.703125 0.890625 0.775000 0.890625 0.796875 0.873437 0.831250 0.810937 0.823438 0.703125 0.820312 0.690625 0.796875 0.659375
1 0.537395 0.103125 0.426563 0.103125 0.410938 0.128125 0.403125 0.129688 0.403125 0.281250 0.409375 0.282813 0.417187 0.306250 0.439063 0.323437 0.484375 0.335938 0.535937 0.335938 0.559375 0.321875 0.570312 0.295312 0.576562 0.293750 0.576562 0.270313 0.570312 0.268750 0.568750 0.250000 0.568750 0.221875 0.576562 0.212500 0.570312 0.210938 0.565625 0.146875 0.545312 0.103125
6 0.730958 0.090625 0.609375 0.090625 0.595313 0.107813 0.589063 0.126562 0.589063 0.179688 0.585938 0.187500 0.578125 0.190625 0.578125 0.220312 0.590625 0.231250 0.601562 0.290625 0.617188 0.309375 0.635938 0.317188 0.718750 0.325000 0.775000 0.339062 0.776563 0.345313 0.790625 0.345313 0.790625 0.340625 0.806250 0.329688 0.814063 0.306250 0.820312 0.304688 0.820312 0.200000 0.814063 0.198437 0.810937 0.160938 0.803125 0.145313 0.767188 0.110937 0.740625 0.096875 0.739062 0.090625
0 0.529614 0.667686 0.473438 0.671875 0.454670 0.681834 0.430105 0.692237 0.415533 0.715123 0.421875 0.887500 0.453838 0.912242 0.472156 0.913908 0.560841 0.913908 0.575830 0.910162 0.589986 0.901008 0.598314 0.885611 0.601562 0.871875 0.597064 0.780456 0.596231 0.762147 0.592187 0.718750 0.585823 0.688492 0.562500 0.671875
5 0.740364 0.365625 0.700000 0.365625 0.698438 0.371875 0.675000 0.381250 0.634375 0.410938 0.634375 0.425000 0.659375 0.437500 0.726562 0.507812 0.721875 0.520312 0.687500 0.553125 0.676562 0.573438 0.643750 0.600000 0.640625 0.607812 0.645312 0.610938 0.673438 0.614062 0.675000 0.620313 0.690625 0.620313 0.692187 0.614062 0.776563 0.598437 0.776563 0.531250 0.771875 0.531250 0.768750 0.523438 0.760938 0.429688 0.748437 0.365625
0 0.356055 0.103125 0.235937 0.103125 0.229687 0.114062 0.203125 0.132812 0.187500 0.154688 0.178125 0.159375 0.178125 0.267188 0.210938 0.292187 0.215625 0.301563 0.360938 0.301563 0.381250 0.273438 0.389062 0.270313 0.389062 0.145313 0.377236 0.122117 0.364063 0.103125
0 0.370128 0.715625 0.254650 0.717148 0.239063 0.723437 0.221875 0.732812 0.210183 0.742216 0.203125 0.746875 0.203125 0.840625 0.213097 0.859148 0.237663 0.896600 0.253125 0.903125 0.275000 0.914062 0.286792 0.917662 0.355075 0.917247 0.362153 0.916830 0.367150 0.915581 0.388384 0.912253 0.402541 0.897272 0.407813 0.890625 0.407813 0.756250 0.399542 0.740034 0.392188 0.734375 0.386636 0.725886 0.377892 0.719645
0 0.745128 0.090625 0.617188 0.090625 0.590625 0.128125 0.592187 0.262500 0.604688 0.301563 0.628125 0.318750 0.710938 0.328125 0.785937 0.345313 0.796875 0.342187 0.813798 0.329725 0.820312 0.317188 0.820312 0.184375 0.818722 0.177058 0.813389 0.162705 0.793283 0.121697 0.769077 0.099964 0.753125 0.090625
5 0.577902 0.346875 0.529687 0.346875 0.490625 0.395313 0.446875 0.517188 0.442188 0.528125 0.434375 0.531250 0.434375 0.603125 0.445312 0.609375 0.562500 0.601562 0.615625 0.595313 0.659375 0.584375 0.723437 0.515625 0.723437 0.504687 0.679688 0.459375 0.639062 0.428125 0.618750 0.421875 0.610938 0.414062 0.585938 0.346875
5 0.637344 0.590625 0.565625 0.590625 0.564063 0.596875 0.551562 0.600000 0.471875 0.607812 0.471875 0.640625 0.501563 0.640625 0.509375 0.643750 0.512500 0.651563 0.525000 0.651563 0.525000 0.646875 0.534375 0.640625 0.581250 0.629687 0.620313 0.606250 0.645312 0.600000 0.645312 0.590625
1 0.551094 0.671875 0.476562 0.671875 0.473438 0.679688 0.446875 0.689063 0.421875 0.707812 0.421875 0.860938 0.428125 0.862500 0.435937 0.881250 0.459375 0.895312 0.460938 0.901563 0.489063 0.901563 0.490625 0.895312 0.559375 0.890625 0.595313 0.865625 0.595313 0.784375 0.589063 0.782813 0.585938 0.709375 0.576562 0.689063 0.562500 0.679688 0.559375 0.671875
0 0.451562 0.096875 0.450000 0.098437 0.443750 0.098437 0.442188 0.100000 0.440625 0.100000 0.439063 0.101562 0.437500 0.101562 0.435937 0.103125 0.425000 0.103125 0.423438 0.104688 0.420312 0.104688 0.418750 0.106250 0.417187 0.106250 0.409375 0.114062 0.409375 0.115625 0.407813 0.117188 0.407813 0.118750 0.404687 0.121875 0.404687 0.123438 0.401562 0.126562 0.401562 0.129688 0.400000 0.131250 0.400000 0.139063 0.398438 0.140625 0.398438 0.192188 0.400000 0.193750 0.400000 0.248438 0.401562 0.250000 0.401562 0.275000 0.403125 0.276562 0.403125 0.287500 0.404687 0.289062 0.404687 0.292187 0.406250 0.293750 0.406250 0.296875 0.409375 0.300000 0.409375 0.301563 0.410938 0.303125 0.410938 0.304688 0.412500 0.306250 0.412500 0.307812 0.414062 0.309375 0.414062 0.310937 0.417187 0.314063 0.417187 0.315625 0.423438 0.321875 0.425000 0.321875 0.428125 0.325000 0.429688 0.325000 0.431250 0.326562 0.432812 0.326562 0.434375 0.328125 0.440625 0.328125 0.442188 0.329688 0.446875 0.329688 0.448437 0.331250 0.450000 0.331250 0.451562 0.332813 0.456250 0.332813 0.457813 0.334375 0.462500 0.334375 0.464062 0.335938 0.473438 0.335938 0.475000 0.337500 0.493750 0.337500 0.495312 0.339062 0.531250 0.339062 0.532813 0.337500 0.535937 0.337500 0.537500 0.335938 0.540625 0.335938 0.542188 0.334375 0.543750 0.334375 0.545312 0.332813 0.548438 0.332813 0.550000 0.331250 0.551562 0.331250 0.553125 0.329688 0.554688 0.329688 0.570312 0.314063 0.570312 0.312500 0.571875 0.310937 0.571875 0.309375 0.573438 0.307812 0.573438 0.306250 0.575000 0.304688 0.575000 0.301563 0.576562 0.300000 0.576562 0.296875 0.578125 0.295312 0.578125 0.281250 0.576562 0.279687 0.576562 0.276562 0.575000 0.275000 0.575000 0.268750 0.576562 0.267188 0.576562 0.217188 0.575000 0.215625 0.575000 0.195312 0.573438 0.193750 0.573438 0.181250 0.575000 0.179688 0.575000 0.142187 0.573438 0.140625 0.573438 0.134375 0.571875 0.132812 0.571875 0.129688 0.570312 0.128125 0.570312 0.121875 0.568750 0.120313 0.568750 0.118750 0.567187 0.117188 0.567187 0.115625 0.565625 0.114062 0.565625 0.112500 0.557813 0.104688 0.556250 0.104688 0.554688 0.103125 0.553125 0.103125 0.551562 0.101562 0.545312 0.101562 0.543750 0.100000 0.535937 0.100000 0.534375 0.098437 0.456250 0.098437 0.454688 0.096875
7 0.218750 0.740625 0.218750 0.792188 0.242188 0.848437 0.257812 0.864062 0.257812 0.876563 0.278125 0.887500 0.310937 0.890625 0.312500 0.884375 0.334375 0.873437 0.362500 0.873437 0.375000 0.865625 0.403125 0.821875 0.401562 0.760938 0.393750 0.737500 0.378125 0.721875 0.354687 0.717187 0.315625 0.721875 0.260937 0.715625 0.229687 0.728125
