4 0.262500 0.359375 0.176563 0.359375 0.176563 0.364063 0.160938 0.376563 0.151562 0.409375 0.148438 0.496875 0.146875 0.509375 0.140625 0.510938 0.140625 0.529687 0.146875 0.531250 0.146875 0.535937 0.140625 0.537500 0.140625 0.675000 0.145313 0.675000 0.175000 0.707812 0.201563 0.718750 0.267188 0.710938 0.318750 0.696875 0.337500 0.679688 0.345313 0.662500 0.351562 0.568750 0.357812 0.567187 0.357812 0.432812 0.351562 0.431250 0.331250 0.385937 0.273438 0.367188 0.270313 0.359375
0 0.598077 0.384375 0.500000 0.384375 0.498437 0.390625 0.475000 0.396875 0.403125 0.398438 0.382812 0.406250 0.365625 0.435937 0.359375 0.437500 0.359375 0.665625 0.393750 0.682813 0.464062 0.687500 0.539062 0.701562 0.540625 0.707812 0.573438 0.707812 0.575000 0.701562 0.626563 0.692187 0.681250 0.673438 0.701562 0.660937 0.718750 0.639062 0.726562 0.635938 0.726562 0.462500 0.720313 0.460938 0.707812 0.439063 0.695312 0.428125 0.640625 0.400000 0.609375 0.392188 0.606250 0.384375
6 0.682031 0.696875 0.639062 0.696875 0.634375 0.704688 0.601562 0.710938 0.542188 0.714063 0.515625 0.728125 0.515625 0.884375 0.534375 0.898438 0.559375 0.896875 0.629687 0.928125 0.659375 0.926562 0.679688 0.912500 0.689063 0.885938 0.710938 0.857812 0.717187 0.829688 0.715625 0.737500 0.709375 0.720313 0.690625 0.703125 0.690625 0.696875
0 0.686562 0.690625 0.651563 0.690625 0.646875 0.698438 0.607812 0.707812 0.540625 0.712500 0.509375 0.732812 0.509375 0.917188 0.515625 0.917188 0.540625 0.935937 0.587500 0.939063 0.589063 0.945312 0.664062 0.945312 0.667188 0.937500 0.706250 0.907813 0.720313 0.879687 0.725000 0.856250 0.725000 0.746875 0.718750 0.720313 0.695312 0.690625
0 0.274889 0.353125 0.171875 0.353125 0.154688 0.373437 0.146875 0.392188 0.142187 0.490625 0.140625 0.500000 0.134375 0.501563 0.134375 0.703125 0.171875 0.720313 0.173437 0.726562 0.265625 0.726562 0.270313 0.718750 0.321875 0.700000 0.337500 0.685937 0.346875 0.667188 0.351562 0.604688 0.357812 0.603125 0.357812 0.400000 0.353125 0.400000 0.329688 0.373437 0.285938 0.360938 0.282813 0.353125
8 0.279375 0.734375 0.246875 0.734375 0.246875 0.739062 0.243750 0.742188 0.239063 0.743750 0.226562 0.754687 0.214062 0.770312 0.209375 0.770312 0.209375 0.821875 0.214062 0.821875 0.228125 0.832812 0.242188 0.837500 0.265625 0.839063 0.275000 0.837500 0.284375 0.832812 0.295312 0.825000 0.306250 0.814063 0.309375 0.807813 0.314063 0.807813 0.314063 0.765625 0.309375 0.765625 0.304688 0.760938 0.301563 0.753125 0.287500 0.739062 0.287500 0.734375
0 0.470202 0.171875 0.367188 0.171875 0.365625 0.179688 0.345313 0.201563 0.340625 0.201563 0.340625 0.354687 0.345313 0.354687 0.367188 0.375000 0.387500 0.384375 0.417187 0.389062 0.418750 0.395313 0.454688 0.395313 0.456250 0.389062 0.479687 0.382812 0.493750 0.370312 0.501563 0.351562 0.507812 0.350000 0.507812 0.207813 0.503125 0.207813 0.495312 0.192188 0.478125 0.178125 0.478125 0.171875
0 0.656250 0.171875 0.539062 0.171875 0.539062 0.176563 0.515625 0.195312 0.515625 0.359375 0.521875 0.359375 0.543750 0.376563 0.606250 0.384375 0.670312 0.401562 0.690625 0.398438 0.712500 0.381250 0.720313 0.359375 0.726562 0.357812 0.726562 0.256250 0.720313 0.254688 0.704688 0.210938 0.667188 0.179688 0.664062 0.171875
7 0.277431 0.178125 0.209375 0.178125 0.209375 0.182812 0.190625 0.195312 0.179688 0.209375 0.176563 0.229687 0.181250 0.248438 0.171875 0.260937 0.165625 0.260937 0.165625 0.325000 0.170313 0.325000 0.181250 0.335938 0.195312 0.340625 0.239063 0.335938 0.257812 0.342187 0.284375 0.343750 0.304688 0.339062 0.314063 0.331250 0.329688 0.296875 0.329688 0.210938 0.326562 0.201563 0.315625 0.190625 0.306250 0.185938 0.287500 0.184375 0.285938 0.178125
5 0.490234 0.421875 0.465625 0.421875 0.464062 0.428125 0.434375 0.428125 0.407813 0.435937 0.404687 0.453125 0.393750 0.471875 0.378125 0.553125 0.371875 0.571875 0.365625 0.573438 0.365625 0.648438 0.410938 0.656250 0.446875 0.670312 0.448437 0.676562 0.457813 0.676562 0.514062 0.510938 0.520312 0.473438 0.526563 0.471875 0.526563 0.462500 0.521875 0.462500 0.498437 0.437500 0.498437 0.421875
0 0.302884 0.171875 0.206250 0.171875 0.204687 0.178125 0.178125 0.189062 0.164062 0.204687 0.154688 0.223438 0.146875 0.226562 0.146875 0.323437 0.181250 0.343750 0.259375 0.343750 0.265625 0.346875 0.265625 0.351562 0.303125 0.351562 0.303125 0.346875 0.323437 0.329688 0.331250 0.298438 0.331250 0.203125 0.310937 0.171875
5 0.636931 0.428125 0.553125 0.428125 0.553125 0.450000 0.565625 0.446875 0.579688 0.460938 0.575000 0.476562 0.578125 0.503125 0.568750 0.568750 0.560937 0.601562 0.553125 0.606250 0.553125 0.635938 0.618750 0.656250 0.634375 0.656250 0.643750 0.640625 0.664062 0.564063 0.671875 0.495312 0.676562 0.479687 0.682813 0.478125 0.682813 0.468750 0.678125 0.468750 0.667188 0.451562 0.645312 0.434375 0.645312 0.428125
0 0.460817 0.696875 0.365625 0.696875 0.362500 0.704688 0.346875 0.710938 0.321875 0.731250 0.321875 0.910937 0.328125 0.910937 0.342187 0.923438 0.364063 0.931250 0.403125 0.932813 0.404687 0.939063 0.445312 0.939063 0.446875 0.932813 0.465625 0.928125 0.485938 0.907813 0.492188 0.889062 0.493750 0.737500 0.489063 0.721875 0.468750 0.696875
2 0.474889 0.178125 0.371875 0.178125 0.365625 0.189062 0.353125 0.195312 0.353125 0.364063 0.396875 0.381250 0.400000 0.389062 0.471875 0.389062 0.471875 0.384375 0.489063 0.370312 0.496875 0.356250 0.500000 0.214062 0.495312 0.198437 0.482812 0.184375 0.482812 0.178125
1 0.458855 0.696875 0.367188 0.696875 0.364063 0.704688 0.345313 0.712500 0.332813 0.726562 0.328125 0.726562 0.328125 0.901563 0.334375 0.901563 0.354687 0.918750 0.410938 0.923438 0.420312 0.926562 0.421875 0.932813 0.434375 0.932813 0.437500 0.925000 0.471875 0.920312 0.484375 0.906250 0.490625 0.890625 0.492188 0.737500 0.487500 0.721875 0.467187 0.701562 0.467187 0.696875
0 0.282552 0.734375 0.145313 0.734375 0.132812 0.754687 0.121875 0.760938 0.121875 0.875000 0.126562 0.875000 0.153125 0.903125 0.189062 0.923438 0.206250 0.926562 0.207813 0.932813 0.271875 0.932813 0.273438 0.926562 0.296875 0.910937 0.306250 0.893750 0.307812 0.881250 0.314063 0.879687 0.314063 0.760938 0.304688 0.756250 0.290625 0.734375
5 0.568359 0.428125 0.543750 0.428125 0.546875 0.439063 0.543750 0.445312 0.526563 0.451562 0.514062 0.514062 0.482812 0.615625 0.479687 0.625000 0.471875 0.628125 0.471875 0.657813 0.492188 0.667188 0.506250 0.668750 0.510938 0.676562 0.531250 0.676562 0.539062 0.664062 0.554688 0.623437 0.568750 0.562500 0.576562 0.557813 0.576562 0.428125
4 0.571094 0.171875 0.545312 0.171875 0.525000 0.198437 0.515625 0.203125 0.515625 0.343750 0.521875 0.345313 0.531250 0.364063 0.542188 0.371875 0.603125 0.378125 0.651563 0.392188 0.657813 0.401562 0.684375 0.401562 0.684375 0.396875 0.709375 0.376563 0.715625 0.360938 0.718750 0.323437 0.715625 0.259375 0.692187 0.234375 0.689063 0.214062 0.678125 0.193750 0.657813 0.181250 0.653125 0.171875 0.618750 0.171875 0.615625 0.179688 0.607812 0.181250 0.582812 0.179688 0.579688 0.171875
