7 0.274609 0.540625 0.217188 0.540625 0.214062 0.548438 0.192188 0.559375 0.173437 0.578125 0.140625 0.634375 0.134375 0.635938 0.134375 0.704688 0.140625 0.706250 0.154688 0.735938 0.192188 0.762500 0.195312 0.770312 0.268750 0.770312 0.268750 0.765625 0.300000 0.739062 0.339062 0.668750 0.340625 0.643750 0.315625 0.590625 0.321875 0.573438 0.320312 0.564063 0.303125 0.551562 0.284375 0.546875 0.282813 0.540625
0 0.635938 0.421875 0.487500 0.421875 0.487500 0.426563 0.457813 0.451562 0.356250 0.721875 0.348438 0.739062 0.340625 0.742188 0.340625 0.795312 0.345313 0.795312 0.364063 0.817187 0.390625 0.831250 0.393750 0.839063 0.646875 0.839063 0.648438 0.832812 0.662500 0.831250 0.918750 0.825000 0.962500 0.814063 0.976562 0.801562 0.989062 0.768750 0.995313 0.767188 0.995313 0.725000 0.989062 0.723437 0.985938 0.703125 0.987500 0.609375 0.989062 0.603125 0.995313 0.601562 0.995313 0.489063 0.989062 0.487500 0.984375 0.468750 0.970313 0.446875 0.948438 0.432812 0.934375 0.429688 0.759375 0.428125 0.757812 0.421875 0.704688 0.421875 0.703125 0.428125 0.660937 0.429688 0.645312 0.428125 0.643750 0.421875
0 0.671870 0.124255 0.340527 0.125852 0.324956 0.127048 0.316173 0.146609 0.318484 0.175592 0.344119 0.215273 0.364063 0.251563 0.385637 0.293120 0.395313 0.309375 0.421875 0.364063 0.459375 0.407813 0.564063 0.407813 0.585242 0.389728 0.592187 0.367188 0.665625 0.182812 0.670312 0.175000 0.676562 0.139063 0.676562 0.128125
0 0.942187 0.128125 0.715625 0.128125 0.671875 0.223438 0.639062 0.312500 0.629059 0.340084 0.629427 0.367563 0.634375 0.381250 0.646875 0.395313 0.664062 0.404687 0.695312 0.410938 0.903125 0.412500 0.946875 0.409375 0.962500 0.403125 0.981250 0.375000 0.981091 0.315019 0.981250 0.239063 0.976562 0.181250 0.950000 0.128125
0 0.334375 0.509375 0.115625 0.509375 0.115625 0.514062 0.082812 0.543750 0.071875 0.578125 0.065625 0.579688 0.065625 0.792188 0.075000 0.796875 0.101562 0.831250 0.118750 0.840625 0.145313 0.843750 0.148438 0.851562 0.260937 0.851562 0.273438 0.835938 0.326562 0.743750 0.375000 0.614062 0.381250 0.600000 0.389062 0.596875 0.389062 0.557813 0.381250 0.554688 0.370312 0.534375 0.345313 0.517188 0.342187 0.509375
0 0.272400 0.123658 0.111656 0.125816 0.100869 0.161417 0.086305 0.453234 0.114062 0.485938 0.151562 0.493750 0.376563 0.493750 0.407813 0.479687 0.423438 0.456250 0.426563 0.437500 0.421875 0.420312 0.376563 0.337500 0.340625 0.254688 0.290739 0.151169
1 0.121875 0.153125 0.126562 0.259375 0.123438 0.387500 0.115625 0.443750 0.129688 0.476562 0.156250 0.484375 0.348438 0.487500 0.382812 0.487500 0.403125 0.478125 0.420312 0.453125 0.417187 0.423438 0.275000 0.134375 0.250000 0.125000 0.129688 0.126562
2 0.632812 0.334375 0.631250 0.365625 0.642188 0.385937 0.657813 0.400000 0.681250 0.406250 0.896875 0.406250 0.942187 0.400000 0.956250 0.385937 0.957812 0.345313 0.946875 0.245312 0.953125 0.187500 0.943750 0.167187 0.907813 0.145313 0.723437 0.140625
5 0.431250 0.623437 0.429688 0.640625 0.439063 0.643750 0.510938 0.614062 0.525000 0.606250 0.526563 0.598437 0.545312 0.598437 0.703125 0.535937 0.732812 0.529687 0.757812 0.518750 0.775000 0.490625 0.796875 0.470313 0.734375 0.451562 0.720313 0.459375 0.715625 0.470313 0.707812 0.470313 0.704688 0.462500 0.681250 0.454688 0.643750 0.476562 0.637500 0.504687 0.629687 0.510938 0.545312 0.453125 0.518750 0.445312 0.510938 0.451562 0.512500 0.460938 0.490625 0.500000 0.446875 0.564063
5 0.443750 0.706250 0.445312 0.718750 0.504687 0.771875 0.579688 0.775000 0.590625 0.765625 0.629687 0.776563 0.665625 0.776563 0.743750 0.756250 0.785937 0.778125 0.814063 0.782813 0.834375 0.765625 0.878125 0.692187 0.915625 0.660937 0.923438 0.643750 0.915625 0.618750 0.945312 0.575000 0.948438 0.559375 0.923438 0.542188 0.898438 0.560937 0.857812 0.578125 0.778125 0.565625 0.562500 0.651563
