7 0.488125 0.078125 0.453125 0.078125 0.450000 0.085938 0.434375 0.093750 0.434375 0.223438 0.459375 0.228125 0.482812 0.251563 0.496875 0.257812 0.498437 0.264062 0.514062 0.264062 0.515625 0.257812 0.531250 0.253125 0.546875 0.242188 0.553125 0.228125 0.548438 0.201563 0.557813 0.181250 0.564063 0.179688 0.564063 0.167187 0.557813 0.165625 0.548438 0.107813 0.526563 0.093750 0.517188 0.093750 0.498437 0.084375 0.496875 0.078125
0 0.726270 0.240625 0.604688 0.240625 0.603125 0.246875 0.565625 0.268750 0.565625 0.512500 0.571875 0.514062 0.576562 0.531250 0.596875 0.551562 0.625000 0.562500 0.670312 0.570312 0.700000 0.570312 0.732812 0.565625 0.751563 0.553125 0.762500 0.534375 0.760938 0.296875 0.756250 0.271875 0.734375 0.240625
5 0.348438 0.259375 0.321875 0.307812 0.315625 0.309375 0.315625 0.431250 0.323437 0.434375 0.346875 0.493750 0.384375 0.539062 0.395313 0.539062 0.396875 0.529687 0.412500 0.514062 0.459375 0.532813 0.460938 0.539062 0.473438 0.539062 0.475000 0.532813 0.495312 0.529687 0.500000 0.523438 0.507812 0.467187 0.543750 0.395313 0.540625 0.381250 0.454688 0.295312 0.420312 0.268750 0.415625 0.259375 0.389062 0.259375 0.376563 0.275000 0.364063 0.268750 0.359375 0.259375
0 0.388416 0.250353 0.344783 0.254203 0.296875 0.267188 0.257812 0.279687 0.221875 0.306250 0.221875 0.493750 0.246875 0.514062 0.296875 0.537500 0.335938 0.545312 0.431250 0.543750 0.453125 0.539062 0.523438 0.532813 0.540703 0.530544 0.554819 0.518566 0.557813 0.490625 0.556250 0.420312 0.557813 0.389062 0.557813 0.339062 0.556958 0.305536 0.539847 0.275592 0.475681 0.271314 0.448305 0.265325 0.429688 0.259375
0 0.260853 0.542223 0.240625 0.546875 0.228966 0.559997 0.217464 0.567316 0.221875 0.720313 0.229687 0.723437 0.239063 0.742188 0.254688 0.757812 0.284375 0.770312 0.340625 0.770312 0.384375 0.767188 0.407813 0.759375 0.420312 0.746875 0.426563 0.729688 0.426563 0.623437 0.425000 0.596875 0.418750 0.581250 0.401562 0.567187 0.334375 0.564063 0.300000 0.554688 0.288558 0.547973
0 0.380975 0.040625 0.251563 0.040625 0.251563 0.045312 0.228125 0.068750 0.221875 0.068750 0.221875 0.239063 0.245312 0.256250 0.248438 0.264062 0.273438 0.264062 0.278125 0.256250 0.317188 0.245312 0.389062 0.240625 0.420312 0.218750 0.420312 0.093750 0.414062 0.092188 0.409375 0.065625 0.389062 0.040625
0 0.324653 0.884375 0.259375 0.884375 0.259375 0.889062 0.253125 0.892188 0.221875 0.895312 0.221875 0.998437 0.364063 0.998437 0.364063 0.968750 0.359375 0.968750 0.356250 0.964063 0.348438 0.912500 0.343750 0.901563 0.332813 0.889062 0.332813 0.884375
4 0.688303 0.255120 0.678659 0.263766 0.673672 0.256783 0.661369 0.257781 0.657047 0.263766 0.652723 0.257448 0.613487 0.257781 0.607169 0.271747 0.597527 0.273409 0.591541 0.281056 0.570594 0.277731 0.571875 0.531250 0.596875 0.550000 0.657813 0.568750 0.685937 0.568750 0.732812 0.553125 0.745313 0.539062 0.751563 0.487500 0.757812 0.485938 0.737812 0.422723 0.758063 0.417000 0.757812 0.371875 0.750000 0.368750 0.742188 0.345313 0.731250 0.276562 0.725000 0.268750 0.703125 0.260937 0.695286 0.258114
0 0.699759 0.065625 0.603125 0.065625 0.600000 0.078125 0.590625 0.082812 0.590625 0.204687 0.595313 0.204687 0.614062 0.221875 0.629687 0.226562 0.659375 0.223438 0.720313 0.226562 0.734375 0.221875 0.751563 0.203125 0.757812 0.203125 0.757812 0.125000 0.750000 0.121875 0.740625 0.100000 0.726562 0.084375 0.707812 0.071875 0.707812 0.065625
0 0.734270 0.578125 0.623437 0.578125 0.623437 0.582812 0.609375 0.596875 0.603125 0.596875 0.603125 0.721875 0.609375 0.723437 0.623437 0.743750 0.642188 0.750000 0.675000 0.750000 0.704688 0.746875 0.729688 0.739062 0.746875 0.725000 0.762500 0.696875 0.770312 0.693750 0.770312 0.609375 0.764062 0.607812 0.759375 0.598437 0.742188 0.582812 0.742188 0.578125
0 0.545170 0.546875 0.465625 0.546875 0.457113 0.551881 0.450255 0.559064 0.440625 0.567187 0.440625 0.740625 0.446681 0.747520 0.458030 0.759384 0.467187 0.764062 0.548438 0.764062 0.567894 0.757838 0.578125 0.748437 0.590625 0.732812 0.595313 0.714063 0.595313 0.675000 0.589063 0.590625 0.581250 0.570312 0.567187 0.557813 0.554688 0.553125
5 0.329688 0.259375 0.321875 0.259375 0.321875 0.264062 0.268750 0.323437 0.259375 0.342187 0.255703 0.367680 0.252759 0.437914 0.260937 0.453125 0.270313 0.471875 0.295312 0.493750 0.348438 0.523438 0.375000 0.529687 0.350000 0.498437 0.318750 0.407813 0.321875 0.317188 0.340625 0.271875 0.337500 0.259375
7 0.324609 0.884375 0.267188 0.884375 0.265625 0.890625 0.243750 0.901563 0.215625 0.909375 0.215625 0.998437 0.364063 0.998437 0.364063 0.995313 0.356250 0.992188 0.351562 0.973437 0.343750 0.964063 0.342187 0.957812 0.348438 0.939063 0.348438 0.928125 0.342187 0.903125 0.332813 0.890625 0.332813 0.884375
0 0.541947 0.053125 0.445312 0.053125 0.442188 0.062500 0.434375 0.070312 0.428125 0.070312 0.428125 0.218750 0.432812 0.218750 0.446875 0.242188 0.470313 0.256250 0.473438 0.264062 0.529687 0.264062 0.531250 0.257812 0.564063 0.246875 0.579688 0.226562 0.582812 0.214062 0.579688 0.095312 0.568750 0.071875 0.553125 0.060937 0.550000 0.053125
0 0.606250 0.821875 0.528125 0.821875 0.525000 0.829688 0.515625 0.832812 0.465625 0.840625 0.398438 0.859375 0.365625 0.879687 0.365625 0.990625 0.371875 0.992188 0.371875 0.998437 0.534375 0.998437 0.540625 0.989062 0.578125 0.965625 0.590625 0.950000 0.632812 0.918750 0.632812 0.867188 0.626563 0.865625 0.614062 0.821875
8 0.646875 0.109375 0.635938 0.109375 0.635938 0.114062 0.632812 0.117188 0.596875 0.120313 0.596875 0.187500 0.603125 0.189062 0.606250 0.203125 0.610938 0.212500 0.625000 0.223438 0.646875 0.223438 0.657813 0.220312 0.670312 0.214062 0.682813 0.201563 0.689063 0.201563 0.689063 0.190625 0.684375 0.190625 0.681250 0.185938 0.668750 0.150000 0.665625 0.134375 0.657813 0.117188 0.657813 0.109375
0 0.620000 0.971875 0.587500 0.971875 0.587500 0.978125 0.585938 0.979688 0.567187 0.992188 0.559375 0.992188 0.559375 0.998437 0.645312 0.998437 0.645312 0.990625 0.639062 0.990625 0.637500 0.989062 0.637500 0.987500 0.628125 0.978125 0.628125 0.971875
4 0.593303 0.828125 0.543750 0.828125 0.540625 0.835938 0.512500 0.835938 0.490625 0.843750 0.457813 0.846875 0.398438 0.864062 0.365625 0.882812 0.365625 0.935937 0.371875 0.935937 0.381250 0.951562 0.371875 0.979688 0.373437 0.998437 0.529687 0.998437 0.539062 0.987500 0.562500 0.978125 0.576562 0.964063 0.576562 0.946875 0.598437 0.934375 0.610938 0.912500 0.620313 0.879687 0.626563 0.878125 0.626563 0.856250 0.620313 0.854688 0.601562 0.828125
4 0.593527 0.828125 0.545312 0.828125 0.540625 0.835938 0.514062 0.835938 0.484375 0.845313 0.459375 0.846875 0.400000 0.864062 0.365625 0.882812 0.365625 0.935937 0.371875 0.935937 0.381250 0.946875 0.381250 0.962500 0.371875 0.979688 0.373437 0.998437 0.529687 0.998437 0.539062 0.987500 0.564063 0.976562 0.575000 0.964063 0.575000 0.946875 0.595313 0.937500 0.612500 0.907813 0.620313 0.878125 0.626563 0.876563 0.626563 0.856250 0.601562 0.834375 0.601562 0.828125
0 0.618750 0.971875 0.590625 0.971875 0.590625 0.976562 0.587500 0.979688 0.578125 0.984375 0.573438 0.989062 0.564063 0.993750 0.559375 0.993750 0.559375 0.998437 0.645312 0.998437 0.645312 0.990625 0.640625 0.990625 0.629687 0.979688 0.628125 0.976562 0.628125 0.971875
8 0.659375 0.112500 0.660937 0.129688 0.690625 0.198437 0.732812 0.176563 0.725000 0.135937 0.704688 0.093750 0.690625 0.093750
2 0.445312 0.579688 0.445312 0.726562 0.459375 0.748437 0.496875 0.753125 0.553125 0.750000 0.571875 0.743750 0.587500 0.721875 0.581250 0.590625 0.571875 0.567187 0.553125 0.556250 0.490625 0.548438 0.460938 0.556250
1 0.232813 0.582812 0.237500 0.726562 0.254688 0.743750 0.293750 0.762500 0.328125 0.762500 0.396875 0.754687 0.418750 0.737500 0.423438 0.679688 0.420312 0.590625 0.409375 0.575000 0.393750 0.568750 0.320312 0.564063 0.275000 0.548438 0.257812 0.548438 0.240625 0.556250
1 0.604688 0.607812 0.606250 0.715625 0.620313 0.740625 0.643750 0.743750 0.701562 0.739062 0.715625 0.734375 0.739062 0.715625 0.757812 0.670312 0.760938 0.612500 0.750000 0.590625 0.734375 0.584375 0.692187 0.587500 0.629687 0.582812 0.620313 0.587500
1 0.228125 0.106250 0.228125 0.135937 0.220312 0.164062 0.221875 0.220312 0.223438 0.232813 0.237500 0.250000 0.250000 0.256250 0.270313 0.256250 0.331250 0.240625 0.385937 0.239063 0.409375 0.223438 0.414062 0.195312 0.409375 0.093750 0.393750 0.070312 0.275000 0.064062 0.248438 0.076563 0.234375 0.090625
