0 0.541719 0.609375 0.467187 0.609375 0.464062 0.617188 0.454688 0.620313 0.440625 0.635938 0.434375 0.635938 0.434375 0.810937 0.439063 0.810937 0.460938 0.831250 0.464062 0.839063 0.550000 0.839063 0.551562 0.832812 0.573438 0.826562 0.590625 0.812500 0.596875 0.801562 0.601562 0.801562 0.601562 0.656250 0.595313 0.654687 0.590625 0.639062 0.581250 0.628125 0.551562 0.615625 0.550000 0.609375
7 0.475000 0.103125 0.456250 0.103125 0.456250 0.109375 0.450000 0.114062 0.442188 0.134375 0.434375 0.137500 0.434375 0.154688 0.440625 0.154688 0.446875 0.164062 0.442188 0.176563 0.434375 0.179688 0.434375 0.198437 0.439063 0.198437 0.450000 0.212500 0.439063 0.225000 0.434375 0.225000 0.434375 0.282813 0.457813 0.296875 0.479687 0.290625 0.496875 0.273438 0.507812 0.290625 0.525000 0.303125 0.525000 0.307812 0.542188 0.307812 0.543750 0.301563 0.556250 0.296875 0.564063 0.289062 0.570312 0.271875 0.567187 0.253125 0.550000 0.228125 0.543750 0.203125 0.565625 0.175000 0.567187 0.160938 0.545312 0.132812 0.528125 0.126562 0.498437 0.123438 0.484375 0.107813 0.484375 0.103125
0 0.747991 0.278125 0.640625 0.278125 0.637500 0.285938 0.598437 0.298438 0.576562 0.323437 0.571875 0.323437 0.571875 0.592187 0.576562 0.592187 0.587500 0.609375 0.609375 0.628125 0.670312 0.643750 0.698438 0.645312 0.748437 0.634375 0.775000 0.614062 0.779687 0.601562 0.781250 0.325000 0.776563 0.304688 0.756250 0.284375 0.756250 0.278125
0 0.428038 0.303125 0.293750 0.303125 0.290625 0.310937 0.221875 0.340625 0.221875 0.581250 0.250000 0.596875 0.290625 0.609375 0.359375 0.618750 0.367188 0.620313 0.368750 0.626563 0.381250 0.626563 0.382812 0.620313 0.428125 0.615625 0.465625 0.604688 0.534375 0.600000 0.570312 0.573438 0.570312 0.353125 0.565625 0.353125 0.559375 0.340625 0.539062 0.323437 0.517188 0.318750 0.465625 0.318750 0.439063 0.310937 0.435937 0.303125
4 0.730989 0.290625 0.642188 0.290625 0.639062 0.298438 0.620313 0.310937 0.603125 0.312500 0.578125 0.325000 0.578125 0.598437 0.601562 0.617188 0.651563 0.631250 0.656250 0.639062 0.670312 0.639062 0.671875 0.632812 0.682813 0.632812 0.684375 0.639062 0.698438 0.639062 0.698438 0.634375 0.710938 0.626563 0.750000 0.615625 0.776563 0.571875 0.768750 0.515625 0.771875 0.328125 0.762500 0.312500 0.743750 0.303125 0.739062 0.290625
5 0.410653 0.328125 0.329688 0.328125 0.321875 0.378125 0.281250 0.392188 0.259375 0.426563 0.232813 0.456250 0.228125 0.456250 0.228125 0.485938 0.239063 0.476562 0.259375 0.496875 0.281250 0.528125 0.278125 0.534375 0.282813 0.548438 0.296875 0.556250 0.300000 0.567187 0.309375 0.576562 0.315625 0.576562 0.317188 0.582812 0.404687 0.582812 0.409375 0.567187 0.417187 0.562500 0.528125 0.570312 0.539062 0.562500 0.545312 0.542188 0.551562 0.540625 0.551562 0.475000 0.545312 0.473438 0.539062 0.439063 0.525000 0.409375 0.509375 0.387500 0.475000 0.357812 0.420312 0.334375 0.418750 0.328125
0 0.548197 0.071875 0.451562 0.071875 0.451562 0.078125 0.435937 0.098437 0.428125 0.101562 0.428125 0.276562 0.435937 0.279687 0.446875 0.296875 0.468750 0.307812 0.470313 0.314063 0.532813 0.314063 0.534375 0.307812 0.575000 0.292187 0.590625 0.270313 0.595313 0.240625 0.601562 0.239063 0.601562 0.182812 0.595313 0.181250 0.593750 0.114062 0.584375 0.095312 0.557813 0.078125 0.556250 0.071875
0 0.388750 0.071875 0.234375 0.071875 0.234375 0.078125 0.215625 0.090625 0.215625 0.304688 0.242188 0.314063 0.246875 0.320312 0.248438 0.314063 0.300000 0.298438 0.393750 0.287500 0.420312 0.267188 0.420312 0.101562 0.412500 0.098437 0.396875 0.078125 0.396875 0.071875
0 0.691406 0.078125 0.631250 0.078125 0.631250 0.084375 0.607812 0.109375 0.603125 0.109375 0.603125 0.248438 0.609375 0.248438 0.632812 0.271875 0.632812 0.276562 0.676562 0.276562 0.678125 0.270313 0.685937 0.268750 0.714063 0.268750 0.721875 0.270313 0.723437 0.276562 0.748437 0.276562 0.748437 0.271875 0.764062 0.262500 0.776563 0.246875 0.779687 0.234375 0.779687 0.162500 0.771875 0.135937 0.745313 0.103125 0.721875 0.090625 0.703125 0.085938 0.700000 0.078125
0 0.271614 0.609375 0.231250 0.609375 0.231250 0.615625 0.215625 0.625000 0.215625 0.809375 0.248438 0.835938 0.279687 0.846875 0.368750 0.843750 0.404687 0.834375 0.421875 0.817187 0.426563 0.792188 0.432812 0.790625 0.426563 0.787500 0.425000 0.775000 0.425000 0.665625 0.420312 0.651563 0.398438 0.632812 0.323437 0.626563 0.284375 0.617188 0.279687 0.609375
0 0.756250 0.646875 0.623437 0.646875 0.623437 0.653125 0.610938 0.668750 0.603125 0.671875 0.603125 0.801562 0.607812 0.801562 0.628125 0.821875 0.628125 0.826562 0.707812 0.826562 0.710938 0.818750 0.739062 0.806250 0.759375 0.787500 0.775000 0.757812 0.782813 0.754687 0.782813 0.670312 0.773438 0.665625 0.764062 0.653125 0.764062 0.646875
5 0.243750 0.484375 0.235937 0.484375 0.232813 0.492188 0.221875 0.493750 0.221875 0.528125 0.256250 0.545312 0.290625 0.590625 0.303125 0.592187 0.331250 0.578125 0.339062 0.578125 0.370312 0.598437 0.375000 0.607812 0.385937 0.607812 0.385937 0.601562 0.396875 0.584375 0.407813 0.571875 0.414062 0.571875 0.414062 0.564063 0.340625 0.553125 0.328125 0.556250 0.315625 0.553125 0.276562 0.521875 0.253125 0.492188 0.251563 0.484375
8 0.715625 0.662500 0.698438 0.667188 0.681250 0.664062 0.626563 0.667188 0.621875 0.675000 0.625000 0.678125 0.618750 0.679688 0.617188 0.693750 0.612500 0.695312 0.612500 0.700000 0.614062 0.695312 0.617188 0.696875 0.617188 0.707812 0.614062 0.709375 0.612500 0.706250 0.610938 0.718750 0.615625 0.740625 0.614062 0.765625 0.620313 0.779687 0.629687 0.784375 0.643750 0.800000 0.689063 0.801562 0.714063 0.793750 0.725000 0.781250 0.723437 0.771875 0.740625 0.764062 0.750000 0.754687 0.750000 0.737500 0.754687 0.734375 0.757812 0.721875 0.756250 0.696875 0.746875 0.681250 0.734375 0.675000 0.720313 0.662500
2 0.484375 0.620313 0.482812 0.621875 0.464062 0.621875 0.462500 0.623437 0.451562 0.623437 0.451562 0.625000 0.450000 0.626563 0.450000 0.628125 0.448437 0.629687 0.448437 0.632812 0.446875 0.634375 0.446875 0.637500 0.445312 0.639062 0.445312 0.643750 0.443750 0.645312 0.443750 0.648438 0.442188 0.650000 0.442188 0.654687 0.440625 0.656250 0.440625 0.804688 0.442188 0.806250 0.443750 0.806250 0.445312 0.807813 0.446875 0.807813 0.450000 0.810937 0.451562 0.810937 0.453125 0.812500 0.454688 0.812500 0.456250 0.814063 0.457813 0.814063 0.460938 0.817187 0.462500 0.817187 0.464062 0.818750 0.471875 0.818750 0.473438 0.820312 0.485938 0.820312 0.487500 0.821875 0.501563 0.821875 0.503125 0.820312 0.521875 0.820312 0.523438 0.818750 0.542188 0.818750 0.543750 0.817187 0.553125 0.817187 0.554688 0.815625 0.556250 0.815625 0.557813 0.814063 0.559375 0.814063 0.560937 0.812500 0.562500 0.812500 0.564063 0.810937 0.565625 0.810937 0.567187 0.809375 0.568750 0.809375 0.578125 0.800000 0.578125 0.798438 0.585938 0.790625 0.585938 0.785937 0.587500 0.784375 0.587500 0.775000 0.589063 0.773438 0.589063 0.764062 0.590625 0.762500 0.590625 0.753125 0.592187 0.751563 0.592187 0.731250 0.590625 0.729688 0.590625 0.698438 0.589063 0.696875 0.589063 0.665625 0.587500 0.664062 0.587500 0.646875 0.582812 0.642188 0.582812 0.640625 0.578125 0.635938 0.578125 0.634375 0.570312 0.626563 0.568750 0.626563 0.567187 0.625000 0.564063 0.625000 0.562500 0.623437 0.557813 0.623437 0.556250 0.621875 0.489063 0.621875 0.487500 0.620313
1 0.285938 0.089063 0.243750 0.103125 0.220312 0.131250 0.218750 0.296875 0.237500 0.307812 0.257812 0.309375 0.326562 0.289062 0.393750 0.284375 0.407813 0.271875 0.414062 0.256250 0.410938 0.115625 0.382812 0.096875 0.287500 0.090625
1 0.632812 0.101562 0.626563 0.103125 0.623437 0.110937 0.612500 0.112500 0.607812 0.132812 0.604688 0.215625 0.614062 0.251563 0.637500 0.268750 0.681250 0.264062 0.742188 0.268750 0.754687 0.262500 0.771875 0.240625 0.767188 0.206250 0.771875 0.198437 0.767188 0.192188 0.770312 0.175000 0.754687 0.146875 0.726562 0.120313 0.717187 0.123438 0.706250 0.110937 0.690625 0.104688 0.635938 0.104688
1 0.251563 0.614062 0.250000 0.615625 0.245312 0.615625 0.243750 0.617188 0.239063 0.617188 0.237500 0.618750 0.234375 0.618750 0.221875 0.631250 0.221875 0.640625 0.223438 0.642188 0.223438 0.650000 0.225000 0.651563 0.223438 0.653125 0.223438 0.665625 0.225000 0.667188 0.223438 0.668750 0.223438 0.670312 0.225000 0.671875 0.223438 0.673438 0.223438 0.675000 0.225000 0.676562 0.223438 0.678125 0.223438 0.679688 0.225000 0.681250 0.223438 0.682813 0.223438 0.684375 0.225000 0.685937 0.223438 0.687500 0.223438 0.689063 0.225000 0.690625 0.223438 0.692187 0.223438 0.765625 0.225000 0.767188 0.225000 0.778125 0.248438 0.801562 0.248438 0.803125 0.250000 0.804688 0.250000 0.807813 0.251563 0.806250 0.253125 0.806250 0.257812 0.810937 0.259375 0.810937 0.264062 0.815625 0.268750 0.815625 0.270313 0.814063 0.276562 0.814063 0.278125 0.815625 0.281250 0.815625 0.282813 0.817187 0.284375 0.817187 0.285938 0.818750 0.289062 0.818750 0.290625 0.820312 0.292187 0.820312 0.293750 0.821875 0.296875 0.821875 0.298438 0.823438 0.301563 0.823438 0.303125 0.821875 0.306250 0.821875 0.307812 0.820312 0.310937 0.820312 0.312500 0.818750 0.315625 0.818750 0.317188 0.817187 0.334375 0.817187 0.335938 0.818750 0.350000 0.818750 0.354687 0.814063 0.359375 0.818750 0.360938 0.817187 0.371875 0.817187 0.373437 0.815625 0.379688 0.815625 0.381250 0.814063 0.395313 0.814063 0.396875 0.812500 0.400000 0.812500 0.401562 0.810937 0.403125 0.810937 0.404687 0.809375 0.407813 0.809375 0.409375 0.807813 0.410938 0.807813 0.415625 0.803125 0.415625 0.801562 0.417187 0.800000 0.417187 0.798438 0.418750 0.796875 0.418750 0.792188 0.420312 0.790625 0.420312 0.665625 0.418750 0.664062 0.418750 0.660937 0.417187 0.659375 0.417187 0.657813 0.415625 0.656250 0.415625 0.653125 0.414062 0.651563 0.414062 0.650000 0.412500 0.648438 0.412500 0.646875 0.406250 0.640625 0.406250 0.639062 0.404687 0.639062 0.403125 0.637500 0.400000 0.637500 0.398438 0.635938 0.395313 0.635938 0.393750 0.634375 0.390625 0.634375 0.389062 0.632812 0.371875 0.632812 0.370312 0.631250 0.335938 0.631250 0.334375 0.629687 0.315625 0.629687 0.314063 0.628125 0.310937 0.628125 0.309375 0.626563 0.304688 0.626563 0.303125 0.625000 0.300000 0.625000 0.298438 0.623437 0.293750 0.623437 0.292187 0.621875 0.289062 0.621875 0.287500 0.620313 0.282813 0.620313 0.281250 0.618750 0.278125 0.618750 0.276562 0.617188 0.271875 0.617188 0.270313 0.615625 0.267188 0.615625 0.265625 0.614062
