5 0.190625 0.335938 0.190625 0.348438 0.229687 0.443750 0.282813 0.550000 0.310937 0.543750 0.359375 0.520312 0.410938 0.476562 0.431250 0.471875 0.432812 0.454688 0.446875 0.445312 0.445312 0.426563 0.464062 0.326562 0.453125 0.278125 0.421875 0.228125 0.400000 0.228125 0.323437 0.253125
5 0.490625 0.331250 0.493750 0.331250 0.493750 0.343750 0.490625 0.343750
5 0.448437 0.270313 0.459375 0.317188 0.432812 0.464062 0.382812 0.492188 0.365625 0.510938 0.365625 0.520312 0.354687 0.521875 0.364063 0.539062 0.398438 0.525000 0.417187 0.507812 0.476562 0.515625 0.525000 0.500000 0.532813 0.487500 0.553125 0.375000 0.559375 0.300000
4 0.593750 0.221875 0.593750 0.434375 0.598437 0.518750 0.606250 0.542188 0.618750 0.560937 0.675000 0.581250 0.746875 0.590625 0.800000 0.584375 0.801562 0.576562 0.817187 0.571875 0.831250 0.546875 0.845313 0.545312 0.853125 0.520312 0.835938 0.367188 0.837500 0.293750 0.829688 0.267188 0.831250 0.245312 0.817187 0.201563 0.796875 0.187500 0.717187 0.171875 0.635938 0.181250 0.606250 0.200000
2 0.432812 0.606250 0.435937 0.725000 0.431250 0.785937 0.437500 0.803125 0.446875 0.810937 0.504687 0.818750 0.560937 0.815625 0.589063 0.810937 0.615625 0.790625 0.621875 0.775000 0.617188 0.615625 0.603125 0.584375 0.554688 0.564063 0.471875 0.562500 0.445312 0.576562
2 0.429688 0.021875 0.428125 0.168750 0.439063 0.187500 0.464062 0.198437 0.509375 0.201563 0.564063 0.192188 0.593750 0.176563 0.601562 0.165625 0.601562 0.148438 0.589063 0.025000 0.579688 0.010937 0.548438 0.003125 0.470313 0.000000 0.437500 0.009375
1 0.175000 0.021875 0.173437 0.067187 0.168750 0.071875 0.168750 0.173437 0.184375 0.198437 0.215625 0.206250 0.284375 0.189062 0.367188 0.181250 0.384375 0.175000 0.398438 0.160938 0.404687 0.109375 0.400000 0.000000 0.203125 0.000000 0.201563 0.009375 0.184375 0.012500
6 0.170313 0.581250 0.171875 0.609375 0.184375 0.632812 0.173437 0.667188 0.184375 0.698438 0.184375 0.718750 0.171875 0.751563 0.164062 0.757812 0.162500 0.790625 0.187500 0.806250 0.201563 0.798438 0.245312 0.834375 0.257812 0.828125 0.293750 0.829688 0.309375 0.820312 0.337500 0.823438 0.387500 0.807813 0.403125 0.778125 0.409375 0.692187 0.409375 0.625000 0.395313 0.595313 0.381250 0.585938 0.278125 0.576562 0.232813 0.562500 0.189062 0.567187
8 0.620313 0.031250 0.620313 0.073438 0.635938 0.085938 0.639062 0.101562 0.625000 0.114062 0.631250 0.137500 0.675000 0.159375 0.773438 0.153125 0.762500 0.110937 0.767188 0.098437 0.789062 0.078125 0.796875 0.043750 0.790625 0.028125 0.767188 0.025000 0.746875 0.000000 0.721875 0.000000 0.712500 0.015625 0.712500 0.037500 0.703125 0.046875 0.679688 0.046875 0.665625 0.026562 0.643750 0.017188 0.628125 0.018750
7 0.692187 0.646875 0.690625 0.668750 0.709375 0.687500 0.726562 0.695312 0.759375 0.678125 0.807813 0.725000 0.815625 0.721875 0.831250 0.689063 0.817187 0.646875 0.796875 0.625000 0.768750 0.612500 0.712500 0.621875
7 0.643750 0.660937 0.646875 0.720313 0.726562 0.710938 0.728125 0.701562 0.700000 0.685937 0.687500 0.659375 0.701562 0.626563 0.681250 0.628125
7 0.679688 0.773438 0.678125 0.779687 0.703125 0.796875 0.728125 0.792188 0.754687 0.773438 0.756250 0.757812 0.737500 0.717187 0.726562 0.717187 0.704688 0.735938
7 0.735938 0.689063 0.729688 0.700000 0.750000 0.742188 0.759375 0.760938 0.778125 0.773438 0.768750 0.717187 0.754687 0.695312
7 0.796875 0.621875 0.828125 0.668750 0.829688 0.690625 0.821875 0.707812 0.826562 0.710938 0.851562 0.684375 0.848437 0.650000 0.839063 0.629687 0.823438 0.618750 0.812500 0.615625
7 0.792188 0.751563 0.784375 0.771875 0.790625 0.776563 0.817187 0.782813 0.832812 0.775000 0.860938 0.732812 0.860938 0.693750 0.854688 0.690625 0.845313 0.696875
0 0.314063 0.200000 0.312500 0.201563 0.307812 0.201563 0.306250 0.203125 0.303125 0.203125 0.301563 0.204687 0.296875 0.204687 0.295312 0.206250 0.287500 0.206250 0.285938 0.207813 0.273438 0.207813 0.271875 0.209375 0.265625 0.209375 0.264062 0.210938 0.260937 0.210938 0.259375 0.212500 0.256250 0.212500 0.254688 0.214062 0.253125 0.214062 0.251563 0.215625 0.245312 0.215625 0.243750 0.217188 0.242188 0.217188 0.240625 0.218750 0.239063 0.218750 0.237500 0.220312 0.235937 0.220312 0.234375 0.221875 0.231250 0.221875 0.229687 0.223438 0.226562 0.223438 0.223438 0.226562 0.221875 0.226562 0.220312 0.228125 0.218750 0.228125 0.217188 0.229687 0.210938 0.229687 0.209375 0.231250 0.207813 0.231250 0.206250 0.232813 0.204687 0.232813 0.201563 0.235937 0.201563 0.237500 0.198437 0.240625 0.195312 0.240625 0.193750 0.242188 0.192188 0.242188 0.190625 0.243750 0.189062 0.243750 0.182812 0.250000 0.181250 0.250000 0.178125 0.253125 0.176563 0.253125 0.171875 0.257812 0.171875 0.259375 0.170313 0.260937 0.170313 0.262500 0.168750 0.264062 0.168750 0.267188 0.167187 0.268750 0.167187 0.270313 0.165625 0.271875 0.165625 0.273438 0.164062 0.275000 0.164062 0.278125 0.162500 0.279687 0.162500 0.356250 0.160938 0.357812 0.160938 0.390625 0.159375 0.392188 0.159375 0.398438 0.157812 0.400000 0.157812 0.417187 0.159375 0.418750 0.159375 0.448437 0.157812 0.450000 0.157812 0.481250 0.159375 0.482812 0.159375 0.487500 0.160938 0.489063 0.160938 0.492188 0.167187 0.498437 0.167187 0.500000 0.168750 0.501563 0.168750 0.503125 0.171875 0.506250 0.171875 0.507812 0.173437 0.509375 0.173437 0.510938 0.176563 0.514062 0.178125 0.514062 0.184375 0.520312 0.185938 0.520312 0.187500 0.521875 0.198437 0.521875 0.200000 0.523438 0.201563 0.523438 0.203125 0.525000 0.204687 0.525000 0.207813 0.528125 0.210938 0.528125 0.212500 0.529687 0.217188 0.529687 0.218750 0.531250 0.220312 0.531250 0.221875 0.532813 0.225000 0.532813 0.226562 0.534375 0.228125 0.534375 0.229687 0.535937 0.232813 0.535937 0.234375 0.537500 0.237500 0.537500 0.239063 0.539062 0.246875 0.539062 0.248438 0.540625 0.251563 0.540625 0.253125 0.542188 0.256250 0.542188 0.257812 0.543750 0.259375 0.543750 0.260937 0.545312 0.264062 0.545312 0.265625 0.546875 0.273438 0.546875 0.276562 0.550000 0.279687 0.550000 0.281250 0.551562 0.284375 0.551562 0.285938 0.553125 0.289062 0.553125 0.290625 0.554688 0.295312 0.554688 0.296875 0.556250 0.301563 0.556250 0.303125 0.557813 0.312500 0.557813 0.314063 0.559375 0.323437 0.559375 0.325000 0.557813 0.332813 0.557813 0.334375 0.559375 0.348438 0.559375 0.350000 0.557813 0.351562 0.559375 0.353125 0.557813 0.354687 0.559375 0.356250 0.557813 0.357812 0.559375 0.362500 0.559375 0.364063 0.560937 0.373437 0.560937 0.375000 0.559375 0.384375 0.559375 0.385937 0.557813 0.390625 0.557813 0.392188 0.556250 0.398438 0.556250 0.400000 0.554688 0.417187 0.554688 0.418750 0.553125 0.443750 0.553125 0.445312 0.551562 0.450000 0.551562 0.456250 0.545312 0.485938 0.545312 0.487500 0.543750 0.490625 0.543750 0.492188 0.542188 0.501563 0.542188 0.503125 0.540625 0.509375 0.540625 0.510938 0.539062 0.521875 0.539062 0.523438 0.540625 0.542188 0.540625 0.543750 0.539062 0.548438 0.539062 0.550000 0.537500 0.553125 0.537500 0.554688 0.535937 0.556250 0.535937 0.557813 0.534375 0.559375 0.534375 0.562500 0.531250 0.564063 0.531250 0.567187 0.528125 0.567187 0.526563 0.570312 0.523438 0.571875 0.523438 0.573438 0.521875 0.575000 0.521875 0.575000 0.520312 0.578125 0.517188 0.578125 0.515625 0.579688 0.514062 0.579688 0.510938 0.581250 0.509375 0.581250 0.506250 0.582812 0.504687 0.582812 0.500000 0.584375 0.498437 0.584375 0.484375 0.582812 0.482812 0.582812 0.478125 0.581250 0.476562 0.581250 0.456250 0.585938 0.451562 0.585938 0.448437 0.587500 0.446875 0.587500 0.417187 0.585938 0.415625 0.585938 0.404687 0.584375 0.403125 0.584375 0.359375 0.582812 0.357812 0.582812 0.351562 0.581250 0.350000 0.581250 0.345313 0.579688 0.343750 0.579688 0.337500 0.578125 0.335938 0.578125 0.282813 0.576562 0.281250 0.576562 0.267188 0.575000 0.265625 0.575000 0.260937 0.573438 0.259375 0.573438 0.254688 0.571875 0.253125 0.571875 0.251563 0.570312 0.250000 0.570312 0.246875 0.567187 0.243750 0.567187 0.242188 0.565625 0.240625 0.565625 0.239063 0.560937 0.234375 0.560937 0.232813 0.557813 0.229687 0.557813 0.228125 0.554688 0.225000 0.553125 0.225000 0.550000 0.221875 0.548438 0.221875 0.546875 0.220312 0.543750 0.220312 0.542188 0.218750 0.537500 0.218750 0.535937 0.217188 0.529687 0.217188 0.528125 0.215625 0.512500 0.215625 0.510938 0.217188 0.501563 0.217188 0.500000 0.218750 0.496875 0.218750 0.495312 0.217188 0.492188 0.217188 0.490625 0.215625 0.471875 0.215625 0.470313 0.214062 0.462500 0.214062 0.460938 0.212500 0.456250 0.212500 0.454688 0.210938 0.448437 0.210938 0.446875 0.209375 0.435937 0.209375 0.434375 0.207813 0.431250 0.207813 0.429688 0.206250 0.421875 0.206250 0.420312 0.204687 0.414062 0.204687 0.412500 0.203125 0.401562 0.203125 0.400000 0.201563 0.345313 0.201563 0.343750 0.200000 0.334375 0.200000 0.332813 0.201563 0.321875 0.201563 0.320312 0.200000
0 0.729688 0.168750 0.728125 0.170313 0.721875 0.170313 0.720313 0.171875 0.717187 0.171875 0.715625 0.170313 0.710938 0.170313 0.709375 0.171875 0.701562 0.171875 0.700000 0.173437 0.698438 0.173437 0.696875 0.175000 0.684375 0.175000 0.682813 0.176563 0.675000 0.176563 0.673438 0.178125 0.670312 0.178125 0.668750 0.179688 0.659375 0.179688 0.657813 0.181250 0.648438 0.181250 0.646875 0.182812 0.642188 0.182812 0.640625 0.184375 0.637500 0.184375 0.635938 0.185938 0.634375 0.185938 0.632812 0.187500 0.631250 0.187500 0.628125 0.190625 0.623437 0.190625 0.621875 0.192188 0.620313 0.192188 0.618750 0.193750 0.617188 0.193750 0.615625 0.195312 0.614062 0.195312 0.610938 0.198437 0.609375 0.198437 0.598437 0.209375 0.598437 0.210938 0.596875 0.212500 0.596875 0.214062 0.595313 0.215625 0.595313 0.218750 0.593750 0.220312 0.593750 0.237500 0.592187 0.239063 0.592187 0.285938 0.593750 0.287500 0.593750 0.362500 0.595313 0.364063 0.595313 0.395313 0.596875 0.396875 0.596875 0.417187 0.595313 0.418750 0.595313 0.432812 0.596875 0.434375 0.596875 0.445312 0.598437 0.446875 0.598437 0.448437 0.596875 0.450000 0.596875 0.484375 0.598437 0.485938 0.598437 0.495312 0.600000 0.496875 0.600000 0.504687 0.601562 0.506250 0.601562 0.528125 0.603125 0.529687 0.603125 0.534375 0.604688 0.535937 0.604688 0.539062 0.606250 0.540625 0.606250 0.542188 0.607812 0.543750 0.607812 0.545312 0.609375 0.546875 0.609375 0.548438 0.612500 0.551562 0.612500 0.554688 0.614062 0.556250 0.614062 0.557813 0.617188 0.560937 0.620313 0.560937 0.623437 0.564063 0.625000 0.564063 0.628125 0.567187 0.629687 0.567187 0.632812 0.570312 0.634375 0.570312 0.635938 0.571875 0.637500 0.571875 0.639062 0.573438 0.643750 0.573438 0.645312 0.575000 0.648438 0.575000 0.650000 0.576562 0.654687 0.576562 0.656250 0.578125 0.662500 0.578125 0.664062 0.579688 0.667188 0.579688 0.668750 0.581250 0.671875 0.581250 0.673438 0.582812 0.676562 0.582812 0.678125 0.584375 0.679688 0.584375 0.681250 0.585938 0.684375 0.585938 0.685937 0.587500 0.687500 0.587500 0.689063 0.589063 0.692187 0.589063 0.693750 0.590625 0.695312 0.590625 0.696875 0.589063 0.701562 0.589063 0.703125 0.590625 0.707812 0.590625 0.709375 0.592187 0.732812 0.592187 0.734375 0.593750 0.742188 0.593750 0.743750 0.595313 0.779687 0.595313 0.781250 0.593750 0.785937 0.593750 0.787500 0.592187 0.798438 0.592187 0.800000 0.593750 0.806250 0.593750 0.807813 0.592187 0.810937 0.592187 0.812500 0.590625 0.815625 0.590625 0.817187 0.589063 0.818750 0.589063 0.820312 0.587500 0.823438 0.587500 0.825000 0.585938 0.826562 0.585938 0.828125 0.584375 0.829688 0.584375 0.831250 0.582812 0.832812 0.582812 0.834375 0.581250 0.835938 0.581250 0.837500 0.579688 0.839063 0.579688 0.843750 0.575000 0.843750 0.573438 0.850000 0.567187 0.850000 0.562500 0.851562 0.560937 0.851562 0.559375 0.854688 0.556250 0.854688 0.532813 0.853125 0.531250 0.853125 0.489063 0.851562 0.487500 0.851562 0.471875 0.850000 0.470313 0.850000 0.467187 0.848437 0.465625 0.848437 0.415625 0.846875 0.414062 0.846875 0.409375 0.845313 0.407813 0.845313 0.384375 0.843750 0.382812 0.843750 0.362500 0.842187 0.360938 0.842187 0.356250 0.840625 0.354687 0.840625 0.332813 0.839063 0.331250 0.839063 0.326562 0.837500 0.325000 0.837500 0.321875 0.839063 0.320312 0.839063 0.284375 0.837500 0.282813 0.837500 0.250000 0.835938 0.248438 0.835938 0.245312 0.834375 0.243750 0.834375 0.237500 0.835938 0.235937 0.835938 0.228125 0.834375 0.226562 0.834375 0.221875 0.832812 0.220312 0.832812 0.217188 0.831250 0.215625 0.831250 0.210938 0.829688 0.209375 0.829688 0.206250 0.826562 0.203125 0.826562 0.201563 0.825000 0.200000 0.825000 0.198437 0.823438 0.196875 0.823438 0.195312 0.821875 0.193750 0.821875 0.192188 0.818750 0.189062 0.818750 0.187500 0.812500 0.181250 0.807813 0.181250 0.806250 0.179688 0.804688 0.179688 0.803125 0.178125 0.800000 0.178125 0.798438 0.176563 0.796875 0.176563 0.795312 0.175000 0.789062 0.175000 0.787500 0.173437 0.779687 0.173437 0.778125 0.171875 0.773438 0.171875 0.771875 0.170313 0.768750 0.170313 0.767188 0.168750 0.759375 0.168750 0.757812 0.170313 0.737500 0.170313 0.735938 0.168750
0 0.198437 0.548438 0.196875 0.550000 0.193750 0.550000 0.192188 0.551562 0.190625 0.551562 0.189062 0.553125 0.187500 0.553125 0.184375 0.556250 0.182812 0.556250 0.179688 0.559375 0.178125 0.559375 0.159375 0.578125 0.159375 0.579688 0.157812 0.581250 0.157812 0.584375 0.156250 0.585938 0.156250 0.587500 0.154688 0.589063 0.154688 0.590625 0.153125 0.592187 0.153125 0.595313 0.151562 0.596875 0.151562 0.618750 0.150000 0.620313 0.150000 0.634375 0.151562 0.635938 0.151562 0.671875 0.153125 0.673438 0.153125 0.685937 0.151562 0.687500 0.151562 0.709375 0.150000 0.710938 0.150000 0.757812 0.151562 0.759375 0.151562 0.767188 0.153125 0.768750 0.153125 0.773438 0.154688 0.775000 0.154688 0.779687 0.156250 0.781250 0.156250 0.784375 0.157812 0.785937 0.157812 0.787500 0.159375 0.789062 0.159375 0.790625 0.160938 0.792188 0.160938 0.795312 0.162500 0.796875 0.162500 0.800000 0.164062 0.801562 0.164062 0.803125 0.168750 0.807813 0.168750 0.809375 0.173437 0.814063 0.175000 0.814063 0.187500 0.826562 0.189062 0.826562 0.192188 0.829688 0.193750 0.829688 0.196875 0.832812 0.198437 0.832812 0.200000 0.834375 0.203125 0.834375 0.204687 0.835938 0.206250 0.835938 0.207813 0.837500 0.212500 0.837500 0.214062 0.839063 0.220312 0.839063 0.221875 0.840625 0.223438 0.840625 0.225000 0.842187 0.226562 0.842187 0.228125 0.843750 0.234375 0.843750 0.235937 0.845313 0.250000 0.845313 0.251563 0.846875 0.268750 0.846875 0.270313 0.848437 0.309375 0.848437 0.310937 0.846875 0.321875 0.846875 0.323437 0.845313 0.350000 0.845313 0.351562 0.843750 0.356250 0.843750 0.357812 0.842187 0.360938 0.842187 0.362500 0.840625 0.367188 0.840625 0.368750 0.839063 0.370312 0.839063 0.371875 0.837500 0.373437 0.837500 0.375000 0.835938 0.378125 0.835938 0.379688 0.834375 0.381250 0.834375 0.382812 0.832812 0.384375 0.832812 0.387500 0.829688 0.389062 0.829688 0.392188 0.826562 0.393750 0.826562 0.401562 0.818750 0.401562 0.817187 0.403125 0.815625 0.403125 0.814063 0.404687 0.812500 0.404687 0.809375 0.406250 0.807813 0.406250 0.792188 0.407813 0.790625 0.407813 0.775000 0.409375 0.773438 0.409375 0.748437 0.410938 0.746875 0.410938 0.667188 0.409375 0.665625 0.409375 0.621875 0.407813 0.620313 0.407813 0.617188 0.406250 0.615625 0.406250 0.612500 0.404687 0.610938 0.404687 0.607812 0.403125 0.606250 0.403125 0.604688 0.401562 0.603125 0.401562 0.601562 0.400000 0.600000 0.400000 0.598437 0.382812 0.581250 0.381250 0.581250 0.379688 0.579688 0.375000 0.579688 0.373437 0.578125 0.362500 0.578125 0.360938 0.576562 0.353125 0.576562 0.351562 0.575000 0.323437 0.575000 0.321875 0.573438 0.303125 0.573438 0.301563 0.571875 0.279687 0.571875 0.278125 0.570312 0.273438 0.570312 0.271875 0.568750 0.268750 0.568750 0.267188 0.567187 0.265625 0.567187 0.264062 0.565625 0.262500 0.565625 0.260937 0.564063 0.259375 0.564063 0.257812 0.562500 0.254688 0.562500 0.253125 0.560937 0.251563 0.560937 0.250000 0.559375 0.248438 0.559375 0.246875 0.557813 0.243750 0.557813 0.242188 0.556250 0.239063 0.556250 0.237500 0.554688 0.232813 0.554688 0.231250 0.553125 0.223438 0.553125 0.221875 0.551562 0.218750 0.551562 0.217188 0.550000 0.214062 0.550000 0.212500 0.548438
0 0.475000 0.554688 0.473438 0.556250 0.467187 0.556250 0.465625 0.557813 0.460938 0.557813 0.459375 0.559375 0.457813 0.559375 0.456250 0.560937 0.454688 0.560937 0.453125 0.562500 0.451562 0.562500 0.445312 0.568750 0.443750 0.568750 0.439063 0.573438 0.439063 0.575000 0.437500 0.576562 0.437500 0.578125 0.435937 0.579688 0.435937 0.582812 0.434375 0.584375 0.434375 0.585938 0.432812 0.587500 0.432812 0.590625 0.431250 0.592187 0.431250 0.595313 0.429688 0.596875 0.429688 0.604688 0.428125 0.606250 0.428125 0.637500 0.426563 0.639062 0.426563 0.692187 0.425000 0.693750 0.425000 0.714063 0.426563 0.715625 0.426563 0.740625 0.425000 0.742188 0.425000 0.764062 0.423438 0.765625 0.423438 0.792188 0.425000 0.793750 0.425000 0.796875 0.426563 0.798438 0.426563 0.801562 0.428125 0.803125 0.428125 0.804688 0.432812 0.809375 0.432812 0.810937 0.434375 0.812500 0.434375 0.814063 0.439063 0.818750 0.440625 0.818750 0.451562 0.829688 0.453125 0.829688 0.454688 0.831250 0.457813 0.831250 0.459375 0.832812 0.462500 0.832812 0.464062 0.834375 0.479687 0.834375 0.481250 0.835938 0.532813 0.835938 0.534375 0.837500 0.551562 0.837500 0.553125 0.835938 0.581250 0.835938 0.582812 0.834375 0.585938 0.834375 0.587500 0.832812 0.592187 0.832812 0.593750 0.831250 0.596875 0.831250 0.600000 0.828125 0.601562 0.828125 0.603125 0.826562 0.604688 0.826562 0.610938 0.820312 0.612500 0.820312 0.615625 0.817187 0.617188 0.817187 0.621875 0.812500 0.621875 0.810937 0.623437 0.809375 0.623437 0.807813 0.625000 0.806250 0.625000 0.801562 0.626563 0.800000 0.626563 0.784375 0.628125 0.782813 0.628125 0.760938 0.629687 0.759375 0.629687 0.746875 0.631250 0.745313 0.631250 0.742188 0.629687 0.740625 0.629687 0.735938 0.628125 0.734375 0.628125 0.723437 0.626563 0.721875 0.626563 0.698438 0.628125 0.696875 0.628125 0.679688 0.626563 0.678125 0.626563 0.662500 0.625000 0.660937 0.625000 0.640625 0.623437 0.639062 0.623437 0.626563 0.621875 0.625000 0.621875 0.618750 0.620313 0.617188 0.620313 0.612500 0.618750 0.610938 0.618750 0.604688 0.617188 0.603125 0.617188 0.598437 0.615625 0.596875 0.615625 0.595313 0.614062 0.593750 0.614062 0.592187 0.609375 0.587500 0.609375 0.585938 0.593750 0.570312 0.592187 0.570312 0.590625 0.568750 0.587500 0.568750 0.585938 0.567187 0.582812 0.567187 0.581250 0.565625 0.578125 0.565625 0.576562 0.564063 0.575000 0.564063 0.573438 0.562500 0.571875 0.562500 0.570312 0.560937 0.565625 0.560937 0.564063 0.559375 0.554688 0.559375 0.553125 0.557813 0.539062 0.557813 0.537500 0.556250 0.529687 0.556250 0.528125 0.554688 0.510938 0.554688 0.509375 0.556250 0.492188 0.556250 0.490625 0.554688
0 0.675000 0.600000 0.673438 0.601562 0.670312 0.601562 0.668750 0.603125 0.667188 0.603125 0.662500 0.607812 0.660937 0.607812 0.657813 0.610938 0.657813 0.612500 0.651563 0.618750 0.651563 0.620313 0.646875 0.625000 0.646875 0.626563 0.645312 0.628125 0.645312 0.629687 0.643750 0.631250 0.643750 0.634375 0.642188 0.635938 0.642188 0.639062 0.640625 0.640625 0.640625 0.664062 0.639062 0.665625 0.639062 0.698438 0.640625 0.700000 0.640625 0.709375 0.642188 0.710938 0.642188 0.717187 0.640625 0.718750 0.640625 0.757812 0.642188 0.759375 0.642188 0.765625 0.643750 0.767188 0.643750 0.773438 0.645312 0.775000 0.645312 0.781250 0.646875 0.782813 0.646875 0.787500 0.648438 0.789062 0.648438 0.792188 0.650000 0.793750 0.650000 0.796875 0.651563 0.798438 0.651563 0.801562 0.653125 0.803125 0.653125 0.806250 0.654687 0.807813 0.654687 0.809375 0.664062 0.818750 0.665625 0.818750 0.667188 0.820312 0.670312 0.820312 0.673438 0.823438 0.676562 0.823438 0.678125 0.825000 0.679688 0.825000 0.681250 0.826562 0.684375 0.826562 0.685937 0.828125 0.698438 0.828125 0.700000 0.829688 0.703125 0.829688 0.704688 0.831250 0.728125 0.831250 0.729688 0.829688 0.746875 0.829688 0.748437 0.828125 0.765625 0.828125 0.767188 0.826562 0.778125 0.826562 0.779687 0.825000 0.787500 0.825000 0.789062 0.823438 0.796875 0.823438 0.798438 0.821875 0.800000 0.821875 0.801562 0.820312 0.803125 0.820312 0.806250 0.817187 0.807813 0.817187 0.809375 0.815625 0.810937 0.815625 0.812500 0.814063 0.814063 0.814063 0.815625 0.812500 0.818750 0.812500 0.820312 0.810937 0.821875 0.810937 0.823438 0.809375 0.826562 0.809375 0.828125 0.807813 0.829688 0.807813 0.831250 0.806250 0.832812 0.806250 0.835938 0.803125 0.837500 0.803125 0.839063 0.801562 0.840625 0.801562 0.846875 0.795312 0.846875 0.793750 0.848437 0.792188 0.848437 0.790625 0.851562 0.787500 0.851562 0.785937 0.853125 0.784375 0.853125 0.781250 0.856250 0.778125 0.856250 0.776563 0.857812 0.775000 0.857812 0.773438 0.859375 0.771875 0.859375 0.770312 0.860938 0.768750 0.860938 0.767188 0.862500 0.765625 0.862500 0.764062 0.864062 0.762500 0.864062 0.759375 0.865625 0.757812 0.865625 0.753125 0.867188 0.751563 0.867188 0.746875 0.868750 0.745313 0.868750 0.693750 0.867188 0.692187 0.867188 0.671875 0.865625 0.670312 0.865625 0.654687 0.864062 0.653125 0.864062 0.651563 0.862500 0.650000 0.862500 0.648438 0.860938 0.646875 0.860938 0.639062 0.859375 0.637500 0.859375 0.635938 0.856250 0.632812 0.856250 0.631250 0.854688 0.631250 0.853125 0.629687 0.853125 0.625000 0.851562 0.623437 0.851562 0.621875 0.850000 0.620313 0.850000 0.618750 0.845313 0.614062 0.843750 0.614062 0.840625 0.610938 0.839063 0.610938 0.837500 0.609375 0.835938 0.609375 0.834375 0.607812 0.832812 0.607812 0.831250 0.606250 0.828125 0.606250 0.826562 0.604688 0.825000 0.604688 0.823438 0.603125 0.817187 0.603125 0.815625 0.601562 0.803125 0.601562 0.801562 0.603125 0.796875 0.603125 0.795312 0.604688 0.782813 0.604688 0.781250 0.606250 0.760938 0.606250 0.759375 0.604688 0.748437 0.604688 0.746875 0.606250 0.737500 0.606250 0.735938 0.604688 0.720313 0.604688 0.718750 0.603125 0.712500 0.603125 0.710938 0.601562 0.700000 0.601562 0.698438 0.600000
0 0.615625 0.000000 0.615625 0.007812 0.617188 0.009375 0.617188 0.068750 0.618750 0.070312 0.618750 0.079687 0.620313 0.081250 0.620313 0.093750 0.621875 0.095312 0.621875 0.096875 0.623437 0.098437 0.623437 0.101562 0.625000 0.103125 0.623437 0.104688 0.623437 0.106250 0.621875 0.107813 0.621875 0.120313 0.623437 0.121875 0.623437 0.134375 0.625000 0.135937 0.625000 0.139063 0.626563 0.140625 0.626563 0.142187 0.629687 0.145313 0.629687 0.146875 0.631250 0.148438 0.632812 0.148438 0.635938 0.151562 0.637500 0.151562 0.639062 0.153125 0.642188 0.153125 0.643750 0.154688 0.650000 0.154688 0.651563 0.156250 0.653125 0.156250 0.654687 0.157812 0.656250 0.157812 0.657813 0.159375 0.659375 0.159375 0.660937 0.160938 0.682813 0.160938 0.684375 0.159375 0.689063 0.159375 0.690625 0.157812 0.693750 0.157812 0.695312 0.156250 0.698438 0.156250 0.700000 0.157812 0.750000 0.157812 0.751563 0.156250 0.776563 0.156250 0.778125 0.157812 0.792188 0.157812 0.793750 0.156250 0.795312 0.156250 0.796875 0.154688 0.798438 0.154688 0.800000 0.153125 0.801562 0.153125 0.803125 0.151562 0.804688 0.151562 0.806250 0.150000 0.807813 0.150000 0.809375 0.148438 0.810937 0.148438 0.818750 0.140625 0.818750 0.139063 0.820312 0.137500 0.820312 0.134375 0.821875 0.132812 0.821875 0.121875 0.823438 0.120313 0.823438 0.106250 0.825000 0.104688 0.825000 0.065625 0.823438 0.064062 0.823438 0.059375 0.821875 0.057813 0.821875 0.053125 0.820312 0.051562 0.820312 0.046875 0.818750 0.045312 0.818750 0.040625 0.817187 0.039062 0.817187 0.035937 0.815625 0.034375 0.815625 0.029687 0.814063 0.028125 0.814063 0.025000 0.812500 0.023438 0.812500 0.020313 0.810937 0.018750 0.810937 0.017188 0.800000 0.006250 0.800000 0.004687 0.795312 0.000000
0 0.421875 0.000000 0.421875 0.007812 0.420312 0.009375 0.420312 0.023438 0.421875 0.025000 0.421875 0.031250 0.423438 0.032813 0.423438 0.035937 0.425000 0.037500 0.425000 0.050000 0.423438 0.051562 0.423438 0.071875 0.421875 0.073438 0.421875 0.078125 0.420312 0.079687 0.420312 0.101562 0.421875 0.103125 0.421875 0.121875 0.423438 0.123438 0.423438 0.134375 0.425000 0.135937 0.425000 0.146875 0.426563 0.148438 0.425000 0.150000 0.425000 0.165625 0.426563 0.167187 0.426563 0.173437 0.428125 0.175000 0.428125 0.178125 0.429688 0.179688 0.429688 0.181250 0.432812 0.184375 0.432812 0.185938 0.437500 0.190625 0.439063 0.190625 0.440625 0.192188 0.443750 0.192188 0.445312 0.193750 0.450000 0.193750 0.451562 0.195312 0.453125 0.195312 0.454688 0.196875 0.456250 0.196875 0.457813 0.198437 0.460938 0.198437 0.462500 0.200000 0.467187 0.200000 0.468750 0.201563 0.485938 0.201563 0.487500 0.203125 0.496875 0.203125 0.498437 0.204687 0.515625 0.204687 0.517188 0.203125 0.521875 0.203125 0.523438 0.201563 0.529687 0.201563 0.531250 0.200000 0.539062 0.200000 0.540625 0.198437 0.545312 0.198437 0.546875 0.196875 0.550000 0.196875 0.551562 0.195312 0.557813 0.195312 0.559375 0.193750 0.564063 0.193750 0.565625 0.192188 0.568750 0.192188 0.570312 0.190625 0.573438 0.190625 0.575000 0.189062 0.576562 0.189062 0.578125 0.187500 0.581250 0.187500 0.584375 0.184375 0.585938 0.184375 0.587500 0.182812 0.590625 0.182812 0.595313 0.178125 0.596875 0.178125 0.596875 0.176563 0.600000 0.173437 0.600000 0.171875 0.603125 0.168750 0.603125 0.167187 0.606250 0.164062 0.606250 0.160938 0.607812 0.159375 0.607812 0.154688 0.609375 0.153125 0.609375 0.146875 0.607812 0.145313 0.607812 0.142187 0.609375 0.140625 0.609375 0.123438 0.607812 0.121875 0.607812 0.107813 0.606250 0.106250 0.606250 0.082812 0.604688 0.081250 0.604688 0.037500 0.603125 0.035937 0.603125 0.000000
0 0.171875 0.000000 0.170313 0.001563 0.170313 0.004687 0.168750 0.006250 0.168750 0.014063 0.167187 0.015625 0.167187 0.023438 0.165625 0.025000 0.165625 0.032813 0.164062 0.034375 0.164062 0.042188 0.162500 0.043750 0.162500 0.067187 0.164062 0.068750 0.164062 0.076563 0.162500 0.078125 0.162500 0.170313 0.164062 0.171875 0.164062 0.175000 0.165625 0.176563 0.165625 0.178125 0.167187 0.179688 0.167187 0.181250 0.168750 0.182812 0.168750 0.184375 0.171875 0.187500 0.171875 0.189062 0.178125 0.195312 0.179688 0.195312 0.182812 0.198437 0.184375 0.198437 0.185938 0.200000 0.187500 0.200000 0.189062 0.201563 0.190625 0.201563 0.192188 0.203125 0.195312 0.203125 0.196875 0.204687 0.201563 0.204687 0.203125 0.206250 0.207813 0.206250 0.209375 0.207813 0.228125 0.207813 0.229687 0.206250 0.232813 0.206250 0.234375 0.204687 0.240625 0.204687 0.242188 0.203125 0.245312 0.203125 0.246875 0.201563 0.248438 0.201563 0.250000 0.200000 0.256250 0.200000 0.257812 0.198437 0.264062 0.198437 0.265625 0.196875 0.282813 0.196875 0.284375 0.195312 0.292187 0.195312 0.293750 0.193750 0.296875 0.193750 0.298438 0.192188 0.303125 0.192188 0.304688 0.190625 0.312500 0.190625 0.314063 0.189062 0.321875 0.189062 0.323437 0.187500 0.351562 0.187500 0.353125 0.185938 0.367188 0.185938 0.368750 0.184375 0.371875 0.184375 0.373437 0.182812 0.376563 0.182812 0.378125 0.181250 0.379688 0.181250 0.381250 0.179688 0.382812 0.179688 0.384375 0.178125 0.385937 0.178125 0.389062 0.175000 0.390625 0.175000 0.400000 0.165625 0.400000 0.164062 0.401562 0.162500 0.401562 0.160938 0.403125 0.159375 0.403125 0.156250 0.404687 0.154688 0.404687 0.148438 0.406250 0.146875 0.406250 0.117188 0.407813 0.115625 0.407813 0.046875 0.406250 0.045312 0.406250 0.029687 0.407813 0.028125 0.407813 0.001563 0.406250 0.000000
