4 0.771406 0.178125 0.696875 0.178125 0.696875 0.182812 0.681250 0.193750 0.620313 0.214062 0.601562 0.235937 0.596875 0.235937 0.596875 0.465625 0.603125 0.467187 0.606250 0.573438 0.610938 0.595313 0.621875 0.614062 0.639062 0.629687 0.678125 0.642188 0.720313 0.642188 0.778125 0.654687 0.810937 0.654687 0.851562 0.642188 0.864062 0.632812 0.870313 0.615625 0.876563 0.614062 0.876563 0.329688 0.870313 0.328125 0.867188 0.304688 0.868750 0.250000 0.850000 0.209375 0.825000 0.192188 0.782813 0.185938 0.779687 0.178125
8 0.813802 0.000000 0.628125 0.000000 0.628125 0.128125 0.635938 0.131250 0.646875 0.151562 0.667188 0.164062 0.668750 0.170313 0.818750 0.170313 0.818750 0.165625 0.831250 0.157812 0.846875 0.139063 0.851562 0.120313 0.857812 0.118750 0.857812 0.042188 0.850000 0.039062 0.821875 0.000000
2 0.599875 0.003125 0.409375 0.003125 0.409375 0.184375 0.414062 0.184375 0.432812 0.204687 0.465625 0.214062 0.467187 0.220312 0.526563 0.220312 0.528125 0.214062 0.556250 0.209375 0.595313 0.193750 0.607812 0.181250 0.614062 0.165625 0.620313 0.164062 0.620313 0.151562 0.614062 0.150000 0.607812 0.115625 0.607812 0.003125
1 0.190178 0.621875 0.140625 0.621875 0.140625 0.628125 0.128125 0.634375 0.128125 0.903125 0.135937 0.906250 0.142187 0.921875 0.151562 0.929688 0.190625 0.923438 0.209375 0.931250 0.232813 0.925000 0.245312 0.939063 0.251563 0.939063 0.257812 0.926562 0.275000 0.923438 0.370312 0.928125 0.387500 0.904687 0.395313 0.901563 0.395313 0.684375 0.390625 0.684375 0.367188 0.656250 0.351562 0.650000 0.282813 0.648438 0.243750 0.642188 0.201563 0.629687 0.198437 0.621875
0 0.751756 0.179161 0.724166 0.179161 0.717187 0.179688 0.639062 0.203125 0.621875 0.210938 0.596875 0.232813 0.596875 0.500000 0.599308 0.515513 0.603125 0.571875 0.617188 0.609375 0.648438 0.637500 0.685937 0.648438 0.746875 0.657813 0.748437 0.664062 0.800000 0.664062 0.801562 0.657813 0.834375 0.654687 0.876563 0.639062 0.876563 0.237500 0.870313 0.235937 0.857812 0.212500 0.839063 0.195312 0.801562 0.182812 0.765625 0.179688 0.759239 0.178227
0 0.726505 0.669111 0.699848 0.669111 0.687500 0.673438 0.659375 0.695312 0.659375 0.890625 0.668984 0.900381 0.679688 0.915625 0.696875 0.928125 0.714345 0.936828 0.726972 0.937763 0.736792 0.936828 0.770312 0.939063 0.785894 0.936828 0.826111 0.929819 0.876563 0.907813 0.876563 0.678125 0.862500 0.673438 0.843413 0.670980 0.820498 0.670045 0.807813 0.671875 0.800000 0.673438 0.753125 0.673438 0.741000 0.671447
2 0.560937 0.621875 0.459375 0.621875 0.456250 0.629687 0.421875 0.651563 0.421875 0.898438 0.448437 0.915625 0.479687 0.918750 0.485938 0.926562 0.495312 0.926562 0.500000 0.918750 0.567187 0.912500 0.600000 0.893750 0.632812 0.864062 0.639062 0.864062 0.639062 0.840625 0.632812 0.839063 0.629687 0.818750 0.631250 0.765625 0.639062 0.759375 0.639062 0.735938 0.632812 0.734375 0.628125 0.720313 0.625000 0.665625 0.609375 0.645312 0.570312 0.628125 0.568750 0.621875
0 0.161039 0.617830 0.142802 0.618297 0.132812 0.625000 0.121875 0.628125 0.121875 0.928125 0.164062 0.957812 0.206250 0.970313 0.306250 0.962500 0.357812 0.950000 0.376563 0.934375 0.393750 0.906250 0.397159 0.897664 0.398094 0.715016 0.394820 0.697727 0.389062 0.679688 0.373437 0.659375 0.348438 0.646875 0.243750 0.637500 0.201563 0.625000 0.185356 0.619698
0 0.327769 0.205741 0.288125 0.209094 0.279105 0.214753 0.261695 0.224184 0.183464 0.247552 0.173605 0.241264 0.148438 0.228125 0.135430 0.223239 0.124941 0.221981 0.121875 0.570312 0.184375 0.604688 0.245312 0.623437 0.282813 0.629687 0.379688 0.629687 0.481250 0.604688 0.554688 0.603125 0.577934 0.584523 0.589052 0.567756 0.591569 0.548916 0.590311 0.505741 0.589063 0.496875 0.588003 0.463416 0.585938 0.287500 0.579688 0.267188 0.564063 0.245312 0.542188 0.232813 0.451562 0.231250 0.364063 0.215625 0.353359 0.210980
0 0.602945 0.003125 0.403125 0.003125 0.403125 0.179688 0.407813 0.179688 0.428125 0.204687 0.442188 0.212500 0.473438 0.218750 0.537500 0.215625 0.595313 0.196875 0.615625 0.173437 0.620313 0.173437 0.614272 0.082489 0.614062 0.068750 0.610938 0.003125
0 0.516494 0.618759 0.459375 0.621875 0.446261 0.633244 0.434375 0.640625 0.417187 0.667188 0.412123 0.679970 0.410720 0.698194 0.412591 0.881777 0.415625 0.898438 0.431250 0.921875 0.445413 0.929905 0.459375 0.939063 0.603125 0.939063 0.616567 0.932242 0.628125 0.920312 0.647431 0.892056 0.639062 0.718750 0.638547 0.683242 0.616567 0.644459 0.584769 0.631375 0.571875 0.621875
0 0.355038 0.001887 0.149456 0.001211 0.127139 0.032970 0.122738 0.215506 0.132597 0.217183 0.153992 0.229339 0.172588 0.234206 0.255400 0.209206 0.284453 0.203456 0.294462 0.202956 0.324606 0.194467 0.350712 0.196706 0.366337 0.193581 0.377275 0.182644 0.388173 0.173520 0.392900 0.160769 0.387497 0.001887
7 0.746528 0.678125 0.681250 0.678125 0.681250 0.684375 0.671875 0.693750 0.665625 0.693750 0.665625 0.814063 0.673438 0.818750 0.679688 0.859375 0.709375 0.893750 0.746875 0.889062 0.771875 0.865625 0.784375 0.873437 0.820312 0.881250 0.853125 0.901563 0.854688 0.907813 0.876563 0.907813 0.876563 0.723437 0.871875 0.723437 0.835938 0.684375 0.835938 0.678125 0.803125 0.678125 0.801562 0.684375 0.789062 0.687500 0.756250 0.684375 0.754687 0.678125
5 0.335938 0.190625 0.312500 0.190625 0.312500 0.195312 0.268750 0.235937 0.242188 0.285938 0.234375 0.289062 0.234375 0.307812 0.259375 0.320312 0.340625 0.389062 0.435937 0.459375 0.495312 0.465625 0.495312 0.460938 0.482812 0.459375 0.473438 0.445312 0.432812 0.342187 0.415625 0.284375 0.346875 0.201563 0.343750 0.190625
5 0.536980 0.284375 0.517188 0.284375 0.514062 0.292187 0.500000 0.298438 0.434375 0.318750 0.434375 0.354687 0.440625 0.354687 0.446875 0.367188 0.457813 0.357812 0.476562 0.356250 0.487500 0.368750 0.496875 0.423438 0.503125 0.432812 0.489063 0.446875 0.492188 0.451562 0.489063 0.457813 0.496875 0.459375 0.500000 0.470313 0.507812 0.476562 0.532813 0.489063 0.537500 0.479687 0.551562 0.371875 0.557813 0.370312 0.557813 0.298438 0.550000 0.295312 0.546875 0.284375
5 0.360677 0.471875 0.320312 0.471875 0.315625 0.479687 0.209375 0.487500 0.209375 0.603125 0.262500 0.607812 0.264062 0.614062 0.287500 0.614062 0.289062 0.607812 0.367188 0.604688 0.439063 0.589063 0.443750 0.578125 0.423438 0.546875 0.409375 0.507812 0.371875 0.479687 0.368750 0.471875
0 0.835764 0.003125 0.628125 0.003125 0.628125 0.134375 0.634380 0.145103 0.639062 0.146875 0.651683 0.160056 0.660937 0.170313 0.762044 0.169348 0.828125 0.170313 0.841542 0.161458 0.864062 0.137500 0.862586 0.059594 0.857812 0.043750 0.843750 0.003125
5 0.215625 0.365625 0.206250 0.365625 0.204687 0.376563 0.193750 0.396875 0.192188 0.406250 0.184375 0.409375 0.184375 0.468750 0.189062 0.468750 0.204687 0.482812 0.206250 0.489063 0.253125 0.489063 0.253125 0.484375 0.257812 0.481250 0.312500 0.478125 0.348438 0.470313 0.348438 0.464062 0.326562 0.443750 0.246875 0.389062 0.225000 0.370312 0.225000 0.365625
7 0.703750 0.728125 0.668750 0.728125 0.667188 0.740625 0.659375 0.743750 0.659375 0.803125 0.667188 0.806250 0.700000 0.885938 0.709375 0.892188 0.729688 0.892188 0.739062 0.889062 0.760938 0.864062 0.764062 0.854688 0.770312 0.853125 0.770312 0.818750 0.765625 0.818750 0.762500 0.814063 0.751563 0.778125 0.743750 0.762500 0.726562 0.740625 0.712500 0.732812 0.712500 0.728125
5 0.470313 0.334375 0.468750 0.340625 0.460938 0.342187 0.453125 0.348438 0.440625 0.348438 0.440625 0.375000 0.445312 0.375000 0.451562 0.384375 0.460938 0.407813 0.464062 0.423438 0.482812 0.460938 0.493750 0.470313 0.518750 0.478125 0.521875 0.482812 0.532813 0.484375 0.532813 0.481250 0.520312 0.476562 0.510938 0.464062 0.496875 0.371875 0.490625 0.351562 0.482812 0.342187 0.476562 0.339062 0.476562 0.334375
