4 0.502909 0.165625 0.278125 0.165625 0.278125 0.170313 0.257812 0.187500 0.231250 0.200000 0.209375 0.234375 0.203125 0.235937 0.203125 0.321875 0.209375 0.323437 0.218750 0.360938 0.234375 0.390625 0.251563 0.406250 0.290625 0.418750 0.545312 0.412500 0.589063 0.398438 0.610938 0.364063 0.626563 0.268750 0.632812 0.267188 0.632812 0.242188 0.626563 0.240625 0.615625 0.207813 0.592187 0.185938 0.579688 0.179688 0.515625 0.173437 0.510938 0.165625
0 0.599936 0.159375 0.221875 0.159375 0.207813 0.176563 0.196875 0.206250 0.190625 0.207813 0.190625 0.312500 0.198437 0.315625 0.203125 0.342187 0.217188 0.376563 0.239063 0.404687 0.281250 0.420312 0.282813 0.426563 0.317188 0.426563 0.318750 0.420312 0.392188 0.420312 0.393750 0.426563 0.409375 0.426563 0.410938 0.420312 0.537500 0.417187 0.585938 0.406250 0.601562 0.392188 0.618750 0.360938 0.632812 0.300000 0.639062 0.298438 0.639062 0.209375 0.632812 0.207813 0.626563 0.185938 0.607812 0.159375
8 0.129688 0.209375 0.082812 0.209375 0.082812 0.214062 0.068750 0.229687 0.064062 0.234375 0.059375 0.234375 0.059375 0.276562 0.064062 0.276562 0.067187 0.279687 0.071875 0.292187 0.089063 0.312500 0.106250 0.321875 0.121875 0.326562 0.123438 0.332813 0.137500 0.332813 0.139063 0.326562 0.157812 0.323437 0.171875 0.309375 0.175000 0.301563 0.173437 0.278125 0.165625 0.248438 0.148438 0.221875 0.137500 0.214062 0.137500 0.209375
0 0.824728 0.609375 0.646875 0.609375 0.646875 0.614062 0.625000 0.631250 0.617188 0.646875 0.606250 0.751563 0.603125 0.760938 0.596875 0.762500 0.596875 0.835938 0.635938 0.859375 0.662500 0.862500 0.667188 0.870313 0.679688 0.870313 0.681250 0.864062 0.693750 0.860938 0.718750 0.864062 0.720313 0.870313 0.745313 0.870313 0.746875 0.864062 0.803125 0.851562 0.835938 0.829688 0.862500 0.785937 0.870313 0.782813 0.870313 0.653125 0.864062 0.651563 0.832812 0.609375
2 0.175000 0.396875 0.003125 0.396875 0.003125 0.589063 0.117188 0.587500 0.129688 0.589063 0.131250 0.595313 0.178125 0.595313 0.179688 0.589063 0.210938 0.575000 0.226562 0.546875 0.232813 0.545312 0.232813 0.470313 0.226562 0.468750 0.207813 0.420312 0.185938 0.404687 0.182812 0.396875
0 0.538920 0.428125 0.284375 0.428125 0.284375 0.432812 0.254688 0.460938 0.250000 0.473438 0.246875 0.585938 0.234375 0.660937 0.228125 0.662500 0.228125 0.695312 0.234375 0.696875 0.239063 0.737500 0.251563 0.771875 0.282813 0.832812 0.293750 0.842187 0.342187 0.860938 0.500000 0.862500 0.531250 0.853125 0.565625 0.814063 0.582812 0.778125 0.593750 0.706250 0.595313 0.700000 0.601562 0.698438 0.601562 0.618750 0.595313 0.617188 0.592187 0.603125 0.578125 0.475000 0.565625 0.451562 0.546875 0.434375 0.546875 0.428125
7 0.714453 0.178125 0.687500 0.178125 0.685937 0.184375 0.653125 0.207813 0.653125 0.250000 0.659375 0.251563 0.662500 0.262500 0.662500 0.284375 0.657813 0.292187 0.653125 0.292187 0.653125 0.348438 0.659375 0.348438 0.673438 0.365625 0.690625 0.373437 0.753125 0.373437 0.798438 0.364063 0.818750 0.348438 0.837500 0.317188 0.845313 0.314063 0.845313 0.296875 0.839063 0.295312 0.831250 0.273438 0.823438 0.220312 0.800000 0.184375 0.800000 0.178125 0.775000 0.178125 0.775000 0.184375 0.757812 0.195312 0.737500 0.192188 0.726562 0.185938 0.723437 0.178125
0 0.180978 0.615625 0.003125 0.615625 0.003125 0.876563 0.128125 0.876563 0.132812 0.868750 0.160938 0.865625 0.190625 0.854688 0.220312 0.826562 0.226562 0.782813 0.215625 0.731250 0.207813 0.654687 0.189062 0.615625
2 0.832755 0.403125 0.628125 0.403125 0.609375 0.435937 0.603125 0.459375 0.596875 0.460938 0.596875 0.553125 0.601562 0.553125 0.623437 0.579688 0.654687 0.589063 0.817187 0.587500 0.837500 0.579688 0.854688 0.564063 0.864062 0.539062 0.859375 0.440625 0.840625 0.403125
0 0.787389 0.146875 0.684375 0.146875 0.662500 0.171875 0.653125 0.192188 0.646875 0.193750 0.646875 0.354687 0.681250 0.376563 0.682813 0.382812 0.820312 0.382812 0.821875 0.376563 0.842187 0.367188 0.857812 0.353125 0.870313 0.325000 0.876563 0.323437 0.876563 0.246875 0.870313 0.245312 0.865625 0.214062 0.846875 0.184375 0.798438 0.154688 0.795312 0.146875
0 0.831130 0.396875 0.632812 0.396875 0.632812 0.403125 0.615625 0.418750 0.603125 0.453125 0.596875 0.454688 0.596875 0.559375 0.601562 0.559375 0.615625 0.578125 0.635938 0.589063 0.637500 0.595313 0.828125 0.595313 0.831250 0.587500 0.851562 0.578125 0.862500 0.562500 0.870313 0.559375 0.870313 0.431250 0.862500 0.428125 0.839063 0.396875
6 0.821809 0.615625 0.640625 0.615625 0.618750 0.653125 0.610938 0.740625 0.603125 0.743750 0.603125 0.784375 0.640625 0.790625 0.648438 0.796875 0.651563 0.826562 0.656250 0.832812 0.689063 0.842187 0.723437 0.857812 0.725000 0.864062 0.732812 0.864062 0.735938 0.856250 0.756250 0.846875 0.784375 0.845313 0.823438 0.823438 0.845313 0.785937 0.851562 0.745313 0.857812 0.743750 0.857812 0.653125 0.851562 0.651563 0.846875 0.637500 0.829688 0.615625
0 0.179484 0.396875 0.003125 0.396875 0.003125 0.595313 0.185938 0.595313 0.187500 0.589063 0.206250 0.581250 0.215625 0.571875 0.226562 0.550000 0.232813 0.548438 0.232813 0.467187 0.226562 0.465625 0.214062 0.428125 0.187500 0.401562 0.187500 0.396875
0 0.149792 0.159375 0.037500 0.159375 0.031250 0.170313 0.000000 0.187500 0.000000 0.382812 0.145313 0.382812 0.146875 0.376563 0.168750 0.362500 0.182812 0.335938 0.178125 0.279687 0.179688 0.201563 0.157812 0.159375
1 0.176495 0.615625 0.003125 0.615625 0.003125 0.876563 0.090625 0.876563 0.095312 0.868750 0.164062 0.853125 0.185938 0.839063 0.190625 0.782813 0.215625 0.773438 0.226562 0.764062 0.218750 0.757812 0.206250 0.654687 0.184375 0.615625
5 0.532625 0.453125 0.340625 0.453125 0.339062 0.459375 0.284375 0.473438 0.284375 0.617188 0.290625 0.617188 0.296875 0.626563 0.300000 0.618750 0.320312 0.614062 0.564063 0.606250 0.570312 0.595313 0.576562 0.593750 0.576562 0.543750 0.570312 0.542188 0.556250 0.476562 0.540625 0.459375 0.540625 0.453125
5 0.563958 0.609375 0.334375 0.609375 0.332813 0.615625 0.310937 0.617188 0.290625 0.626563 0.290625 0.703125 0.300000 0.707812 0.301563 0.717187 0.298438 0.770312 0.315625 0.776563 0.329688 0.801562 0.339062 0.807813 0.350000 0.803125 0.359375 0.784375 0.371875 0.779687 0.398438 0.782813 0.414062 0.776563 0.460938 0.776563 0.478125 0.781250 0.501563 0.773438 0.537500 0.773438 0.546875 0.776563 0.557813 0.790625 0.578125 0.779687 0.585938 0.770312 0.587500 0.757812 0.595313 0.754687 0.595313 0.728125 0.576562 0.728125 0.559375 0.718750 0.546875 0.696875 0.551562 0.684375 0.565625 0.670312 0.576562 0.668750 0.581250 0.660937 0.581250 0.642188 0.571875 0.609375
