5 0.625000 0.456250 0.623437 0.490625 0.612500 0.518750 0.612500 0.532813 0.625000 0.559375 0.642188 0.587500 0.681250 0.607812 0.706250 0.640625 0.718750 0.640625 0.778125 0.585938 0.776563 0.389062 0.695312 0.317188 0.678125 0.335938
5 0.535937 0.390625 0.540625 0.418750 0.531250 0.439063 0.543750 0.525000 0.582812 0.603125 0.612500 0.634375 0.634375 0.642188 0.643750 0.635938 0.659375 0.598437 0.639062 0.585938 0.617188 0.542188 0.631250 0.431250 0.650000 0.389062 0.596875 0.348438 0.564063 0.340625 0.542188 0.368750
5 0.443750 0.439063 0.442188 0.487500 0.456250 0.542188 0.473438 0.578125 0.506250 0.610938 0.542188 0.631250 0.551562 0.629687 0.573438 0.592187 0.535937 0.510938 0.531250 0.434375 0.537500 0.365625 0.510938 0.346875 0.476562 0.345313 0.460938 0.371875
8 0.225000 0.104688 0.218750 0.132812 0.218750 0.246875 0.317188 0.253125 0.340625 0.242188 0.359375 0.209375 0.359375 0.126562 0.351562 0.089063 0.328125 0.089063 0.285938 0.067187 0.232813 0.090625
2 0.382812 0.090625 0.381250 0.245312 0.389062 0.268750 0.410938 0.284375 0.450000 0.295312 0.515625 0.296875 0.551562 0.282813 0.565625 0.251563 0.564063 0.089063 0.557813 0.070312 0.534375 0.051562 0.437500 0.051562 0.398438 0.062500
4 0.218750 0.278125 0.218750 0.675000 0.229687 0.684375 0.275000 0.693750 0.310937 0.692187 0.334375 0.678125 0.351562 0.678125 0.371875 0.667188 0.395313 0.637500 0.393750 0.329688 0.373437 0.298438 0.328125 0.281250 0.285938 0.270313 0.228125 0.271875
7 0.267188 0.728125 0.264062 0.751563 0.270313 0.765625 0.303125 0.781250 0.323437 0.771875 0.339062 0.750000 0.334375 0.720313 0.318750 0.712500 0.287500 0.715625
7 0.339062 0.721875 0.342187 0.753125 0.357812 0.771875 0.359375 0.750000
7 0.328125 0.767188 0.326562 0.773438 0.357812 0.796875 0.359375 0.764062 0.350000 0.764062 0.342187 0.750000
7 0.301563 0.798438 0.300000 0.828125 0.310937 0.845313 0.337500 0.851562 0.359375 0.839063 0.357812 0.801562 0.337500 0.779687 0.309375 0.781250
7 0.296875 0.837500 0.268750 0.851562 0.246875 0.848437 0.246875 0.881250 0.253125 0.892188 0.334375 0.854688
7 0.234375 0.804688 0.237500 0.835938 0.248438 0.845313 0.268750 0.848437 0.296875 0.829688 0.303125 0.792188 0.290625 0.776563 0.265625 0.775000 0.250000 0.781250
7 0.243750 0.728125 0.242188 0.732812 0.260937 0.746875 0.270313 0.721875 0.259375 0.720313
7 0.220312 0.734375 0.220312 0.767188 0.237500 0.785937 0.273438 0.771875 0.251563 0.739062 0.240625 0.732812
7 0.220312 0.806250 0.218750 0.875000 0.235937 0.882812 0.245312 0.878125 0.246875 0.853125
6 0.585938 0.084375 0.584375 0.206250 0.589063 0.246875 0.598437 0.260937 0.623437 0.275000 0.714063 0.281250 0.778125 0.298438 0.778125 0.045312 0.740625 0.035937 0.653125 0.039062 0.596875 0.056250
2 0.384375 0.714063 0.382812 0.871875 0.396875 0.906250 0.420312 0.917188 0.459375 0.921875 0.532813 0.920312 0.551562 0.909375 0.567187 0.882812 0.567187 0.709375 0.556250 0.684375 0.532813 0.668750 0.517188 0.665625 0.451562 0.667188 0.400000 0.685937
6 0.593750 0.715625 0.590625 0.843750 0.595313 0.868750 0.623437 0.867188 0.629687 0.887500 0.635938 0.890625 0.690625 0.882812 0.718750 0.903125 0.778125 0.901563 0.778125 0.684375 0.751563 0.673438 0.643750 0.681250 0.607812 0.695312
2 0.384375 0.714063 0.387500 0.807813 0.382812 0.879687 0.396875 0.907813 0.420312 0.917188 0.459375 0.921875 0.534375 0.920312 0.553125 0.909375 0.567187 0.889062 0.567187 0.715625 0.554688 0.682813 0.518750 0.665625 0.450000 0.667188 0.400000 0.685937
0 0.301563 0.039062 0.300000 0.040625 0.278125 0.040625 0.276562 0.042188 0.262500 0.042188 0.260937 0.043750 0.240625 0.043750 0.239063 0.045312 0.234375 0.045312 0.232813 0.046875 0.231250 0.045312 0.225000 0.045312 0.223438 0.046875 0.221875 0.046875 0.220312 0.048438 0.220312 0.054688 0.218750 0.056250 0.218750 0.062500 0.220312 0.064062 0.220312 0.068750 0.218750 0.070312 0.218750 0.081250 0.220312 0.082812 0.220312 0.096875 0.218750 0.098437 0.218750 0.110937 0.220312 0.112500 0.220312 0.134375 0.218750 0.135937 0.218750 0.142187 0.217188 0.143750 0.217188 0.150000 0.218750 0.151562 0.218750 0.176563 0.220312 0.178125 0.220312 0.242188 0.218750 0.243750 0.218750 0.246875 0.220312 0.248438 0.220312 0.250000 0.221875 0.250000 0.223438 0.251563 0.232813 0.251563 0.234375 0.250000 0.245312 0.250000 0.246875 0.251563 0.251563 0.251563 0.253125 0.253125 0.257812 0.253125 0.259375 0.251563 0.271875 0.251563 0.273438 0.253125 0.289062 0.253125 0.290625 0.254688 0.292187 0.253125 0.303125 0.253125 0.304688 0.254688 0.323437 0.254688 0.325000 0.253125 0.328125 0.253125 0.329688 0.251563 0.331250 0.251563 0.332813 0.250000 0.334375 0.250000 0.339062 0.245312 0.340625 0.245312 0.343750 0.242188 0.345313 0.242188 0.353125 0.234375 0.353125 0.232813 0.354687 0.231250 0.354687 0.229687 0.356250 0.228125 0.356250 0.226562 0.357812 0.225000 0.357812 0.221875 0.359375 0.220312 0.359375 0.217188 0.360938 0.215625 0.360938 0.210938 0.362500 0.209375 0.362500 0.203125 0.360938 0.201563 0.362500 0.200000 0.362500 0.171875 0.360938 0.170313 0.360938 0.160938 0.362500 0.159375 0.362500 0.109375 0.364063 0.107813 0.364063 0.095312 0.362500 0.093750 0.362500 0.089063 0.360938 0.087500 0.360938 0.079687 0.359375 0.078125 0.359375 0.075000 0.357812 0.073438 0.357812 0.071875 0.356250 0.070312 0.356250 0.068750 0.354687 0.067187 0.354687 0.065625 0.351562 0.062500 0.351562 0.060937 0.343750 0.053125 0.343750 0.051562 0.342187 0.050000 0.340625 0.050000 0.337500 0.046875 0.335938 0.046875 0.334375 0.045312 0.332813 0.045312 0.331250 0.043750 0.326562 0.043750 0.325000 0.042188 0.321875 0.042188 0.320312 0.040625 0.309375 0.040625 0.307812 0.039062
0 0.639062 0.031250 0.637500 0.032813 0.626563 0.032813 0.625000 0.034375 0.620313 0.034375 0.618750 0.035937 0.610938 0.035937 0.609375 0.037500 0.609375 0.039062 0.604688 0.043750 0.604688 0.045312 0.598437 0.051562 0.598437 0.053125 0.589063 0.062500 0.589063 0.065625 0.585938 0.068750 0.585938 0.089063 0.584375 0.090625 0.584375 0.104688 0.585938 0.106250 0.585938 0.121875 0.584375 0.123438 0.584375 0.140625 0.585938 0.142187 0.585938 0.178125 0.584375 0.179688 0.584375 0.190625 0.585938 0.192188 0.585938 0.239063 0.587500 0.240625 0.587500 0.243750 0.589063 0.245312 0.589063 0.246875 0.590625 0.248438 0.590625 0.250000 0.592187 0.251563 0.592187 0.253125 0.595313 0.256250 0.595313 0.257812 0.606250 0.268750 0.607812 0.268750 0.609375 0.270313 0.612500 0.270313 0.614062 0.271875 0.618750 0.271875 0.621875 0.275000 0.623437 0.275000 0.625000 0.276562 0.628125 0.276562 0.629687 0.278125 0.650000 0.278125 0.651563 0.279687 0.673438 0.279687 0.675000 0.278125 0.682813 0.278125 0.684375 0.279687 0.689063 0.279687 0.690625 0.281250 0.695312 0.281250 0.696875 0.282813 0.706250 0.282813 0.707812 0.284375 0.723437 0.284375 0.725000 0.285938 0.729688 0.285938 0.731250 0.287500 0.734375 0.287500 0.735938 0.289062 0.739062 0.289062 0.740625 0.290625 0.743750 0.290625 0.745313 0.292187 0.746875 0.292187 0.748437 0.293750 0.751563 0.293750 0.753125 0.295312 0.757812 0.295312 0.759375 0.296875 0.762500 0.296875 0.764062 0.298438 0.767188 0.298438 0.768750 0.300000 0.776563 0.300000 0.778125 0.298438 0.779687 0.298438 0.779687 0.284375 0.781250 0.282813 0.781250 0.107813 0.779687 0.106250 0.779687 0.057813 0.778125 0.056250 0.778125 0.046875 0.779687 0.045312 0.779687 0.043750 0.778125 0.042188 0.778125 0.040625 0.775000 0.037500 0.773438 0.037500 0.770312 0.034375 0.767188 0.034375 0.765625 0.032813 0.754687 0.032813 0.753125 0.031250 0.739062 0.031250 0.737500 0.032813 0.692187 0.032813 0.690625 0.034375 0.689063 0.034375 0.687500 0.032813 0.684375 0.032813 0.682813 0.034375 0.660937 0.034375 0.659375 0.032813 0.646875 0.032813 0.645312 0.031250
0 0.473438 0.034375 0.471875 0.035937 0.460938 0.035937 0.459375 0.037500 0.431250 0.037500 0.429688 0.039062 0.425000 0.039062 0.423438 0.040625 0.418750 0.040625 0.417187 0.042188 0.415625 0.042188 0.414062 0.043750 0.410938 0.043750 0.409375 0.045312 0.404687 0.045312 0.403125 0.046875 0.400000 0.046875 0.398438 0.048438 0.396875 0.048438 0.393750 0.051562 0.392188 0.051562 0.387500 0.056250 0.387500 0.057813 0.381250 0.064062 0.381250 0.065625 0.379688 0.067187 0.379688 0.068750 0.378125 0.070312 0.378125 0.071875 0.376563 0.073438 0.376563 0.089063 0.375000 0.090625 0.375000 0.096875 0.376563 0.098437 0.376563 0.112500 0.375000 0.114062 0.375000 0.150000 0.373437 0.151562 0.373437 0.156250 0.375000 0.157812 0.375000 0.237500 0.376563 0.239063 0.376563 0.245312 0.378125 0.246875 0.378125 0.250000 0.379688 0.251563 0.379688 0.254688 0.381250 0.256250 0.381250 0.259375 0.382812 0.260937 0.382812 0.262500 0.384375 0.264062 0.384375 0.267188 0.385937 0.268750 0.385937 0.270313 0.389062 0.273438 0.389062 0.275000 0.393750 0.279687 0.395313 0.279687 0.396875 0.281250 0.400000 0.281250 0.401562 0.282813 0.404687 0.282813 0.406250 0.284375 0.410938 0.284375 0.412500 0.285938 0.414062 0.285938 0.415625 0.287500 0.417187 0.287500 0.418750 0.289062 0.421875 0.289062 0.423438 0.290625 0.425000 0.290625 0.426563 0.292187 0.429688 0.292187 0.431250 0.293750 0.442188 0.293750 0.443750 0.295312 0.450000 0.295312 0.451562 0.296875 0.462500 0.296875 0.464062 0.298438 0.468750 0.298438 0.470313 0.300000 0.476562 0.300000 0.478125 0.298438 0.481250 0.298438 0.482812 0.300000 0.512500 0.300000 0.514062 0.298438 0.520312 0.298438 0.521875 0.296875 0.525000 0.296875 0.526563 0.295312 0.531250 0.295312 0.532813 0.293750 0.535937 0.293750 0.537500 0.292187 0.539062 0.292187 0.540625 0.290625 0.542188 0.290625 0.543750 0.289062 0.545312 0.289062 0.546875 0.287500 0.548438 0.287500 0.550000 0.285938 0.551562 0.285938 0.557813 0.279687 0.557813 0.278125 0.559375 0.276562 0.560937 0.276562 0.562500 0.275000 0.562500 0.273438 0.567187 0.268750 0.567187 0.265625 0.568750 0.264062 0.568750 0.260937 0.570312 0.259375 0.570312 0.223438 0.571875 0.221875 0.571875 0.160938 0.570312 0.159375 0.570312 0.142187 0.571875 0.140625 0.571875 0.112500 0.570312 0.110937 0.570312 0.095312 0.568750 0.093750 0.568750 0.073438 0.567187 0.071875 0.567187 0.067187 0.565625 0.065625 0.565625 0.064062 0.564063 0.062500 0.564063 0.060937 0.560937 0.057813 0.560937 0.056250 0.554688 0.050000 0.553125 0.050000 0.551562 0.048438 0.550000 0.048438 0.545312 0.043750 0.543750 0.043750 0.540625 0.040625 0.539062 0.040625 0.537500 0.039062 0.534375 0.039062 0.532813 0.037500 0.528125 0.037500 0.526563 0.035937 0.515625 0.035937 0.514062 0.034375
0 0.253125 0.262500 0.251563 0.264062 0.243750 0.264062 0.242188 0.265625 0.237500 0.265625 0.235937 0.267188 0.229687 0.267188 0.228125 0.268750 0.226562 0.267188 0.220312 0.267188 0.218750 0.268750 0.218750 0.270313 0.217188 0.271875 0.217188 0.275000 0.218750 0.276562 0.218750 0.281250 0.220312 0.282813 0.220312 0.309375 0.221875 0.310937 0.221875 0.314063 0.220312 0.315625 0.220312 0.375000 0.221875 0.376563 0.221875 0.379688 0.220312 0.381250 0.220312 0.406250 0.221875 0.407813 0.221875 0.418750 0.220312 0.420312 0.220312 0.448437 0.221875 0.450000 0.221875 0.457813 0.220312 0.459375 0.220312 0.462500 0.218750 0.464062 0.218750 0.467187 0.217188 0.468750 0.217188 0.489063 0.218750 0.490625 0.218750 0.515625 0.220312 0.517188 0.220312 0.537500 0.218750 0.539062 0.218750 0.551562 0.220312 0.553125 0.220312 0.554688 0.218750 0.556250 0.218750 0.571875 0.220312 0.573438 0.220312 0.587500 0.218750 0.589063 0.218750 0.603125 0.217188 0.604688 0.217188 0.615625 0.218750 0.617188 0.218750 0.625000 0.220312 0.626563 0.220312 0.628125 0.221875 0.629687 0.221875 0.634375 0.220312 0.635938 0.220312 0.654687 0.218750 0.656250 0.218750 0.665625 0.220312 0.667188 0.220312 0.685937 0.215625 0.690625 0.215625 0.695312 0.218750 0.698438 0.239063 0.698438 0.240625 0.700000 0.260937 0.700000 0.262500 0.701562 0.267188 0.701562 0.268750 0.700000 0.275000 0.700000 0.276562 0.698438 0.295312 0.698438 0.296875 0.696875 0.303125 0.696875 0.304688 0.695312 0.306250 0.695312 0.307812 0.693750 0.310937 0.693750 0.312500 0.692187 0.314063 0.692187 0.315625 0.690625 0.318750 0.690625 0.320312 0.689063 0.326562 0.689063 0.328125 0.687500 0.332813 0.687500 0.334375 0.685937 0.340625 0.685937 0.342187 0.684375 0.346875 0.684375 0.348438 0.682813 0.350000 0.682813 0.351562 0.681250 0.353125 0.681250 0.354687 0.679688 0.356250 0.679688 0.357812 0.678125 0.359375 0.678125 0.360938 0.676562 0.362500 0.676562 0.364063 0.675000 0.365625 0.675000 0.367188 0.673438 0.368750 0.673438 0.370312 0.671875 0.371875 0.671875 0.375000 0.668750 0.378125 0.668750 0.379688 0.667188 0.381250 0.667188 0.382812 0.665625 0.384375 0.665625 0.389062 0.660937 0.389062 0.659375 0.392188 0.656250 0.392188 0.654687 0.393750 0.653125 0.393750 0.650000 0.395313 0.648438 0.395313 0.639062 0.398438 0.635938 0.398438 0.634375 0.400000 0.632812 0.400000 0.615625 0.398438 0.614062 0.398438 0.606250 0.396875 0.604688 0.396875 0.596875 0.398438 0.595313 0.398438 0.584375 0.400000 0.582812 0.400000 0.468750 0.398438 0.467187 0.398438 0.464062 0.400000 0.462500 0.400000 0.432812 0.398438 0.431250 0.398438 0.417187 0.400000 0.415625 0.400000 0.368750 0.398438 0.367188 0.398438 0.356250 0.396875 0.354687 0.396875 0.348438 0.395313 0.346875 0.395313 0.345313 0.396875 0.343750 0.396875 0.342187 0.398438 0.340625 0.398438 0.332813 0.396875 0.331250 0.396875 0.323437 0.395313 0.321875 0.395313 0.315625 0.393750 0.314063 0.393750 0.312500 0.390625 0.309375 0.390625 0.307812 0.379688 0.296875 0.378125 0.296875 0.375000 0.293750 0.373437 0.293750 0.370312 0.290625 0.368750 0.290625 0.367188 0.289062 0.365625 0.289062 0.364063 0.287500 0.360938 0.287500 0.359375 0.285938 0.357812 0.285938 0.356250 0.284375 0.354687 0.284375 0.351562 0.281250 0.350000 0.281250 0.348438 0.279687 0.346875 0.279687 0.345313 0.278125 0.339062 0.278125 0.337500 0.276562 0.334375 0.276562 0.332813 0.275000 0.329688 0.275000 0.328125 0.273438 0.323437 0.273438 0.321875 0.271875 0.315625 0.271875 0.314063 0.270313 0.304688 0.270313 0.303125 0.268750 0.298438 0.268750 0.296875 0.267188 0.293750 0.267188 0.292187 0.265625 0.268750 0.265625 0.265625 0.262500
0 0.306250 0.710938 0.304688 0.712500 0.290625 0.712500 0.289062 0.714063 0.285938 0.714063 0.284375 0.715625 0.223438 0.715625 0.221875 0.717187 0.220312 0.717187 0.215625 0.721875 0.217188 0.723437 0.217188 0.731250 0.218750 0.732812 0.218750 0.748437 0.220312 0.750000 0.218750 0.751563 0.218750 0.753125 0.220312 0.754687 0.220312 0.775000 0.218750 0.776563 0.218750 0.901563 0.220312 0.903125 0.220312 0.904687 0.218750 0.906250 0.218750 0.907813 0.217188 0.909375 0.217188 0.912500 0.218750 0.914062 0.218750 0.918750 0.220312 0.920312 0.220312 0.928125 0.239063 0.928125 0.240625 0.929688 0.278125 0.929688 0.279687 0.931250 0.318750 0.931250 0.320312 0.929688 0.321875 0.929688 0.323437 0.928125 0.326562 0.928125 0.328125 0.926562 0.329688 0.926562 0.331250 0.925000 0.332813 0.925000 0.334375 0.923438 0.335938 0.923438 0.337500 0.921875 0.340625 0.921875 0.342187 0.920312 0.343750 0.920312 0.345313 0.918750 0.346875 0.918750 0.348438 0.917188 0.350000 0.917188 0.353125 0.914062 0.353125 0.912500 0.354687 0.910937 0.354687 0.909375 0.359375 0.904687 0.359375 0.903125 0.360938 0.901563 0.360938 0.900000 0.362500 0.898438 0.362500 0.895312 0.364063 0.893750 0.364063 0.853125 0.362500 0.851562 0.362500 0.839063 0.364063 0.837500 0.364063 0.789062 0.362500 0.787500 0.362500 0.784375 0.364063 0.782813 0.364063 0.767188 0.362500 0.765625 0.362500 0.757812 0.360938 0.756250 0.360938 0.751563 0.359375 0.750000 0.359375 0.748437 0.357812 0.746875 0.357812 0.743750 0.356250 0.742188 0.356250 0.740625 0.354687 0.739062 0.354687 0.737500 0.353125 0.735938 0.353125 0.734375 0.345313 0.726562 0.343750 0.726562 0.340625 0.723437 0.339062 0.723437 0.337500 0.721875 0.337500 0.720313 0.332813 0.715625 0.331250 0.715625 0.328125 0.712500 0.325000 0.712500 0.323437 0.710938
0 0.485938 0.660937 0.484375 0.662500 0.468750 0.662500 0.467187 0.664062 0.454688 0.664062 0.453125 0.665625 0.446875 0.665625 0.445312 0.667188 0.437500 0.667188 0.435937 0.668750 0.432812 0.668750 0.431250 0.670312 0.425000 0.670312 0.423438 0.671875 0.420312 0.671875 0.418750 0.673438 0.417187 0.673438 0.415625 0.675000 0.414062 0.675000 0.412500 0.676562 0.410938 0.676562 0.407813 0.679688 0.406250 0.679688 0.404687 0.681250 0.403125 0.681250 0.400000 0.684375 0.398438 0.684375 0.396875 0.685937 0.395313 0.685937 0.390625 0.690625 0.389062 0.690625 0.387500 0.692187 0.387500 0.693750 0.384375 0.696875 0.384375 0.698438 0.381250 0.701562 0.381250 0.703125 0.379688 0.704688 0.379688 0.709375 0.378125 0.710938 0.378125 0.717187 0.376563 0.718750 0.376563 0.723437 0.375000 0.725000 0.375000 0.729688 0.376563 0.731250 0.376563 0.743750 0.375000 0.745313 0.375000 0.750000 0.376563 0.751563 0.376563 0.754687 0.375000 0.756250 0.375000 0.759375 0.376563 0.760938 0.376563 0.764062 0.378125 0.765625 0.378125 0.785937 0.376563 0.787500 0.376563 0.807813 0.378125 0.809375 0.378125 0.871875 0.376563 0.873437 0.376563 0.893750 0.378125 0.895312 0.378125 0.901563 0.379688 0.903125 0.379688 0.906250 0.381250 0.907813 0.381250 0.910937 0.382812 0.912500 0.382812 0.914062 0.385937 0.917188 0.385937 0.918750 0.389062 0.921875 0.389062 0.923438 0.390625 0.925000 0.392188 0.925000 0.393750 0.926562 0.395313 0.926562 0.396875 0.928125 0.400000 0.928125 0.401562 0.929688 0.406250 0.929688 0.407813 0.931250 0.414062 0.931250 0.415625 0.932813 0.417187 0.932813 0.418750 0.934375 0.423438 0.934375 0.425000 0.935937 0.442188 0.935937 0.443750 0.937500 0.481250 0.937500 0.482812 0.935937 0.490625 0.935937 0.492188 0.934375 0.495312 0.934375 0.496875 0.932813 0.525000 0.932813 0.526563 0.931250 0.534375 0.931250 0.535937 0.929688 0.539062 0.929688 0.540625 0.928125 0.543750 0.928125 0.545312 0.926562 0.546875 0.926562 0.550000 0.923438 0.551562 0.923438 0.554688 0.920312 0.556250 0.920312 0.559375 0.917188 0.560937 0.917188 0.564063 0.914062 0.564063 0.912500 0.565625 0.910937 0.565625 0.909375 0.568750 0.906250 0.568750 0.904687 0.570312 0.903125 0.570312 0.901563 0.571875 0.900000 0.571875 0.896875 0.573438 0.895312 0.573438 0.892188 0.575000 0.890625 0.575000 0.793750 0.573438 0.792188 0.573438 0.756250 0.575000 0.754687 0.575000 0.729688 0.573438 0.728125 0.573438 0.720313 0.571875 0.718750 0.571875 0.700000 0.570312 0.698438 0.570312 0.695312 0.562500 0.687500 0.562500 0.685937 0.556250 0.679688 0.553125 0.679688 0.546875 0.673438 0.545312 0.673438 0.543750 0.671875 0.542188 0.671875 0.540625 0.670312 0.539062 0.670312 0.537500 0.668750 0.534375 0.668750 0.532813 0.667188 0.531250 0.667188 0.529687 0.665625 0.512500 0.665625 0.510938 0.664062 0.501563 0.664062 0.500000 0.662500 0.496875 0.662500 0.495312 0.660937
0 0.770312 0.660937 0.768750 0.662500 0.760938 0.662500 0.759375 0.664062 0.757812 0.664062 0.756250 0.665625 0.742188 0.665625 0.740625 0.667188 0.732812 0.667188 0.731250 0.668750 0.725000 0.668750 0.723437 0.670312 0.718750 0.670312 0.717187 0.671875 0.712500 0.671875 0.710938 0.673438 0.707812 0.673438 0.706250 0.675000 0.704688 0.675000 0.703125 0.676562 0.700000 0.676562 0.698438 0.678125 0.696875 0.678125 0.695312 0.676562 0.671875 0.676562 0.670312 0.678125 0.648438 0.678125 0.646875 0.679688 0.639062 0.679688 0.637500 0.681250 0.634375 0.681250 0.632812 0.682813 0.629687 0.682813 0.628125 0.684375 0.625000 0.684375 0.623437 0.685937 0.621875 0.685937 0.615625 0.692187 0.610938 0.692187 0.609375 0.693750 0.607812 0.693750 0.606250 0.695312 0.604688 0.695312 0.603125 0.696875 0.603125 0.698438 0.600000 0.701562 0.600000 0.703125 0.598437 0.704688 0.598437 0.706250 0.595313 0.709375 0.593750 0.709375 0.592187 0.710938 0.592187 0.712500 0.589063 0.715625 0.589063 0.725000 0.587500 0.726562 0.587500 0.742188 0.589063 0.743750 0.589063 0.770312 0.587500 0.771875 0.587500 0.773438 0.585938 0.775000 0.585938 0.778125 0.584375 0.779687 0.584375 0.785937 0.585938 0.787500 0.585938 0.790625 0.589063 0.793750 0.589063 0.795312 0.587500 0.796875 0.587500 0.853125 0.589063 0.854688 0.589063 0.890625 0.590625 0.892188 0.590625 0.893750 0.592187 0.895312 0.592187 0.896875 0.593750 0.898438 0.593750 0.904687 0.595313 0.906250 0.595313 0.907813 0.596875 0.909375 0.596875 0.910937 0.598437 0.912500 0.598437 0.914062 0.600000 0.915625 0.600000 0.917188 0.603125 0.920312 0.603125 0.921875 0.607812 0.926562 0.609375 0.926562 0.614062 0.931250 0.615625 0.931250 0.617188 0.932813 0.618750 0.932813 0.620313 0.934375 0.623437 0.934375 0.625000 0.935937 0.626563 0.935937 0.628125 0.937500 0.634375 0.937500 0.635938 0.939063 0.670312 0.939063 0.671875 0.940625 0.685937 0.940625 0.687500 0.942187 0.768750 0.942187 0.770312 0.940625 0.771875 0.940625 0.773438 0.939063 0.775000 0.939063 0.778125 0.935937 0.778125 0.934375 0.779687 0.932813 0.779687 0.921875 0.778125 0.920312 0.779687 0.918750 0.779687 0.892188 0.778125 0.890625 0.778125 0.864062 0.779687 0.862500 0.779687 0.860938 0.778125 0.859375 0.778125 0.848437 0.779687 0.846875 0.779687 0.837500 0.778125 0.835938 0.779687 0.834375 0.779687 0.831250 0.778125 0.829688 0.779687 0.828125 0.779687 0.796875 0.778125 0.795312 0.778125 0.664062 0.775000 0.660937
0 0.637500 0.290625 0.635938 0.292187 0.615625 0.292187 0.614062 0.293750 0.609375 0.293750 0.607812 0.295312 0.606250 0.295312 0.604688 0.296875 0.590625 0.296875 0.589063 0.298438 0.581250 0.298438 0.579688 0.300000 0.576562 0.300000 0.575000 0.301563 0.568750 0.301563 0.567187 0.303125 0.562500 0.303125 0.560937 0.304688 0.556250 0.304688 0.554688 0.306250 0.550000 0.306250 0.548438 0.307812 0.545312 0.307812 0.543750 0.309375 0.539062 0.309375 0.537500 0.310937 0.529687 0.310937 0.528125 0.312500 0.520312 0.312500 0.518750 0.314063 0.515625 0.314063 0.514062 0.315625 0.507812 0.315625 0.506250 0.317188 0.487500 0.317188 0.485938 0.315625 0.465625 0.315625 0.464062 0.317188 0.459375 0.317188 0.457813 0.318750 0.456250 0.318750 0.454688 0.320312 0.440625 0.320312 0.439063 0.321875 0.435937 0.321875 0.434375 0.323437 0.432812 0.323437 0.425000 0.331250 0.425000 0.332813 0.417187 0.340625 0.417187 0.342187 0.415625 0.343750 0.415625 0.345313 0.414062 0.346875 0.414062 0.406250 0.412500 0.407813 0.412500 0.425000 0.410938 0.426563 0.410938 0.439063 0.409375 0.440625 0.409375 0.465625 0.410938 0.467187 0.410938 0.471875 0.412500 0.473438 0.412500 0.476562 0.414062 0.478125 0.412500 0.479687 0.412500 0.490625 0.414062 0.492188 0.414062 0.517188 0.415625 0.518750 0.415625 0.525000 0.417187 0.526563 0.417187 0.531250 0.415625 0.532813 0.415625 0.603125 0.417187 0.604688 0.417187 0.609375 0.418750 0.610938 0.418750 0.614062 0.420312 0.615625 0.420312 0.620313 0.421875 0.621875 0.421875 0.623437 0.423438 0.625000 0.423438 0.628125 0.425000 0.629687 0.425000 0.631250 0.428125 0.634375 0.428125 0.635938 0.431250 0.639062 0.432812 0.639062 0.435937 0.642188 0.437500 0.642188 0.439063 0.643750 0.442188 0.643750 0.443750 0.645312 0.481250 0.645312 0.482812 0.646875 0.520312 0.646875 0.521875 0.648438 0.529687 0.648438 0.531250 0.650000 0.535937 0.650000 0.537500 0.651563 0.540625 0.651563 0.542188 0.653125 0.548438 0.653125 0.550000 0.654687 0.557813 0.654687 0.559375 0.656250 0.575000 0.656250 0.576562 0.657813 0.581250 0.657813 0.582812 0.659375 0.587500 0.659375 0.589063 0.660937 0.603125 0.660937 0.604688 0.662500 0.614062 0.662500 0.615625 0.664062 0.631250 0.664062 0.632812 0.665625 0.665625 0.665625 0.667188 0.664062 0.670312 0.664062 0.671875 0.662500 0.685937 0.662500 0.687500 0.660937 0.709375 0.660937 0.710938 0.659375 0.714063 0.659375 0.715625 0.657813 0.721875 0.657813 0.723437 0.656250 0.726562 0.656250 0.728125 0.654687 0.732812 0.654687 0.734375 0.653125 0.737500 0.653125 0.739062 0.651563 0.740625 0.651563 0.742188 0.650000 0.743750 0.650000 0.745313 0.648438 0.746875 0.648438 0.748437 0.646875 0.751563 0.646875 0.753125 0.645312 0.757812 0.645312 0.759375 0.643750 0.764062 0.643750 0.765625 0.642188 0.768750 0.642188 0.770312 0.640625 0.771875 0.640625 0.778125 0.634375 0.778125 0.632812 0.779687 0.631250 0.779687 0.628125 0.781250 0.626563 0.781250 0.614062 0.779687 0.612500 0.779687 0.556250 0.781250 0.554688 0.781250 0.401562 0.779687 0.400000 0.779687 0.381250 0.781250 0.379688 0.781250 0.368750 0.779687 0.367188 0.779687 0.351562 0.781250 0.350000 0.781250 0.348438 0.782813 0.346875 0.782813 0.345313 0.784375 0.343750 0.784375 0.339062 0.785937 0.337500 0.784375 0.335938 0.784375 0.329688 0.781250 0.326562 0.781250 0.325000 0.778125 0.321875 0.776563 0.321875 0.775000 0.320312 0.773438 0.320312 0.771875 0.318750 0.770312 0.318750 0.768750 0.317188 0.765625 0.317188 0.764062 0.315625 0.759375 0.315625 0.757812 0.314063 0.754687 0.314063 0.753125 0.312500 0.748437 0.312500 0.746875 0.310937 0.745313 0.310937 0.743750 0.309375 0.740625 0.309375 0.739062 0.307812 0.734375 0.307812 0.732812 0.306250 0.729688 0.306250 0.728125 0.304688 0.725000 0.304688 0.723437 0.303125 0.718750 0.303125 0.717187 0.301563 0.710938 0.301563 0.709375 0.300000 0.703125 0.300000 0.701562 0.298438 0.696875 0.298438 0.695312 0.296875 0.693750 0.296875 0.692187 0.295312 0.684375 0.295312 0.682813 0.293750 0.676562 0.293750 0.675000 0.292187 0.667188 0.292187 0.665625 0.290625
