5 0.298438 0.171875 0.296875 0.300000 0.325000 0.310937 0.354687 0.312500 0.376563 0.325000 0.371875 0.337500 0.379688 0.340625 0.562500 0.314063 0.581250 0.320312 0.623437 0.278125 0.645312 0.243750 0.650000 0.223438 0.642188 0.203125 0.606250 0.187500 0.481250 0.159375 0.307812 0.140625 0.300000 0.146875
5 0.300000 0.356250 0.301563 0.470313 0.309375 0.492188 0.381250 0.490625 0.417187 0.482812 0.496875 0.431250 0.525000 0.403125 0.523438 0.393750 0.468750 0.364063
5 0.234375 0.356250 0.232813 0.459375 0.237500 0.482812 0.290625 0.485938 0.300000 0.470313 0.295312 0.356250 0.251563 0.351562
5 0.228125 0.181250 0.229687 0.293750 0.295312 0.303125 0.296875 0.181250
5 0.150000 0.348438 0.140625 0.482812 0.153125 0.489063 0.226562 0.484375 0.232813 0.353125 0.195312 0.346875
5 0.146875 0.193750 0.145313 0.206250 0.156250 0.237500 0.156250 0.285938 0.226562 0.290625 0.225000 0.200000 0.215625 0.193750
7 0.673438 0.321875 0.670312 0.364063 0.685937 0.378125 0.704688 0.410938 0.723437 0.415625 0.765625 0.407813 0.817187 0.367188 0.876563 0.292187 0.885938 0.271875 0.887500 0.250000 0.876563 0.231250 0.851562 0.217188 0.803125 0.218750 0.773438 0.207813 0.717187 0.214062
1 0.128125 0.564063 0.109375 0.617188 0.121875 0.653125 0.129688 0.659375 0.129688 0.687500 0.115625 0.725000 0.135937 0.764062 0.221875 0.776563 0.276562 0.773438 0.289062 0.779687 0.334375 0.771875 0.350000 0.760938 0.425000 0.576562 0.425000 0.562500 0.414062 0.542188 0.389062 0.532813 0.165625 0.537500 0.143750 0.543750
2 0.403125 0.729688 0.400000 0.757812 0.409375 0.775000 0.570312 0.800000 0.584375 0.787500 0.643750 0.785937 0.657813 0.790625 0.664062 0.803125 0.679688 0.801562 0.706250 0.779687 0.714063 0.759375 0.712500 0.732812 0.678125 0.685937 0.676562 0.673438 0.623437 0.585938 0.612500 0.553125 0.601562 0.539062 0.581250 0.529687 0.503125 0.529687 0.478125 0.543750
4 0.625000 0.487500 0.623437 0.515625 0.639062 0.554688 0.762500 0.792188 0.795312 0.809375 0.809375 0.809375 0.851562 0.803125 0.900000 0.784375 0.917188 0.726562 0.918750 0.687500 0.909375 0.662500 0.917188 0.650000 0.914062 0.632812 0.923438 0.623437 0.923438 0.607812 0.896875 0.523438 0.892188 0.468750 0.878125 0.446875 0.828125 0.431250 0.793750 0.439063 0.773438 0.434375 0.735938 0.446875 0.659375 0.446875 0.637500 0.464062
0 0.126562 0.140625 0.125000 0.142187 0.120313 0.142187 0.118750 0.143750 0.115625 0.143750 0.114062 0.145313 0.112500 0.145313 0.110937 0.146875 0.109375 0.146875 0.107813 0.148438 0.106250 0.148438 0.103125 0.151562 0.101562 0.151562 0.093750 0.159375 0.093750 0.160938 0.090625 0.164062 0.090625 0.165625 0.087500 0.168750 0.087500 0.171875 0.085938 0.173437 0.085938 0.175000 0.084375 0.176563 0.084375 0.179688 0.082812 0.181250 0.082812 0.185938 0.081250 0.187500 0.081250 0.200000 0.079687 0.201563 0.079687 0.204687 0.078125 0.206250 0.078125 0.214062 0.076563 0.215625 0.076563 0.414062 0.078125 0.415625 0.078125 0.423438 0.079687 0.425000 0.079687 0.431250 0.081250 0.432812 0.081250 0.437500 0.082812 0.439063 0.082812 0.445312 0.084375 0.446875 0.084375 0.451562 0.085938 0.453125 0.085938 0.459375 0.087500 0.460938 0.087500 0.465625 0.089063 0.467187 0.089063 0.470313 0.090625 0.471875 0.090625 0.473438 0.093750 0.476562 0.093750 0.478125 0.100000 0.484375 0.100000 0.485938 0.101562 0.487500 0.103125 0.487500 0.107813 0.492188 0.109375 0.492188 0.112500 0.495312 0.114062 0.495312 0.115625 0.496875 0.118750 0.496875 0.120313 0.498437 0.123438 0.498437 0.125000 0.500000 0.137500 0.500000 0.139063 0.501563 0.170313 0.501563 0.171875 0.503125 0.203125 0.503125 0.204687 0.504687 0.212500 0.504687 0.214062 0.506250 0.218750 0.506250 0.220312 0.507812 0.226562 0.507812 0.228125 0.509375 0.239063 0.509375 0.240625 0.510938 0.243750 0.510938 0.245312 0.512500 0.250000 0.512500 0.251563 0.514062 0.465625 0.514062 0.467187 0.512500 0.515625 0.512500 0.517188 0.510938 0.523438 0.510938 0.525000 0.509375 0.529687 0.509375 0.531250 0.507812 0.537500 0.507812 0.539062 0.506250 0.546875 0.506250 0.548438 0.504687 0.553125 0.504687 0.554688 0.503125 0.557813 0.503125 0.559375 0.501563 0.560937 0.501563 0.562500 0.500000 0.564063 0.500000 0.565625 0.498437 0.567187 0.498437 0.568750 0.496875 0.570312 0.496875 0.575000 0.492188 0.576562 0.492188 0.587500 0.481250 0.587500 0.479687 0.590625 0.476562 0.590625 0.475000 0.592187 0.473438 0.592187 0.471875 0.593750 0.470313 0.593750 0.468750 0.595313 0.467187 0.595313 0.464062 0.596875 0.462500 0.596875 0.454688 0.598437 0.453125 0.598437 0.445312 0.600000 0.443750 0.600000 0.439063 0.601562 0.437500 0.601562 0.434375 0.603125 0.432812 0.603125 0.429688 0.604688 0.428125 0.604688 0.426563 0.606250 0.425000 0.606250 0.421875 0.607812 0.420312 0.607812 0.417187 0.609375 0.415625 0.609375 0.412500 0.610938 0.410938 0.610938 0.407813 0.612500 0.406250 0.612500 0.403125 0.614062 0.401562 0.614062 0.400000 0.615625 0.398438 0.615625 0.395313 0.617188 0.393750 0.617188 0.390625 0.618750 0.389062 0.618750 0.384375 0.620313 0.382812 0.620313 0.378125 0.621875 0.376563 0.623437 0.376563 0.625000 0.375000 0.628125 0.375000 0.631250 0.371875 0.632812 0.371875 0.635938 0.368750 0.637500 0.368750 0.646875 0.359375 0.648438 0.359375 0.653125 0.354687 0.653125 0.353125 0.662500 0.343750 0.662500 0.342187 0.668750 0.335938 0.668750 0.334375 0.671875 0.331250 0.671875 0.329688 0.673438 0.328125 0.673438 0.326562 0.675000 0.325000 0.675000 0.321875 0.676562 0.320312 0.676562 0.315625 0.678125 0.314063 0.678125 0.309375 0.679688 0.307812 0.679688 0.303125 0.681250 0.301563 0.681250 0.281250 0.679688 0.279687 0.679688 0.275000 0.678125 0.273438 0.678125 0.270313 0.676562 0.268750 0.676562 0.267188 0.675000 0.265625 0.675000 0.264062 0.673438 0.262500 0.673438 0.260937 0.671875 0.259375 0.671875 0.257812 0.668750 0.254688 0.668750 0.253125 0.670312 0.251563 0.670312 0.250000 0.671875 0.248438 0.671875 0.246875 0.673438 0.245312 0.673438 0.242188 0.675000 0.240625 0.675000 0.231250 0.676562 0.229687 0.676562 0.226562 0.678125 0.225000 0.678125 0.195312 0.676562 0.193750 0.676562 0.190625 0.675000 0.189062 0.675000 0.185938 0.673438 0.184375 0.673438 0.182812 0.671875 0.181250 0.671875 0.179688 0.668750 0.176563 0.668750 0.175000 0.659375 0.165625 0.657813 0.165625 0.654687 0.162500 0.653125 0.162500 0.651563 0.160938 0.650000 0.160938 0.648438 0.159375 0.645312 0.159375 0.643750 0.157812 0.639062 0.157812 0.637500 0.156250 0.634375 0.156250 0.632812 0.154688 0.631250 0.154688 0.629687 0.153125 0.628125 0.153125 0.626563 0.151562 0.623437 0.151562 0.621875 0.150000 0.618750 0.150000 0.617188 0.148438 0.614062 0.148438 0.612500 0.146875 0.607812 0.146875 0.606250 0.145313 0.601562 0.145313 0.600000 0.143750 0.150000 0.143750 0.148438 0.142187 0.142187 0.142187 0.140625 0.140625
0 0.331250 0.521875 0.329688 0.523438 0.325000 0.523438 0.323437 0.525000 0.317188 0.525000 0.315625 0.526563 0.306250 0.526563 0.304688 0.528125 0.300000 0.528125 0.298438 0.529687 0.176563 0.529687 0.175000 0.531250 0.170313 0.531250 0.168750 0.532813 0.165625 0.532813 0.164062 0.534375 0.160938 0.534375 0.159375 0.535937 0.153125 0.535937 0.151562 0.534375 0.150000 0.534375 0.148438 0.532813 0.145313 0.532813 0.143750 0.531250 0.137500 0.531250 0.135937 0.529687 0.125000 0.529687 0.123438 0.531250 0.117188 0.531250 0.115625 0.532813 0.112500 0.532813 0.110937 0.534375 0.109375 0.534375 0.107813 0.535937 0.106250 0.535937 0.104688 0.537500 0.103125 0.537500 0.096875 0.543750 0.095312 0.543750 0.095312 0.545312 0.089063 0.551562 0.089063 0.553125 0.087500 0.554688 0.087500 0.556250 0.085938 0.557813 0.085938 0.559375 0.084375 0.560937 0.084375 0.564063 0.082812 0.565625 0.082812 0.570312 0.081250 0.571875 0.081250 0.762500 0.082812 0.764062 0.082812 0.770312 0.084375 0.771875 0.084375 0.773438 0.085938 0.775000 0.085938 0.778125 0.089063 0.781250 0.089063 0.782813 0.092188 0.785937 0.092188 0.787500 0.096875 0.792188 0.096875 0.793750 0.103125 0.800000 0.104688 0.800000 0.109375 0.804688 0.110937 0.804688 0.114062 0.807813 0.115625 0.807813 0.117188 0.809375 0.118750 0.809375 0.120313 0.810937 0.121875 0.810937 0.123438 0.812500 0.126562 0.812500 0.128125 0.814063 0.132812 0.814063 0.134375 0.815625 0.140625 0.815625 0.142187 0.817187 0.248438 0.817187 0.250000 0.815625 0.254688 0.815625 0.256250 0.814063 0.259375 0.814063 0.260937 0.812500 0.296875 0.812500 0.298438 0.810937 0.303125 0.810937 0.304688 0.809375 0.309375 0.809375 0.310937 0.807813 0.314063 0.807813 0.315625 0.806250 0.318750 0.806250 0.320312 0.804688 0.321875 0.804688 0.323437 0.803125 0.326562 0.803125 0.329688 0.800000 0.331250 0.800000 0.334375 0.796875 0.335938 0.796875 0.342187 0.790625 0.342187 0.789062 0.351562 0.779687 0.351562 0.778125 0.354687 0.775000 0.354687 0.773438 0.357812 0.770312 0.357812 0.768750 0.359375 0.767188 0.359375 0.765625 0.360938 0.764062 0.360938 0.762500 0.362500 0.760938 0.362500 0.757812 0.364063 0.756250 0.364063 0.754687 0.365625 0.753125 0.365625 0.751563 0.367188 0.750000 0.367188 0.748437 0.368750 0.746875 0.368750 0.743750 0.370312 0.742188 0.370312 0.740625 0.371875 0.739062 0.371875 0.737500 0.373437 0.735938 0.373437 0.732812 0.375000 0.731250 0.375000 0.728125 0.376563 0.726562 0.376563 0.725000 0.378125 0.723437 0.378125 0.720313 0.379688 0.718750 0.379688 0.717187 0.381250 0.715625 0.381250 0.714063 0.382812 0.712500 0.382812 0.710938 0.384375 0.709375 0.384375 0.706250 0.385937 0.704688 0.385937 0.701562 0.387500 0.700000 0.387500 0.698438 0.389062 0.696875 0.389062 0.693750 0.390625 0.692187 0.390625 0.690625 0.392188 0.689063 0.392188 0.687500 0.393750 0.685937 0.393750 0.684375 0.395313 0.682813 0.395313 0.679688 0.396875 0.678125 0.396875 0.675000 0.398438 0.673438 0.398438 0.671875 0.400000 0.670312 0.400000 0.668750 0.401562 0.667188 0.401562 0.664062 0.403125 0.662500 0.403125 0.660937 0.404687 0.659375 0.404687 0.656250 0.407813 0.653125 0.407813 0.650000 0.409375 0.648438 0.409375 0.646875 0.410938 0.645312 0.410938 0.642188 0.412500 0.640625 0.412500 0.639062 0.414062 0.637500 0.414062 0.634375 0.417187 0.631250 0.417187 0.629687 0.418750 0.628125 0.418750 0.626563 0.420312 0.625000 0.420312 0.623437 0.421875 0.621875 0.421875 0.620313 0.425000 0.617188 0.425000 0.615625 0.426563 0.614062 0.426563 0.610938 0.428125 0.609375 0.428125 0.606250 0.429688 0.604688 0.429688 0.603125 0.431250 0.601562 0.431250 0.600000 0.432812 0.598437 0.432812 0.593750 0.434375 0.592187 0.434375 0.585938 0.435937 0.584375 0.435937 0.568750 0.434375 0.567187 0.434375 0.559375 0.432812 0.557813 0.432812 0.554688 0.431250 0.553125 0.431250 0.551562 0.429688 0.550000 0.429688 0.548438 0.428125 0.546875 0.428125 0.545312 0.423438 0.540625 0.423438 0.539062 0.418750 0.534375 0.417187 0.534375 0.412500 0.529687 0.410938 0.529687 0.407813 0.526563 0.404687 0.526563 0.403125 0.525000 0.401562 0.525000 0.400000 0.523438 0.395313 0.523438 0.393750 0.521875
0 0.510938 0.521875 0.509375 0.523438 0.506250 0.523438 0.504687 0.525000 0.501563 0.525000 0.500000 0.526563 0.498437 0.526563 0.496875 0.528125 0.495312 0.528125 0.493750 0.529687 0.492188 0.529687 0.489063 0.532813 0.487500 0.532813 0.476562 0.543750 0.476562 0.545312 0.471875 0.550000 0.471875 0.551562 0.468750 0.554688 0.468750 0.556250 0.467187 0.557813 0.467187 0.559375 0.464062 0.562500 0.464062 0.564063 0.462500 0.565625 0.462500 0.567187 0.460938 0.568750 0.460938 0.571875 0.459375 0.573438 0.459375 0.575000 0.457813 0.576562 0.457813 0.578125 0.456250 0.579688 0.456250 0.581250 0.454688 0.582812 0.454688 0.585938 0.453125 0.587500 0.453125 0.590625 0.451562 0.592187 0.451562 0.593750 0.448437 0.596875 0.448437 0.598437 0.446875 0.600000 0.446875 0.601562 0.445312 0.603125 0.445312 0.604688 0.443750 0.606250 0.443750 0.609375 0.442188 0.610938 0.442188 0.612500 0.440625 0.614062 0.440625 0.617188 0.439063 0.618750 0.439063 0.621875 0.437500 0.623437 0.437500 0.625000 0.435937 0.626563 0.435937 0.628125 0.434375 0.629687 0.434375 0.631250 0.432812 0.632812 0.432812 0.634375 0.431250 0.635938 0.431250 0.637500 0.429688 0.639062 0.429688 0.640625 0.428125 0.642188 0.428125 0.645312 0.425000 0.648438 0.425000 0.650000 0.423438 0.651563 0.423438 0.653125 0.420312 0.656250 0.420312 0.657813 0.415625 0.662500 0.415625 0.664062 0.414062 0.665625 0.414062 0.667188 0.412500 0.668750 0.412500 0.670312 0.410938 0.671875 0.410938 0.673438 0.409375 0.675000 0.409375 0.678125 0.407813 0.679688 0.407813 0.682813 0.406250 0.684375 0.406250 0.687500 0.404687 0.689063 0.404687 0.692187 0.403125 0.693750 0.403125 0.696875 0.400000 0.700000 0.400000 0.701562 0.398438 0.703125 0.398438 0.704688 0.396875 0.706250 0.396875 0.709375 0.395313 0.710938 0.395313 0.715625 0.393750 0.717187 0.393750 0.720313 0.392188 0.721875 0.392188 0.723437 0.390625 0.725000 0.390625 0.728125 0.389062 0.729688 0.389062 0.760938 0.390625 0.762500 0.390625 0.765625 0.392188 0.767188 0.392188 0.768750 0.393750 0.770312 0.393750 0.771875 0.395313 0.773438 0.395313 0.775000 0.398438 0.778125 0.398438 0.779687 0.406250 0.787500 0.407813 0.787500 0.410938 0.790625 0.412500 0.790625 0.414062 0.792188 0.415625 0.792188 0.417187 0.793750 0.418750 0.793750 0.420312 0.795312 0.423438 0.795312 0.425000 0.796875 0.428125 0.796875 0.429688 0.798438 0.432812 0.798438 0.434375 0.800000 0.465625 0.800000 0.467187 0.801562 0.667188 0.801562 0.668750 0.800000 0.673438 0.800000 0.675000 0.798438 0.678125 0.798438 0.679688 0.796875 0.681250 0.796875 0.682813 0.795312 0.684375 0.795312 0.685937 0.793750 0.687500 0.793750 0.690625 0.790625 0.692187 0.790625 0.700000 0.782813 0.700000 0.781250 0.703125 0.778125 0.703125 0.776563 0.704688 0.775000 0.704688 0.773438 0.706250 0.771875 0.706250 0.770312 0.707812 0.768750 0.707812 0.765625 0.709375 0.764062 0.709375 0.756250 0.710938 0.754687 0.710938 0.739062 0.709375 0.737500 0.709375 0.731250 0.707812 0.729688 0.707812 0.723437 0.706250 0.721875 0.706250 0.718750 0.704688 0.717187 0.704688 0.715625 0.703125 0.714063 0.703125 0.712500 0.701562 0.710938 0.701562 0.709375 0.700000 0.707812 0.700000 0.706250 0.698438 0.704688 0.698438 0.703125 0.696875 0.701562 0.696875 0.700000 0.695312 0.698438 0.695312 0.696875 0.693750 0.695312 0.693750 0.693750 0.690625 0.690625 0.690625 0.687500 0.689063 0.685937 0.689063 0.684375 0.687500 0.682813 0.687500 0.681250 0.685937 0.679688 0.685937 0.678125 0.684375 0.676562 0.684375 0.675000 0.678125 0.668750 0.678125 0.667188 0.673438 0.662500 0.673438 0.660937 0.668750 0.656250 0.668750 0.654687 0.665625 0.651563 0.665625 0.650000 0.664062 0.648438 0.664062 0.645312 0.662500 0.643750 0.662500 0.642188 0.660937 0.640625 0.660937 0.637500 0.659375 0.635938 0.659375 0.634375 0.657813 0.632812 0.657813 0.629687 0.656250 0.628125 0.656250 0.626563 0.654687 0.625000 0.654687 0.621875 0.653125 0.620313 0.653125 0.617188 0.651563 0.615625 0.651563 0.614062 0.650000 0.612500 0.650000 0.610938 0.648438 0.609375 0.648438 0.606250 0.646875 0.604688 0.646875 0.601562 0.645312 0.600000 0.645312 0.598437 0.643750 0.596875 0.643750 0.595313 0.642188 0.593750 0.642188 0.592187 0.640625 0.590625 0.640625 0.589063 0.639062 0.587500 0.639062 0.585938 0.637500 0.584375 0.637500 0.582812 0.635938 0.581250 0.635938 0.579688 0.632812 0.576562 0.632812 0.575000 0.626563 0.568750 0.626563 0.567187 0.617188 0.557813 0.617188 0.556250 0.615625 0.554688 0.615625 0.553125 0.612500 0.550000 0.612500 0.548438 0.600000 0.535937 0.598437 0.535937 0.596875 0.534375 0.595313 0.534375 0.592187 0.531250 0.589063 0.531250 0.587500 0.529687 0.584375 0.529687 0.582812 0.528125 0.575000 0.528125 0.573438 0.526563 0.560937 0.526563 0.559375 0.528125 0.546875 0.528125 0.545312 0.526563 0.542188 0.526563 0.540625 0.525000 0.539062 0.525000 0.537500 0.523438 0.532813 0.523438 0.531250 0.521875
0 0.692187 0.442188 0.690625 0.443750 0.684375 0.443750 0.682813 0.445312 0.681250 0.445312 0.679688 0.446875 0.676562 0.446875 0.675000 0.448437 0.659375 0.448437 0.657813 0.450000 0.653125 0.450000 0.651563 0.451562 0.650000 0.451562 0.648438 0.453125 0.646875 0.453125 0.645312 0.454688 0.643750 0.454688 0.640625 0.457813 0.639062 0.457813 0.629687 0.467187 0.629687 0.468750 0.626563 0.471875 0.626563 0.473438 0.625000 0.475000 0.625000 0.476562 0.623437 0.478125 0.623437 0.481250 0.621875 0.482812 0.621875 0.487500 0.620313 0.489063 0.620313 0.507812 0.621875 0.509375 0.621875 0.514062 0.623437 0.515625 0.623437 0.518750 0.625000 0.520312 0.625000 0.523438 0.626563 0.525000 0.626563 0.526563 0.628125 0.528125 0.628125 0.529687 0.629687 0.531250 0.629687 0.534375 0.631250 0.535937 0.631250 0.539062 0.632812 0.540625 0.632812 0.543750 0.634375 0.545312 0.634375 0.546875 0.637500 0.550000 0.637500 0.553125 0.639062 0.554688 0.639062 0.557813 0.640625 0.559375 0.640625 0.560937 0.642188 0.562500 0.642188 0.564063 0.643750 0.565625 0.643750 0.568750 0.645312 0.570312 0.645312 0.571875 0.646875 0.573438 0.646875 0.575000 0.648438 0.576562 0.648438 0.579688 0.650000 0.581250 0.650000 0.582812 0.651563 0.584375 0.651563 0.585938 0.653125 0.587500 0.653125 0.592187 0.654687 0.593750 0.654687 0.596875 0.656250 0.598437 0.656250 0.600000 0.657813 0.601562 0.657813 0.603125 0.659375 0.604688 0.659375 0.606250 0.664062 0.610938 0.664062 0.614062 0.665625 0.615625 0.665625 0.617188 0.667188 0.618750 0.667188 0.620313 0.668750 0.621875 0.668750 0.625000 0.670312 0.626563 0.670312 0.629687 0.671875 0.631250 0.671875 0.632812 0.673438 0.634375 0.673438 0.635938 0.675000 0.637500 0.675000 0.640625 0.676562 0.642188 0.676562 0.645312 0.678125 0.646875 0.678125 0.648438 0.679688 0.650000 0.679688 0.651563 0.681250 0.653125 0.681250 0.656250 0.682813 0.657813 0.682813 0.662500 0.684375 0.664062 0.684375 0.668750 0.685937 0.670312 0.685937 0.675000 0.687500 0.676562 0.687500 0.679688 0.689063 0.681250 0.689063 0.682813 0.690625 0.684375 0.690625 0.685937 0.692187 0.687500 0.692187 0.689063 0.693750 0.690625 0.693750 0.692187 0.695312 0.693750 0.695312 0.695312 0.698438 0.698438 0.698438 0.700000 0.704688 0.706250 0.704688 0.707812 0.706250 0.707812 0.709375 0.710938 0.709375 0.712500 0.715625 0.718750 0.715625 0.720313 0.717187 0.721875 0.717187 0.723437 0.718750 0.725000 0.718750 0.726562 0.720313 0.728125 0.720313 0.731250 0.721875 0.732812 0.721875 0.735938 0.723437 0.737500 0.723437 0.739062 0.725000 0.740625 0.725000 0.742188 0.726562 0.743750 0.726562 0.746875 0.728125 0.748437 0.728125 0.750000 0.729688 0.751563 0.729688 0.754687 0.731250 0.756250 0.731250 0.759375 0.732812 0.760938 0.732812 0.762500 0.734375 0.764062 0.734375 0.765625 0.735938 0.767188 0.735938 0.770312 0.737500 0.771875 0.737500 0.775000 0.739062 0.776563 0.739062 0.779687 0.740625 0.781250 0.740625 0.790625 0.742188 0.790625 0.743750 0.792188 0.743750 0.793750 0.745313 0.793750 0.751563 0.800000 0.753125 0.800000 0.754687 0.801562 0.756250 0.801562 0.757812 0.803125 0.759375 0.803125 0.760938 0.804688 0.764062 0.804688 0.765625 0.806250 0.770312 0.806250 0.771875 0.807813 0.784375 0.807813 0.785937 0.809375 0.857812 0.809375 0.859375 0.807813 0.864062 0.807813 0.865625 0.806250 0.868750 0.806250 0.870313 0.804688 0.873437 0.804688 0.876563 0.801562 0.878125 0.801562 0.881250 0.798438 0.882812 0.798438 0.885938 0.795312 0.887500 0.795312 0.900000 0.782813 0.900000 0.781250 0.903125 0.778125 0.903125 0.776563 0.904687 0.775000 0.904687 0.773438 0.906250 0.771875 0.906250 0.770312 0.907813 0.768750 0.907813 0.765625 0.909375 0.764062 0.909375 0.759375 0.910937 0.757812 0.910937 0.754687 0.912500 0.753125 0.912500 0.750000 0.914062 0.748437 0.914062 0.743750 0.915625 0.742188 0.915625 0.710938 0.917188 0.709375 0.917188 0.706250 0.918750 0.704688 0.918750 0.700000 0.920312 0.698438 0.920312 0.545312 0.918750 0.543750 0.918750 0.537500 0.917188 0.535937 0.917188 0.531250 0.915625 0.529687 0.915625 0.521875 0.914062 0.520312 0.914062 0.514062 0.912500 0.512500 0.912500 0.507812 0.910937 0.506250 0.910937 0.501563 0.909375 0.500000 0.909375 0.492188 0.907813 0.490625 0.907813 0.484375 0.906250 0.482812 0.906250 0.479687 0.904687 0.478125 0.904687 0.475000 0.903125 0.473438 0.903125 0.471875 0.901563 0.470313 0.901563 0.468750 0.900000 0.467187 0.900000 0.465625 0.893750 0.459375 0.893750 0.457813 0.892188 0.457813 0.885938 0.451562 0.884375 0.451562 0.882812 0.450000 0.881250 0.450000 0.879687 0.448437 0.878125 0.448437 0.876563 0.446875 0.873437 0.446875 0.871875 0.445312 0.867188 0.445312 0.865625 0.443750 0.859375 0.443750 0.857812 0.442188
0 0.759375 0.156250 0.757812 0.157812 0.753125 0.157812 0.751563 0.159375 0.750000 0.159375 0.748437 0.160938 0.745313 0.160938 0.742188 0.164062 0.740625 0.164062 0.737500 0.167187 0.735938 0.167187 0.729688 0.173437 0.729688 0.175000 0.726562 0.178125 0.726562 0.179688 0.725000 0.181250 0.725000 0.182812 0.721875 0.185938 0.721875 0.187500 0.720313 0.189062 0.720313 0.190625 0.718750 0.192188 0.718750 0.193750 0.717187 0.195312 0.717187 0.196875 0.715625 0.198437 0.715625 0.200000 0.714063 0.201563 0.714063 0.204687 0.712500 0.206250 0.712500 0.209375 0.710938 0.210938 0.710938 0.212500 0.709375 0.214062 0.709375 0.217188 0.707812 0.218750 0.707812 0.220312 0.706250 0.221875 0.706250 0.225000 0.704688 0.226562 0.704688 0.228125 0.703125 0.229687 0.703125 0.232813 0.701562 0.234375 0.701562 0.235937 0.700000 0.237500 0.700000 0.239063 0.698438 0.240625 0.698438 0.243750 0.696875 0.245312 0.696875 0.246875 0.695312 0.248438 0.695312 0.250000 0.693750 0.251563 0.693750 0.254688 0.692187 0.256250 0.692187 0.259375 0.690625 0.260937 0.690625 0.262500 0.689063 0.264062 0.689063 0.267188 0.687500 0.268750 0.687500 0.270313 0.685937 0.271875 0.685937 0.273438 0.684375 0.275000 0.684375 0.276562 0.682813 0.278125 0.682813 0.282813 0.681250 0.284375 0.681250 0.287500 0.679688 0.289062 0.679688 0.292187 0.678125 0.293750 0.678125 0.295312 0.676562 0.296875 0.676562 0.298438 0.675000 0.300000 0.675000 0.303125 0.673438 0.304688 0.673438 0.306250 0.671875 0.307812 0.671875 0.309375 0.670312 0.310937 0.670312 0.314063 0.668750 0.315625 0.668750 0.317188 0.667188 0.318750 0.667188 0.320312 0.665625 0.321875 0.665625 0.323437 0.664062 0.325000 0.664062 0.329688 0.662500 0.331250 0.662500 0.332813 0.660937 0.334375 0.660937 0.335938 0.659375 0.337500 0.659375 0.342187 0.657813 0.343750 0.657813 0.346875 0.656250 0.348438 0.656250 0.354687 0.654687 0.356250 0.654687 0.381250 0.656250 0.382812 0.656250 0.389062 0.657813 0.390625 0.657813 0.392188 0.659375 0.393750 0.659375 0.396875 0.660937 0.398438 0.660937 0.400000 0.664062 0.403125 0.664062 0.404687 0.675000 0.415625 0.676562 0.415625 0.679688 0.418750 0.681250 0.418750 0.682813 0.420312 0.684375 0.420312 0.685937 0.421875 0.687500 0.421875 0.689063 0.423438 0.693750 0.423438 0.695312 0.425000 0.737500 0.425000 0.739062 0.426563 0.745313 0.426563 0.746875 0.428125 0.764062 0.428125 0.765625 0.429688 0.771875 0.429688 0.773438 0.431250 0.784375 0.431250 0.785937 0.432812 0.832812 0.432812 0.834375 0.431250 0.845313 0.431250 0.846875 0.429688 0.853125 0.429688 0.854688 0.428125 0.859375 0.428125 0.860938 0.426563 0.862500 0.426563 0.864062 0.425000 0.867188 0.425000 0.870313 0.421875 0.871875 0.421875 0.875000 0.418750 0.876563 0.418750 0.882812 0.412500 0.884375 0.412500 0.900000 0.396875 0.900000 0.395313 0.901563 0.393750 0.901563 0.392188 0.903125 0.390625 0.903125 0.389062 0.904687 0.387500 0.904687 0.384375 0.906250 0.382812 0.906250 0.378125 0.907813 0.376563 0.907813 0.373437 0.909375 0.371875 0.909375 0.364063 0.910937 0.362500 0.910937 0.207813 0.909375 0.206250 0.909375 0.198437 0.907813 0.196875 0.907813 0.193750 0.906250 0.192188 0.906250 0.190625 0.904687 0.189062 0.904687 0.187500 0.903125 0.185938 0.903125 0.184375 0.900000 0.181250 0.900000 0.179688 0.890625 0.170313 0.889062 0.170313 0.885938 0.167187 0.884375 0.167187 0.882812 0.165625 0.881250 0.165625 0.879687 0.164062 0.878125 0.164062 0.876563 0.162500 0.873437 0.162500 0.871875 0.160938 0.867188 0.160938 0.865625 0.159375 0.804688 0.159375 0.803125 0.157812 0.778125 0.157812 0.776563 0.156250
