4 0.168080 0.153125 0.117188 0.153125 0.115625 0.159375 0.090625 0.164062 0.079687 0.171875 0.056250 0.203125 0.042188 0.254688 0.031250 0.267188 0.015625 0.273438 0.015625 0.307812 0.023438 0.310937 0.032813 0.329688 0.035937 0.370312 0.035937 0.385937 0.020313 0.404687 0.015625 0.404687 0.015625 0.415625 0.023438 0.418750 0.039062 0.446875 0.040625 0.471875 0.053125 0.503125 0.053125 0.523438 0.090625 0.543750 0.093750 0.551562 0.190625 0.551562 0.192188 0.545312 0.210938 0.540625 0.309375 0.532813 0.337500 0.520312 0.351562 0.493750 0.357812 0.492188 0.357812 0.475000 0.350000 0.471875 0.284375 0.340625 0.215625 0.229687 0.201563 0.185938 0.176563 0.159375 0.176563 0.153125
4 0.487380 0.134375 0.392188 0.134375 0.390625 0.140625 0.359375 0.146875 0.309375 0.143750 0.292187 0.151562 0.265625 0.181250 0.259375 0.181250 0.259375 0.237500 0.267188 0.240625 0.290625 0.296875 0.317188 0.337500 0.346875 0.398438 0.390625 0.451562 0.470313 0.451562 0.471875 0.445312 0.496875 0.439063 0.517188 0.421875 0.539062 0.384375 0.578125 0.245312 0.595313 0.203125 0.601562 0.201563 0.589063 0.181250 0.559375 0.154688 0.514062 0.148438 0.498437 0.142187 0.495312 0.134375
0 0.165144 0.140625 0.065625 0.140625 0.065625 0.145313 0.034375 0.171875 0.021875 0.207813 0.015625 0.209375 0.015625 0.476562 0.021875 0.478125 0.029687 0.515625 0.043750 0.534375 0.075000 0.551562 0.076563 0.557813 0.160938 0.557813 0.162500 0.551562 0.201563 0.546875 0.271875 0.548438 0.320312 0.542188 0.340625 0.529687 0.351562 0.515625 0.360938 0.490625 0.359375 0.465625 0.332813 0.410938 0.234375 0.242188 0.203125 0.178125 0.173437 0.146875 0.173437 0.140625
0 0.895145 0.121875 0.679688 0.121875 0.676562 0.129688 0.659375 0.139063 0.634375 0.171875 0.571875 0.339062 0.567187 0.350000 0.559375 0.353125 0.559375 0.417187 0.565625 0.417187 0.596875 0.446875 0.631250 0.451562 0.870313 0.445312 0.896875 0.440625 0.918750 0.429688 0.934375 0.412500 0.945312 0.385937 0.951562 0.384375 0.951562 0.254688 0.945312 0.253125 0.939063 0.170313 0.928125 0.150000 0.903125 0.121875
0 0.902973 0.459375 0.675717 0.467367 0.662500 0.465625 0.654687 0.467187 0.435937 0.471875 0.409375 0.479687 0.395313 0.490625 0.384375 0.507812 0.310937 0.723437 0.285642 0.816159 0.304452 0.850017 0.320312 0.860938 0.325000 0.870313 0.771378 0.864341 0.787500 0.864062 0.892188 0.862500 0.921875 0.851562 0.939063 0.837500 0.951562 0.817187 0.957812 0.815625 0.957812 0.693750 0.951562 0.692187 0.951562 0.670312 0.957812 0.668750 0.957812 0.565625 0.951562 0.564063 0.951562 0.521875 0.943750 0.496875 0.910937 0.459375
3 0.282742 0.571875 0.117188 0.571875 0.115625 0.578125 0.090625 0.584375 0.090625 0.726562 0.100000 0.732812 0.103125 0.764062 0.109375 0.771875 0.145313 0.773438 0.167187 0.784375 0.178125 0.776563 0.203125 0.775000 0.221875 0.779687 0.257812 0.776563 0.267188 0.770312 0.284375 0.735938 0.314063 0.642188 0.320312 0.640625 0.320312 0.614062 0.314063 0.612500 0.309375 0.595313 0.290625 0.571875
0 0.562322 0.134375 0.290625 0.134375 0.274803 0.142972 0.253125 0.162500 0.241216 0.200712 0.253125 0.246875 0.259375 0.246875 0.270313 0.264062 0.346875 0.414062 0.365625 0.437500 0.392188 0.451562 0.393750 0.457813 0.478125 0.457813 0.479687 0.451562 0.493750 0.448437 0.514062 0.434375 0.532813 0.407813 0.600000 0.218750 0.607812 0.215625 0.607812 0.181250 0.601562 0.179688 0.596356 0.152372 0.570312 0.139063 0.570312 0.134375
5 0.881250 0.584375 0.857812 0.584375 0.854688 0.592187 0.765625 0.621875 0.765625 0.678125 0.770312 0.678125 0.773438 0.684375 0.782813 0.760938 0.790625 0.792188 0.875000 0.789062 0.881250 0.782813 0.882812 0.773438 0.889062 0.771875 0.889062 0.584375
5 0.756641 0.628125 0.729688 0.628125 0.728125 0.634375 0.696875 0.645312 0.696875 0.787500 0.703125 0.789062 0.707812 0.801562 0.718750 0.807813 0.720313 0.814063 0.723437 0.814063 0.725000 0.807813 0.775000 0.803125 0.782813 0.796875 0.789062 0.796875 0.789062 0.770312 0.784375 0.770312 0.781250 0.765625 0.765625 0.628125
6 0.868750 0.128125 0.845313 0.128125 0.839063 0.139063 0.828125 0.143750 0.760938 0.140625 0.726562 0.150000 0.678125 0.148438 0.656250 0.159375 0.620313 0.214062 0.603125 0.278125 0.579688 0.335938 0.571875 0.339062 0.571875 0.420312 0.604688 0.439063 0.606250 0.445312 0.646875 0.445312 0.648438 0.439063 0.664062 0.437500 0.832812 0.431250 0.856250 0.426563 0.876563 0.409375 0.882812 0.392188 0.906250 0.367188 0.918750 0.278125 0.923438 0.270313 0.945312 0.260937 0.945312 0.250000 0.937500 0.246875 0.926562 0.226562 0.917188 0.168750 0.890625 0.140625 0.879687 0.135937 0.876563 0.128125
0 0.281019 0.565625 0.071875 0.565625 0.035278 0.604784 0.032716 0.824352 0.055773 0.858278 0.081394 0.871081 0.226784 0.868520 0.253684 0.845475 0.318750 0.643750 0.322278 0.625789 0.320312 0.615625 0.314063 0.595313 0.289062 0.565625
5 0.682813 0.648438 0.610938 0.671875 0.543750 0.687500 0.528125 0.698438 0.496875 0.734375 0.475000 0.746875 0.442188 0.756250 0.407813 0.754687 0.390625 0.748437 0.375000 0.728125 0.376563 0.695312 0.371875 0.684375 0.346875 0.670312 0.346875 0.795312 0.353125 0.793750 0.364063 0.775000 0.382812 0.775000 0.396875 0.781250 0.415625 0.775000 0.460938 0.775000 0.490625 0.784375 0.515625 0.773438 0.543750 0.775000 0.557813 0.784375 0.564063 0.814063 0.571875 0.823438 0.575000 0.800000 0.582812 0.789062 0.640625 0.785937 0.656250 0.795312 0.657813 0.825000 0.681250 0.829688 0.689063 0.825000 0.693750 0.810937 0.701562 0.807813 0.701562 0.653125 0.692187 0.648438
5 0.793630 0.478125 0.595313 0.478125 0.593750 0.484375 0.559375 0.487500 0.501563 0.512500 0.435937 0.548438 0.400000 0.578125 0.370312 0.618750 0.335938 0.693750 0.328125 0.696875 0.328125 0.720313 0.378125 0.720313 0.381250 0.707812 0.398438 0.682813 0.412500 0.668750 0.446875 0.650000 0.465625 0.645312 0.529687 0.646875 0.673438 0.596875 0.801562 0.543750 0.801562 0.478125
