4 0.180730 0.196875 0.139063 0.196875 0.139063 0.203125 0.109375 0.231250 0.089063 0.279687 0.084375 0.307812 0.078125 0.309375 0.078125 0.403125 0.084375 0.404687 0.098437 0.460938 0.121875 0.514062 0.134375 0.531250 0.137500 0.550000 0.148438 0.559375 0.184375 0.567187 0.323437 0.564063 0.357812 0.557813 0.395313 0.526563 0.395313 0.479687 0.384375 0.471875 0.296875 0.314063 0.256250 0.226562 0.231250 0.196875 0.206250 0.196875 0.206250 0.201563 0.198437 0.204687 0.190625 0.203125 0.189062 0.196875
0 0.906250 0.478125 0.726562 0.478125 0.721875 0.485938 0.535937 0.496875 0.470313 0.495312 0.453125 0.500000 0.432812 0.520312 0.421875 0.540625 0.356250 0.746875 0.346875 0.753125 0.346875 0.840625 0.387500 0.862500 0.671875 0.862500 0.714063 0.857812 0.745313 0.864062 0.800000 0.864062 0.812500 0.864062 0.912500 0.859375 0.948438 0.839063 0.965625 0.818750 0.970313 0.818750 0.970313 0.745313 0.964063 0.743750 0.962500 0.734375 0.953125 0.537500 0.943750 0.512500 0.914062 0.478125
0 0.575000 0.184375 0.425000 0.190625 0.383867 0.191844 0.327384 0.196880 0.290625 0.231250 0.293927 0.267394 0.300000 0.278125 0.329688 0.328125 0.390625 0.442188 0.417187 0.468750 0.440625 0.476562 0.509375 0.473438 0.529687 0.465625 0.550000 0.443750 0.618750 0.248438 0.625267 0.233577 0.619870 0.213069 0.604761 0.194002 0.582812 0.184375
0 0.883800 0.164191 0.693809 0.174245 0.673698 0.182714 0.664062 0.198437 0.653125 0.215625 0.592187 0.385937 0.582144 0.408691 0.584375 0.442188 0.614062 0.465625 0.634375 0.470313 0.673438 0.470313 0.685937 0.468750 0.878125 0.462500 0.910261 0.458437 0.919786 0.454205 0.940955 0.433036 0.945312 0.404687 0.945312 0.389062 0.940625 0.357812 0.940955 0.265802 0.937500 0.223438 0.933547 0.199119 0.912500 0.171875
0 0.326562 0.584375 0.139063 0.584375 0.137500 0.592187 0.096875 0.625000 0.096875 0.826562 0.103125 0.826562 0.120313 0.851562 0.145313 0.868750 0.148438 0.876563 0.270313 0.876563 0.270313 0.870313 0.295312 0.840625 0.303125 0.795312 0.323437 0.764062 0.360938 0.654687 0.360938 0.618750 0.334375 0.584375
0 0.221448 0.196875 0.139063 0.196875 0.139063 0.201563 0.107813 0.228125 0.090625 0.267188 0.084375 0.303125 0.078125 0.304688 0.078125 0.385937 0.085938 0.390625 0.090625 0.412500 0.101562 0.535937 0.121875 0.560937 0.148438 0.568750 0.323437 0.568750 0.365625 0.562500 0.384375 0.546875 0.393750 0.529687 0.401562 0.526563 0.401562 0.482812 0.393750 0.479687 0.256250 0.228125 0.229687 0.196875
1 0.598437 0.382812 0.592187 0.428125 0.603125 0.437500 0.604688 0.451562 0.626563 0.462500 0.728125 0.460938 0.812500 0.450000 0.848437 0.454688 0.900000 0.446875 0.935937 0.421875 0.920312 0.354687 0.923438 0.342187 0.935937 0.331250 0.943750 0.257812 0.925000 0.245312 0.892188 0.243750 0.875000 0.217188 0.853125 0.206250 0.748437 0.201563 0.735938 0.207813 0.675000 0.210938 0.657813 0.229687 0.623437 0.331250
2 0.320312 0.243750 0.314063 0.278125 0.320312 0.300000 0.334375 0.329688 0.345313 0.335938 0.373437 0.382812 0.409375 0.457813 0.431250 0.468750 0.489063 0.470313 0.523438 0.465625 0.539062 0.453125 0.612500 0.248438 0.607812 0.223438 0.593750 0.209375 0.556250 0.204687 0.365625 0.215625 0.359375 0.221875 0.331250 0.223438
7 0.135937 0.646875 0.134375 0.682813 0.145313 0.706250 0.135937 0.737500 0.164062 0.790625 0.165625 0.784375 0.190625 0.771875 0.279687 0.773438 0.289062 0.779687 0.317188 0.771875 0.357812 0.656250 0.348438 0.609375 0.339062 0.598437 0.326562 0.595313 0.245312 0.593750 0.170313 0.601562 0.153125 0.615625
5 0.410938 0.742188 0.406250 0.764062 0.415625 0.771875 0.479687 0.776563 0.537500 0.771875 0.559375 0.779687 0.564063 0.790625 0.585938 0.781250 0.648438 0.782813 0.662500 0.790625 0.665625 0.818750 0.660937 0.825000 0.671875 0.829688 0.712500 0.831250 0.751563 0.815625 0.818750 0.814063 0.845313 0.795312 0.876563 0.793750 0.881250 0.785937 0.870313 0.709375 0.859375 0.706250 0.528125 0.718750 0.467187 0.748437 0.448437 0.748437 0.418750 0.737500
5 0.418750 0.662500 0.420312 0.671875 0.446875 0.657813 0.487500 0.654687 0.525000 0.671875 0.587500 0.675000 0.870313 0.645312 0.864062 0.501563 0.850000 0.490625 0.714063 0.500000 0.665625 0.493750 0.571875 0.512500 0.518750 0.554688 0.498437 0.587500 0.465625 0.609375
