2 0.576378 0.159375 0.312500 0.159375 0.310937 0.167187 0.290625 0.185938 0.284375 0.185938 0.284375 0.250000 0.292187 0.253125 0.373437 0.418750 0.389062 0.434375 0.409375 0.443750 0.471875 0.445312 0.501563 0.440625 0.518750 0.426563 0.562500 0.326562 0.600000 0.217188 0.607812 0.212500 0.607812 0.187500 0.600000 0.184375 0.584375 0.159375
4 0.193125 0.165625 0.117188 0.165625 0.114062 0.173437 0.089063 0.189062 0.051562 0.210938 0.040625 0.210938 0.040625 0.239063 0.046875 0.240625 0.051562 0.256250 0.050000 0.278125 0.040625 0.282813 0.040625 0.309375 0.053125 0.320312 0.059375 0.364063 0.053125 0.421875 0.071875 0.440625 0.082812 0.468750 0.096875 0.481250 0.107813 0.521875 0.118750 0.539062 0.282813 0.539062 0.287500 0.531250 0.337500 0.521875 0.364063 0.503125 0.364063 0.454688 0.356250 0.451562 0.265625 0.279687 0.232813 0.207813 0.201563 0.165625
7 0.285850 0.565625 0.151562 0.565625 0.150000 0.571875 0.131250 0.581250 0.103125 0.582812 0.103125 0.692187 0.109375 0.693750 0.114062 0.706250 0.112500 0.746875 0.123438 0.770312 0.150000 0.775000 0.160938 0.789062 0.171875 0.789062 0.181250 0.776563 0.257812 0.776563 0.276562 0.767188 0.304688 0.679688 0.314063 0.665625 0.325000 0.621875 0.318750 0.592187 0.293750 0.570312 0.293750 0.565625
1 0.907813 0.146875 0.681250 0.146875 0.681250 0.151562 0.657813 0.170313 0.645312 0.193750 0.598437 0.326562 0.585938 0.354687 0.578125 0.357812 0.578125 0.421875 0.603125 0.439063 0.621875 0.443750 0.889062 0.437500 0.914062 0.428125 0.931250 0.409375 0.939063 0.368750 0.945312 0.367188 0.945312 0.193750 0.939063 0.192188 0.929688 0.165625 0.915625 0.146875
0 0.191964 0.159375 0.087500 0.159375 0.087500 0.165625 0.060937 0.190625 0.046875 0.220312 0.040625 0.221875 0.040625 0.228125 0.046875 0.229687 0.046875 0.271875 0.040625 0.273438 0.040625 0.306250 0.046875 0.307812 0.050000 0.318750 0.050000 0.453125 0.057813 0.503125 0.079687 0.534375 0.112500 0.543750 0.181250 0.539062 0.314063 0.542188 0.334375 0.537500 0.353125 0.523438 0.364063 0.506250 0.370312 0.506250 0.370312 0.457813 0.362500 0.454688 0.317188 0.364063 0.259375 0.265625 0.220312 0.184375 0.200000 0.159375
0 0.909159 0.465625 0.684375 0.465625 0.682813 0.471875 0.670312 0.473438 0.453125 0.475000 0.429688 0.481250 0.404687 0.504687 0.395313 0.520312 0.371875 0.575000 0.343750 0.671875 0.329688 0.703125 0.303223 0.798175 0.307381 0.823100 0.321875 0.840625 0.336483 0.849062 0.356250 0.854688 0.398438 0.857812 0.400000 0.864062 0.915625 0.864062 0.923438 0.851562 0.945312 0.839063 0.957812 0.825000 0.962500 0.792188 0.960938 0.525000 0.946875 0.492188 0.933055 0.479463 0.917188 0.465625
0 0.285750 0.559375 0.093750 0.559375 0.060937 0.600000 0.053125 0.603125 0.053125 0.790625 0.060495 0.807061 0.075566 0.830947 0.109375 0.846875 0.137500 0.851562 0.215625 0.848437 0.239063 0.840625 0.259375 0.820312 0.295312 0.728125 0.326562 0.620313 0.325531 0.622202 0.329169 0.607144 0.326562 0.606250 0.321875 0.590625 0.310981 0.577025 0.293750 0.559375
0 0.570208 0.140625 0.340625 0.140625 0.302400 0.147647 0.290967 0.156475 0.282133 0.161667 0.270700 0.178803 0.261866 0.198536 0.259267 0.218267 0.276417 0.254097 0.365625 0.421875 0.389062 0.443750 0.409975 0.451419 0.425000 0.457813 0.467187 0.457813 0.485328 0.452458 0.516508 0.439995 0.535736 0.416108 0.590625 0.268750 0.609531 0.220864 0.614208 0.213594 0.615767 0.205805 0.614062 0.193750 0.611609 0.178284 0.601216 0.160109 0.587184 0.145570 0.578125 0.140625
0 0.929545 0.134375 0.675000 0.134375 0.675000 0.140625 0.659375 0.154688 0.645312 0.178125 0.629687 0.231250 0.601562 0.287500 0.581250 0.346875 0.571875 0.353125 0.571875 0.418750 0.615625 0.448437 0.675000 0.451562 0.676562 0.457813 0.679688 0.451562 0.687500 0.451562 0.689063 0.457813 0.690625 0.451562 0.868750 0.448437 0.925000 0.432812 0.939063 0.418750 0.943750 0.406250 0.957812 0.392188 0.960078 0.379850 0.959037 0.188819 0.954881 0.162856 0.937500 0.134375
5 0.743750 0.484375 0.610938 0.484375 0.609375 0.490625 0.573438 0.492188 0.551562 0.498437 0.532813 0.517188 0.471875 0.554688 0.403125 0.670312 0.381250 0.703125 0.371875 0.706250 0.371875 0.714063 0.392188 0.714063 0.395313 0.706250 0.431250 0.693750 0.460938 0.693750 0.490625 0.704688 0.515625 0.703125 0.735938 0.651563 0.743750 0.645312 0.745313 0.615625 0.751563 0.614062 0.751563 0.484375
5 0.903041 0.490625 0.618750 0.490625 0.620313 0.496875 0.653125 0.495312 0.678125 0.504687 0.715625 0.501563 0.759375 0.507812 0.765625 0.503125 0.770312 0.509375 0.768750 0.537500 0.762500 0.537500 0.760938 0.521875 0.756250 0.518750 0.748437 0.521875 0.746875 0.529687 0.748437 0.571875 0.742188 0.595313 0.745313 0.645312 0.765625 0.639062 0.778125 0.625000 0.784375 0.626563 0.790625 0.609375 0.782813 0.579688 0.765625 0.553125 0.768750 0.546875 0.778125 0.543750 0.782813 0.546875 0.781250 0.565625 0.789062 0.560937 0.795312 0.568750 0.803125 0.629687 0.851562 0.632812 0.864062 0.645312 0.865625 0.665625 0.853125 0.681250 0.828125 0.690625 0.665625 0.723437 0.514062 0.746875 0.479687 0.770312 0.476562 0.781250 0.521875 0.782813 0.542188 0.796875 0.543750 0.815625 0.562500 0.826562 0.576562 0.823438 0.579688 0.803125 0.592187 0.789062 0.648438 0.792188 0.654687 0.798438 0.654687 0.810937 0.648438 0.817187 0.625000 0.812500 0.614062 0.814063 0.614062 0.820312 0.662500 0.837500 0.715625 0.846875 0.767188 0.831250 0.800000 0.828125 0.823438 0.814063 0.889062 0.815625 0.895312 0.682813 0.912500 0.515625 0.910937 0.490625
