4 0.896614 0.440625 0.759375 0.440625 0.757812 0.446875 0.750000 0.448437 0.695312 0.451562 0.667188 0.465625 0.648438 0.492188 0.640625 0.495312 0.640625 0.531250 0.648438 0.534375 0.792188 0.818750 0.814063 0.846875 0.840625 0.857812 0.842187 0.864062 0.854688 0.864062 0.860938 0.856250 0.931250 0.851562 0.964063 0.826562 0.978125 0.801562 0.967187 0.740625 0.971875 0.709375 0.968750 0.670312 0.989062 0.645312 0.995313 0.645312 0.995313 0.634375 0.984375 0.632812 0.975000 0.625000 0.960938 0.593750 0.950000 0.479687 0.929688 0.454688 0.906250 0.446875 0.904687 0.440625
7 0.868750 0.128125 0.862500 0.146875 0.843750 0.168750 0.770312 0.184375 0.756250 0.193750 0.746875 0.210938 0.734375 0.221875 0.704688 0.304688 0.696875 0.307812 0.696875 0.364063 0.704688 0.367188 0.712500 0.389062 0.726562 0.407813 0.781250 0.412500 0.787500 0.420312 0.853125 0.420312 0.854688 0.414062 0.884375 0.404687 0.904687 0.392188 0.935937 0.353125 0.946875 0.321875 0.948438 0.289062 0.960938 0.276562 0.943750 0.268750 0.921875 0.234375 0.914062 0.217188 0.909375 0.179688 0.878125 0.135937 0.878125 0.128125
1 0.389000 0.553125 0.200000 0.553125 0.198437 0.559375 0.114062 0.562500 0.090625 0.575000 0.064062 0.604688 0.059375 0.604688 0.059375 0.635938 0.067187 0.639062 0.073438 0.659375 0.067187 0.682813 0.059375 0.685937 0.059375 0.782813 0.067187 0.787500 0.068750 0.828125 0.078125 0.843750 0.093750 0.854688 0.110937 0.859375 0.232813 0.862500 0.296875 0.857812 0.332813 0.842187 0.340625 0.831250 0.351562 0.787500 0.370312 0.764062 0.400000 0.675000 0.425000 0.617188 0.423438 0.592187 0.396875 0.553125
0 0.868358 0.440534 0.818045 0.439966 0.809375 0.440625 0.798438 0.443750 0.707812 0.445312 0.680597 0.453212 0.664062 0.464062 0.650708 0.479452 0.640625 0.492188 0.643236 0.530270 0.648438 0.537500 0.696875 0.626563 0.792188 0.820312 0.814063 0.846875 0.848437 0.857812 0.861970 0.858436 0.887761 0.858195 0.895312 0.857812 0.932836 0.855064 0.950672 0.842298 0.965625 0.818750 0.975981 0.797742 0.971875 0.675000 0.978125 0.645312 0.974294 0.499723 0.971762 0.477866 0.946695 0.453059 0.903125 0.440625 0.890292 0.440775
0 0.680256 0.126131 0.050123 0.126500 0.037386 0.141541 0.026966 0.166994 0.034375 0.492188 0.043464 0.501686 0.065625 0.520312 0.101562 0.532813 0.114672 0.531766 0.156355 0.534658 0.170313 0.532813 0.266164 0.530045 0.404687 0.528125 0.542188 0.525000 0.583678 0.516352 0.607056 0.495408 0.632812 0.428125 0.671875 0.317188 0.709375 0.187500 0.709375 0.157812 0.700627 0.136027
0 0.108597 0.553205 0.091370 0.555288 0.079687 0.557813 0.055044 0.578491 0.040570 0.609728 0.046875 0.832812 0.053306 0.848053 0.065464 0.861936 0.073569 0.872348 0.101562 0.876563 0.317188 0.876563 0.331767 0.865408 0.343750 0.851562 0.357812 0.823438 0.365625 0.793750 0.382812 0.762500 0.404687 0.692187 0.426563 0.643750 0.431936 0.627053 0.432770 0.625387 0.436937 0.617198 0.436798 0.600956 0.434577 0.592073 0.431381 0.582772 0.419156 0.568336 0.394705 0.549319 0.139994 0.553067 0.135937 0.553125 0.131250 0.553125 0.127352 0.551956 0.123600 0.553483 0.121875 0.553125 0.117070 0.552789
0 0.771059 0.125244 0.763025 0.139102 0.751563 0.159375 0.743750 0.182812 0.706388 0.294952 0.690625 0.326562 0.683534 0.369911 0.690625 0.400000 0.725000 0.423438 0.742655 0.425511 0.757559 0.428489 0.770477 0.427000 0.782813 0.425000 0.806250 0.423438 0.829688 0.425000 0.841522 0.427000 0.872761 0.429128 0.900147 0.428986 0.917188 0.425000 0.940625 0.415625 0.953125 0.404687 0.973437 0.351562 0.975000 0.298438 0.978644 0.283066 0.978644 0.225977 0.975000 0.215625 0.968750 0.159375 0.943080 0.124113
5 0.332670 0.128125 0.253125 0.128125 0.253125 0.312500 0.329688 0.304688 0.512500 0.275000 0.575000 0.234375 0.601562 0.228125 0.648438 0.229687 0.662500 0.210938 0.659375 0.189062 0.642188 0.179688 0.342187 0.134375 0.340625 0.128125
0 0.602791 0.546875 0.496875 0.546875 0.487477 0.557898 0.471875 0.579688 0.404687 0.754687 0.397162 0.774852 0.392823 0.815073 0.398127 0.844698 0.415481 0.862280 0.438380 0.869745 0.454688 0.870313 0.622770 0.868059 0.646152 0.866373 0.709063 0.863484 0.735094 0.849033 0.751563 0.828125 0.758234 0.801105 0.751563 0.767188 0.742084 0.752934 0.651212 0.582256 0.638920 0.565156 0.621083 0.551909 0.610938 0.546875
5 0.245170 0.159375 0.165625 0.159375 0.165625 0.225000 0.170313 0.225000 0.175000 0.232813 0.185938 0.326562 0.214062 0.326562 0.214062 0.321875 0.218750 0.318750 0.242188 0.315625 0.250000 0.309375 0.257812 0.237500 0.264062 0.235937 0.264062 0.176563 0.256250 0.173437 0.253125 0.159375
2 0.606042 0.553125 0.493750 0.553125 0.476562 0.578125 0.420312 0.734375 0.410938 0.754687 0.403737 0.767248 0.403125 0.782813 0.404427 0.800339 0.404772 0.816884 0.406497 0.819642 0.414086 0.828603 0.417536 0.834464 0.423400 0.842047 0.434375 0.839063 0.439063 0.843750 0.451562 0.848437 0.500000 0.848437 0.560937 0.840625 0.593750 0.845313 0.676562 0.842187 0.709375 0.832812 0.729688 0.809375 0.735938 0.793750 0.735938 0.775000 0.729688 0.759375 0.664062 0.643750 0.632812 0.576562 0.614062 0.553125
5 0.152678 0.184375 0.103125 0.184375 0.103125 0.417187 0.109375 0.418750 0.109375 0.429688 0.103125 0.431250 0.103125 0.504687 0.115625 0.510938 0.164062 0.510938 0.178125 0.507812 0.185938 0.500000 0.182812 0.393750 0.176563 0.387500 0.145313 0.384375 0.125000 0.362500 0.128125 0.346875 0.135937 0.339062 0.178125 0.325000 0.184375 0.315625 0.176563 0.246875 0.160938 0.184375
5 0.522188 0.315625 0.485938 0.315625 0.481250 0.323437 0.364063 0.350000 0.221875 0.375000 0.221875 0.510938 0.265625 0.510938 0.287500 0.518750 0.312500 0.518750 0.348438 0.510938 0.412500 0.506250 0.473438 0.485938 0.492188 0.470313 0.570312 0.371875 0.589063 0.339062 0.590625 0.315625 0.585938 0.315625 0.584375 0.321875 0.562500 0.325000 0.535937 0.323437 0.531250 0.315625
