7 0.341797 0.096875 0.317188 0.096875 0.312500 0.104688 0.226562 0.129688 0.217188 0.139063 0.198437 0.181250 0.190625 0.184375 0.190625 0.256250 0.215625 0.275000 0.246875 0.289062 0.281250 0.300000 0.309375 0.301563 0.340625 0.321875 0.370312 0.331250 0.373437 0.339062 0.396875 0.339062 0.400000 0.331250 0.421875 0.317188 0.432812 0.292187 0.439063 0.290625 0.439063 0.223438 0.432812 0.221875 0.431250 0.164062 0.404687 0.129688 0.378125 0.112500 0.353125 0.104688 0.350000 0.096875
0 0.818164 0.278125 0.759375 0.278125 0.753125 0.289062 0.721875 0.307812 0.595313 0.367188 0.553125 0.392188 0.553125 0.521875 0.615625 0.553125 0.775000 0.610938 0.779687 0.620313 0.817187 0.620313 0.821875 0.604688 0.840625 0.592187 0.851562 0.562500 0.857812 0.560937 0.857812 0.550000 0.851562 0.548438 0.850000 0.540625 0.851562 0.528125 0.857812 0.526563 0.857812 0.437500 0.851562 0.435937 0.848437 0.381250 0.851562 0.329688 0.826562 0.278125
4 0.658855 0.040625 0.639062 0.040625 0.629687 0.053125 0.589063 0.065625 0.490625 0.071875 0.465625 0.103125 0.459375 0.104688 0.459375 0.334375 0.465625 0.334375 0.475000 0.351562 0.500000 0.368750 0.503125 0.376563 0.531250 0.376563 0.539062 0.367188 0.742188 0.271875 0.839063 0.212500 0.839063 0.153125 0.832812 0.151562 0.817187 0.114062 0.787500 0.095312 0.757812 0.062500 0.748437 0.040625 0.717187 0.040625 0.712500 0.050000 0.695312 0.056250 0.676562 0.051562 0.668750 0.040625
0 0.573438 0.053125 0.501563 0.059375 0.476806 0.071612 0.459375 0.092188 0.455402 0.334380 0.471341 0.363980 0.493750 0.375000 0.514148 0.384017 0.534375 0.376563 0.596875 0.350000 0.770312 0.262500 0.822175 0.234597 0.845313 0.214062 0.850706 0.200498 0.845313 0.098437 0.830631 0.076975 0.802163 0.064055 0.764062 0.059375 0.682813 0.054688 0.635938 0.053125 0.621875 0.053125 0.603125 0.053125
2 0.806063 0.304322 0.789667 0.296581 0.761433 0.302502 0.584736 0.387661 0.566975 0.405422 0.561966 0.420905 0.561511 0.496047 0.566520 0.512897 0.576084 0.526559 0.596122 0.532480 0.774184 0.598513 0.791489 0.603522 0.816081 0.592592 0.827011 0.570278 0.827466 0.556616 0.827011 0.537944 0.828377 0.514719 0.827922 0.489216 0.825644 0.342120 0.822456 0.316619
0 0.398312 0.059375 0.207813 0.059375 0.204687 0.067187 0.181250 0.076563 0.157812 0.103125 0.153125 0.103125 0.153125 0.257812 0.181250 0.276562 0.370312 0.339062 0.371875 0.345313 0.390625 0.345313 0.392188 0.339062 0.418750 0.326562 0.439063 0.295312 0.445312 0.293750 0.445312 0.107813 0.437500 0.104688 0.428125 0.084375 0.407813 0.067187 0.406250 0.059375
0 0.229687 0.309375 0.175000 0.309375 0.148438 0.350000 0.140625 0.353125 0.140625 0.876563 0.148438 0.879687 0.153125 0.893750 0.171875 0.912500 0.178125 0.928125 0.198437 0.937500 0.290625 0.942187 0.301563 0.945312 0.303125 0.951562 0.482812 0.951562 0.485938 0.943750 0.510938 0.925000 0.526563 0.892188 0.520312 0.850000 0.525000 0.732812 0.520312 0.620313 0.531250 0.478125 0.526563 0.435937 0.509375 0.412500 0.489063 0.400000 0.246875 0.320312 0.237500 0.309375
6 0.629687 0.584375 0.582812 0.584375 0.582812 0.590625 0.573438 0.600000 0.559375 0.606250 0.559375 0.854688 0.578125 0.867188 0.693750 0.864062 0.734375 0.868750 0.739062 0.876563 0.779687 0.876563 0.782813 0.865625 0.800000 0.846875 0.793750 0.757812 0.804688 0.709375 0.814063 0.703125 0.814063 0.667188 0.759375 0.637500 0.640625 0.592187 0.637500 0.584375
0 0.637327 0.578125 0.573438 0.578125 0.559375 0.596875 0.553125 0.596875 0.553125 0.914062 0.559375 0.914062 0.578125 0.932813 0.578125 0.939063 0.815625 0.939063 0.818750 0.931250 0.839063 0.920312 0.854688 0.887500 0.860938 0.704688 0.853125 0.681250 0.834375 0.659375 0.812500 0.646875 0.651563 0.587500 0.645312 0.578125
5 0.196592 0.380266 0.149411 0.702817 0.179180 0.707311 0.322973 0.713489 0.364539 0.719669 0.360606 0.553408 0.340947 0.530378 0.329152 0.505102 0.327467 0.466906 0.352181 0.421409 0.303875 0.405683 0.262311 0.373666 0.224116 0.367488 0.207264 0.373666
5 0.401609 0.548773 0.413967 0.721916 0.413967 0.721916 0.495975 0.722477 0.498222 0.716859 0.502714 0.669678 0.503838 0.621934 0.483055 0.546105 0.425762 0.480387 0.418461 0.520830
5 0.193784 0.711103 0.194345 0.817964 0.201647 0.824144 0.272983 0.818527 0.370155 0.816280 0.366223 0.720230 0.312862 0.711242
5 0.424639 0.816700 0.486988 0.816280 0.492042 0.805045 0.515633 0.807855 0.530800 0.793813 0.527991 0.773591 0.512264 0.739889 0.497659 0.721353 0.415652 0.724163
5 0.207827 0.824564 0.197716 0.841556 0.201647 0.858969 0.203333 0.861777 0.226363 0.861777 0.255570 0.858406 0.288709 0.860653 0.374648 0.873011 0.371841 0.816841 0.281970 0.814594
5 0.428572 0.880312 0.470136 0.887053 0.485302 0.881997 0.495413 0.864584 0.494852 0.858406 0.515633 0.860653 0.520127 0.809539 0.490358 0.803361 0.468452 0.816841 0.424639 0.815717
