2 0.216406 0.353125 0.173437 0.353125 0.168750 0.362500 0.146875 0.378125 0.146875 0.692187 0.154688 0.695312 0.165625 0.712500 0.190625 0.726562 0.228125 0.723437 0.339062 0.664062 0.387500 0.645312 0.448437 0.609375 0.470313 0.581250 0.476562 0.579688 0.476562 0.478125 0.435937 0.446875 0.371875 0.421875 0.323437 0.389062 0.254688 0.373437 0.228125 0.360938 0.225000 0.353125
7 0.632812 0.646875 0.614062 0.646875 0.614062 0.653125 0.596875 0.670312 0.592187 0.684375 0.584375 0.687500 0.584375 0.843750 0.657813 0.857812 0.682813 0.868750 0.701562 0.867188 0.728125 0.854688 0.746875 0.834375 0.759375 0.812500 0.767188 0.787500 0.768750 0.703125 0.753125 0.690625 0.723437 0.684375 0.695312 0.670312 0.645312 0.654687 0.642188 0.646875
0 0.642947 0.643856 0.607812 0.646875 0.587500 0.678125 0.584375 0.696875 0.575508 0.830202 0.584453 0.886586 0.595313 0.907813 0.629184 0.916841 0.668750 0.912500 0.779687 0.892188 0.799159 0.887273 0.812923 0.876959 0.832812 0.839063 0.839063 0.757812 0.839063 0.731250 0.829688 0.707812 0.812500 0.695312 0.759375 0.676562 0.678125 0.654687
0 0.467117 0.003125 0.128125 0.003125 0.128125 0.270313 0.132812 0.270313 0.161770 0.298073 0.182313 0.310705 0.232813 0.331250 0.382812 0.400000 0.429688 0.407813 0.459375 0.396875 0.478125 0.378125 0.485938 0.353125 0.487500 0.200000 0.489063 0.189062 0.492227 0.034223 0.475000 0.003125
0 0.219922 0.340625 0.162500 0.340625 0.128125 0.373437 0.128125 0.695312 0.150000 0.721875 0.181250 0.739062 0.218750 0.739062 0.335938 0.673438 0.420312 0.632812 0.464062 0.601562 0.478125 0.573438 0.481250 0.484375 0.473438 0.462500 0.459375 0.445312 0.407813 0.420312 0.256250 0.360938 0.231250 0.348438
5 0.609375 0.196875 0.515625 0.196875 0.515625 0.273438 0.751563 0.301563 0.807813 0.306250 0.821875 0.303125 0.832812 0.257812 0.832812 0.242188 0.826562 0.232813 0.625000 0.204687 0.618750 0.203125 0.617188 0.196875
5 0.539062 0.071875 0.515625 0.071875 0.515625 0.196875 0.609375 0.200000 0.735938 0.220312 0.781250 0.225000 0.803125 0.221875 0.806250 0.131250 0.801562 0.123438 0.621875 0.100000 0.559375 0.084375 0.550000 0.079687 0.546875 0.071875
0 0.531250 0.009375 0.512500 0.046875 0.509375 0.084375 0.503125 0.567187 0.509375 0.567187 0.539062 0.589063 0.723437 0.650000 0.778125 0.670312 0.779687 0.676562 0.795312 0.676562 0.796875 0.670312 0.814063 0.664062 0.829688 0.650000 0.845313 0.609375 0.865625 0.206250 0.870313 0.162500 0.870313 0.085938 0.853125 0.059375 0.832812 0.046875 0.676562 0.020313 0.659375 0.015625
5 0.532813 0.303125 0.531250 0.309375 0.515625 0.310937 0.515625 0.479687 0.521875 0.481250 0.532813 0.506250 0.582812 0.554688 0.646875 0.593750 0.739062 0.631250 0.743750 0.639062 0.770312 0.626563 0.778125 0.617188 0.784375 0.595313 0.785937 0.556250 0.801562 0.492188 0.815625 0.385937 0.818750 0.378125 0.826562 0.375000 0.826562 0.310937 0.818750 0.309375 0.817187 0.303125 0.759375 0.303125 0.756250 0.310937 0.729688 0.320312 0.631250 0.323437 0.570312 0.317188 0.548438 0.309375 0.546875 0.303125
5 0.604063 0.278125 0.528125 0.278125 0.528125 0.282813 0.521875 0.284375 0.521875 0.304688 0.553125 0.309375 0.585938 0.320312 0.635938 0.323437 0.720313 0.321875 0.773438 0.314063 0.773438 0.303125 0.620313 0.285938 0.614062 0.284375 0.612500 0.278125
0 0.524583 0.613602 0.471875 0.615625 0.459375 0.629687 0.296875 0.714063 0.159375 0.796875 0.139063 0.820312 0.144792 0.941667 0.174930 0.970159 0.270056 0.965108 0.304819 0.960686 0.514062 0.934375 0.545312 0.918750 0.556250 0.906250 0.567187 0.878125 0.575000 0.845313 0.573438 0.810937 0.576562 0.798438 0.582812 0.796875 0.575000 0.771875 0.575000 0.714063 0.565625 0.651563 0.548438 0.615625
4 0.518125 0.615625 0.484375 0.615625 0.481250 0.623437 0.400000 0.657813 0.362500 0.685937 0.259375 0.748437 0.226562 0.764062 0.204687 0.768750 0.140625 0.817187 0.140625 0.926562 0.178125 0.929688 0.187500 0.925000 0.210938 0.928125 0.231250 0.923438 0.332813 0.923438 0.359375 0.928125 0.367188 0.932813 0.367188 0.939063 0.387500 0.939063 0.390625 0.931250 0.404687 0.925000 0.451562 0.928125 0.464062 0.923438 0.514062 0.923438 0.534375 0.910937 0.551562 0.914062 0.575000 0.843750 0.575000 0.796875 0.582812 0.790625 0.575000 0.781250 0.575000 0.757812 0.582812 0.753125 0.582812 0.693750 0.576562 0.693750 0.564063 0.681250 0.545312 0.634375 0.528125 0.621875 0.526563 0.615625
1 0.139063 0.031250 0.142187 0.160938 0.137500 0.226562 0.142187 0.240625 0.137500 0.254688 0.153125 0.279687 0.185938 0.304688 0.384375 0.390625 0.434375 0.400000 0.462500 0.387500 0.478125 0.362500 0.482812 0.334375 0.478125 0.321875 0.476562 0.081250 0.471875 0.050000 0.459375 0.028125 0.421875 0.006250 0.371875 0.000000 0.151562 0.000000
