0 0.707516 0.028125 0.545312 0.028125 0.545312 0.034375 0.528125 0.050000 0.521875 0.062500 0.515625 0.120313 0.509375 0.121875 0.509375 0.584375 0.517188 0.587500 0.532813 0.610938 0.546875 0.618750 0.762500 0.689063 0.792188 0.700000 0.795312 0.707812 0.829688 0.707812 0.862500 0.668750 0.870313 0.626563 0.876563 0.625000 0.876563 0.054688 0.726562 0.035937 0.717187 0.034375 0.715625 0.028125
7 0.214688 0.390625 0.179688 0.390625 0.160938 0.415625 0.142187 0.478125 0.134375 0.481250 0.134375 0.540625 0.140625 0.542188 0.159375 0.581250 0.176563 0.589063 0.178125 0.607812 0.193750 0.640625 0.221875 0.651563 0.239063 0.682813 0.256250 0.682813 0.259375 0.668750 0.282813 0.668750 0.298438 0.676562 0.300000 0.682813 0.315625 0.682813 0.317188 0.676562 0.331250 0.671875 0.348438 0.657813 0.375000 0.648438 0.426563 0.609375 0.446875 0.601562 0.451562 0.573438 0.451562 0.512500 0.440625 0.492188 0.378125 0.459375 0.303125 0.428125 0.259375 0.417187 0.226562 0.398438 0.223438 0.390625
3 0.666927 0.684375 0.626563 0.684375 0.626563 0.690625 0.607812 0.701562 0.593750 0.720313 0.590625 0.759375 0.587500 0.767188 0.578125 0.771875 0.578125 0.926562 0.635938 0.931250 0.653125 0.945312 0.659375 0.940625 0.689063 0.940625 0.807813 0.915625 0.826562 0.898438 0.839063 0.875000 0.848437 0.798438 0.851562 0.790625 0.857812 0.789062 0.857812 0.765625 0.821875 0.739062 0.678125 0.692187 0.675000 0.684375
0 0.219642 0.384375 0.168750 0.384375 0.142187 0.425000 0.134375 0.428125 0.134375 0.668750 0.142187 0.675000 0.151562 0.725000 0.182812 0.753125 0.182812 0.757812 0.231250 0.757812 0.232813 0.751563 0.446875 0.648438 0.475000 0.618750 0.482812 0.584375 0.489063 0.582812 0.489063 0.534375 0.482812 0.532813 0.475000 0.507812 0.453125 0.482812 0.231250 0.392188 0.228125 0.384375
0 0.407617 0.003125 0.159375 0.003125 0.159375 0.009375 0.134375 0.031250 0.134375 0.309375 0.140625 0.309375 0.157812 0.331250 0.179688 0.345313 0.221875 0.364063 0.400000 0.431250 0.403125 0.439063 0.445312 0.439063 0.445312 0.434375 0.473438 0.410938 0.482812 0.379688 0.487500 0.076563 0.467187 0.035937 0.440625 0.015625 0.417187 0.009375 0.415625 0.003125
5 0.550781 0.340625 0.521875 0.350000 0.521875 0.465625 0.529687 0.468750 0.553125 0.525000 0.578125 0.546875 0.617188 0.596875 0.651563 0.618750 0.754687 0.678125 0.812500 0.689063 0.814063 0.695312 0.828125 0.695312 0.843750 0.664062 0.859375 0.646875 0.870313 0.556250 0.876563 0.554688 0.876563 0.340625 0.621875 0.340625 0.620313 0.346875 0.612500 0.348438 0.568750 0.348438 0.560937 0.346875 0.559375 0.340625
5 0.621875 0.146875 0.528125 0.146875 0.528125 0.281250 0.537500 0.287500 0.546875 0.332813 0.564063 0.345313 0.565625 0.351562 0.626563 0.351562 0.628125 0.345313 0.648438 0.342187 0.853125 0.337500 0.857812 0.332813 0.868750 0.260937 0.876563 0.254688 0.876563 0.182812 0.825000 0.173437 0.653125 0.160938 0.632812 0.154688 0.629687 0.146875
0 0.668230 0.684375 0.626563 0.684375 0.623437 0.692187 0.600000 0.707812 0.590625 0.723437 0.585938 0.782813 0.584564 0.796783 0.582817 0.937034 0.615625 0.946875 0.648438 0.950000 0.653023 0.952120 0.660937 0.950000 0.771875 0.939063 0.822777 0.927253 0.843384 0.902098 0.848275 0.870656 0.852816 0.826988 0.857812 0.825000 0.857812 0.760938 0.818750 0.735938 0.679688 0.692187 0.676562 0.684375
0 0.531770 0.646875 0.487500 0.646875 0.485938 0.653125 0.226562 0.781250 0.153125 0.823438 0.153125 0.950000 0.157812 0.950000 0.182812 0.976562 0.203125 0.985938 0.207813 0.982812 0.212500 0.989062 0.257812 0.978125 0.385937 0.978125 0.540625 0.957812 0.560937 0.923438 0.570312 0.873437 0.576562 0.871875 0.576562 0.684375 0.568750 0.681250 0.540625 0.646875
4 0.533789 0.653125 0.475000 0.653125 0.471875 0.660937 0.203125 0.793750 0.175000 0.809375 0.159375 0.825000 0.153125 0.825000 0.153125 0.934375 0.160938 0.929688 0.176563 0.934375 0.198437 0.929688 0.212500 0.951562 0.206250 0.959375 0.185938 0.967187 0.201563 0.995313 0.217188 0.995313 0.218750 0.987500 0.256250 0.975000 0.326562 0.968750 0.382812 0.978125 0.421875 0.975000 0.459375 0.959375 0.490625 0.957812 0.503125 0.939063 0.531250 0.928125 0.548438 0.929688 0.560937 0.918750 0.570312 0.864062 0.576562 0.862500 0.576562 0.815625 0.570312 0.814063 0.568750 0.804688 0.570312 0.785937 0.576562 0.784375 0.576562 0.692187 0.570312 0.690625 0.564063 0.675000 0.545312 0.660937 0.542188 0.653125
1 0.298020 0.015625 0.182812 0.015625 0.150000 0.054688 0.140625 0.059375 0.140625 0.290625 0.146875 0.292187 0.160938 0.320312 0.193750 0.343750 0.365625 0.409375 0.406250 0.426563 0.407813 0.432812 0.435937 0.432812 0.437500 0.426563 0.464062 0.407813 0.478125 0.379688 0.479687 0.085938 0.464062 0.053125 0.439063 0.034375 0.423438 0.029687 0.318750 0.023438 0.307812 0.021875 0.306250 0.015625
5 0.660937 0.084375 0.528125 0.084375 0.528125 0.182812 0.532813 0.182812 0.537500 0.157812 0.565625 0.143750 0.600000 0.145313 0.696875 0.165625 0.828125 0.175000 0.870313 0.170313 0.860938 0.165625 0.862500 0.139063 0.870313 0.135937 0.870313 0.126562 0.851562 0.112500 0.821875 0.106250 0.700000 0.096875 0.670312 0.090625 0.668750 0.084375
5 0.546875 0.515625 0.546875 0.550000 0.551562 0.550000 0.556250 0.554688 0.562500 0.564063 0.584375 0.584375 0.584375 0.589063 0.607812 0.589063 0.607812 0.576562 0.603125 0.576562 0.600000 0.573438 0.600000 0.570312 0.596875 0.567187 0.595313 0.562500 0.584375 0.550000 0.584375 0.548438 0.559375 0.523438 0.557813 0.515625
