7 0.667500 0.684375 0.631250 0.684375 0.604688 0.717187 0.596875 0.720313 0.596875 0.881250 0.653125 0.892188 0.679688 0.890625 0.704688 0.918750 0.748437 0.935937 0.768750 0.939063 0.773438 0.945312 0.775000 0.939063 0.795312 0.929688 0.806250 0.917188 0.804688 0.867188 0.826562 0.820312 0.826562 0.798438 0.818750 0.776563 0.825000 0.768750 0.839063 0.767188 0.839063 0.753125 0.814063 0.745313 0.782813 0.726562 0.729688 0.712500 0.679688 0.692187 0.676562 0.684375
5 0.565625 0.253125 0.546875 0.253125 0.545312 0.259375 0.528125 0.264062 0.528125 0.414062 0.535937 0.418750 0.548438 0.465625 0.567187 0.498437 0.681250 0.615625 0.726562 0.631250 0.792188 0.639062 0.820312 0.648438 0.831250 0.646875 0.856250 0.584375 0.870313 0.528125 0.876563 0.526563 0.876563 0.306250 0.828125 0.300000 0.775000 0.301563 0.712500 0.292187 0.578125 0.260937 0.575000 0.253125
5 0.616250 0.065625 0.581250 0.065625 0.568750 0.084375 0.540625 0.089063 0.540625 0.160938 0.603125 0.162500 0.793750 0.187500 0.842187 0.185938 0.854688 0.178125 0.857812 0.112500 0.850000 0.100000 0.832812 0.100000 0.810937 0.110937 0.767188 0.107813 0.657813 0.085938 0.628125 0.073438 0.625000 0.065625
0 0.437370 0.003125 0.159375 0.003125 0.140625 0.029687 0.128125 0.037500 0.128125 0.273438 0.135937 0.278125 0.145313 0.309375 0.162500 0.328125 0.200000 0.348438 0.246875 0.364063 0.292187 0.387500 0.384375 0.423438 0.390625 0.432812 0.448437 0.432812 0.453125 0.423438 0.475000 0.409375 0.487500 0.378125 0.487500 0.287500 0.489063 0.279687 0.495312 0.278125 0.495312 0.243750 0.489063 0.242188 0.487500 0.234375 0.489063 0.214062 0.495312 0.212500 0.495312 0.142187 0.489063 0.137500 0.495312 0.135937 0.495312 0.118750 0.489063 0.117188 0.487500 0.067187 0.481250 0.048438 0.445312 0.003125
4 0.531250 0.646875 0.484375 0.646875 0.481250 0.654687 0.418750 0.678125 0.365625 0.710938 0.220312 0.782813 0.170313 0.817187 0.153125 0.818750 0.153125 0.871875 0.175000 0.884375 0.184375 0.918750 0.206250 0.925000 0.240625 0.925000 0.245312 0.929688 0.264062 0.923438 0.357812 0.923438 0.379688 0.948438 0.400000 0.925000 0.495312 0.925000 0.514062 0.929688 0.551562 0.915625 0.568750 0.881250 0.575000 0.825000 0.582812 0.818750 0.582812 0.693750 0.576562 0.692187 0.539062 0.646875
6 0.360156 0.000000 0.317188 0.000000 0.298438 0.028125 0.285938 0.035937 0.270313 0.035937 0.240625 0.018750 0.171875 0.034375 0.146875 0.078125 0.140625 0.079687 0.140625 0.103125 0.146875 0.104688 0.150000 0.115625 0.150000 0.142187 0.140625 0.148438 0.140625 0.175000 0.148438 0.178125 0.153125 0.192188 0.157812 0.275000 0.168750 0.301563 0.189062 0.328125 0.204687 0.339062 0.281250 0.368750 0.317188 0.390625 0.348438 0.395313 0.389062 0.412500 0.417187 0.418750 0.439063 0.414062 0.459375 0.403125 0.476562 0.376563 0.481250 0.304688 0.487500 0.279687 0.487500 0.232813 0.495312 0.228125 0.495312 0.214062 0.489063 0.212500 0.482812 0.182812 0.481250 0.076563 0.473438 0.051562 0.457813 0.031250 0.407813 0.014063 0.396875 0.000000 0.368750 0.000000
0 0.535045 0.646875 0.482812 0.646875 0.479687 0.654687 0.454688 0.662500 0.398438 0.696875 0.268750 0.754687 0.175000 0.807813 0.154688 0.834375 0.146875 0.837500 0.146875 0.875000 0.154688 0.878125 0.159375 0.907813 0.175000 0.937500 0.214062 0.964063 0.314063 0.967187 0.323437 0.970313 0.325000 0.976562 0.337500 0.976562 0.339062 0.970313 0.356250 0.965625 0.365625 0.965625 0.381250 0.976562 0.382812 0.970313 0.448437 0.957812 0.500000 0.959375 0.548438 0.942187 0.567187 0.912500 0.576562 0.831250 0.582812 0.829688 0.582812 0.690625 0.573438 0.685937 0.543750 0.646875
0 0.230664 0.378125 0.171875 0.378125 0.171875 0.384375 0.140625 0.410938 0.140625 0.651563 0.146875 0.653125 0.151562 0.714063 0.159375 0.729688 0.176563 0.746875 0.207813 0.760938 0.239063 0.754687 0.445312 0.650000 0.464062 0.634375 0.482812 0.593750 0.489063 0.592187 0.489063 0.509375 0.481250 0.506250 0.473438 0.489063 0.459375 0.475000 0.431250 0.459375 0.351562 0.432812 0.245312 0.387500 0.239063 0.378125
5 0.606094 0.159375 0.534375 0.159375 0.534375 0.209375 0.600000 0.220312 0.682813 0.253125 0.787500 0.275000 0.856250 0.300000 0.876563 0.300000 0.876563 0.192188 0.846875 0.187500 0.754687 0.185938 0.621875 0.167187 0.615625 0.165625 0.614062 0.159375
0 0.849959 0.009375 0.551562 0.009375 0.551562 0.015625 0.528125 0.046875 0.523438 0.071875 0.528125 0.109375 0.523438 0.271875 0.517188 0.309375 0.509375 0.315625 0.509375 0.581250 0.514062 0.581250 0.523438 0.598437 0.546875 0.617188 0.828125 0.717187 0.850000 0.714063 0.864062 0.703125 0.871875 0.689063 0.876563 0.689063 0.876563 0.018750 0.862500 0.017188 0.857812 0.009375
1 0.231920 0.384375 0.179688 0.384375 0.171875 0.396875 0.161327 0.431148 0.169400 0.576389 0.172336 0.631405 0.174537 0.701092 0.180409 0.717230 0.196556 0.730433 0.206831 0.730433 0.235455 0.737034 0.261878 0.728233 0.281250 0.721875 0.340625 0.690625 0.389062 0.671875 0.442188 0.640625 0.460938 0.623437 0.470313 0.606250 0.476562 0.550000 0.475455 0.536778 0.482812 0.521875 0.476562 0.520312 0.473438 0.496875 0.454688 0.476562 0.415625 0.457813 0.292187 0.415625 0.243750 0.392188 0.240625 0.384375
0 0.688281 0.684375 0.628125 0.684375 0.628125 0.689063 0.606250 0.707812 0.596875 0.729688 0.590625 0.731250 0.590625 0.931250 0.609375 0.943750 0.635938 0.951562 0.637500 0.957812 0.670312 0.957812 0.671875 0.951562 0.700000 0.948438 0.795312 0.950000 0.818750 0.946875 0.840625 0.937500 0.853125 0.926562 0.868750 0.898438 0.876563 0.895312 0.876563 0.760938 0.810937 0.728125 0.700000 0.692187 0.696875 0.684375
