0 0.679688 0.671875 0.617188 0.671875 0.615625 0.679688 0.584375 0.703125 0.584375 0.943750 0.604688 0.954688 0.609375 0.964063 0.687500 0.964063 0.689063 0.957812 0.762500 0.953125 0.812500 0.954688 0.845313 0.943750 0.865625 0.918750 0.870313 0.857812 0.876563 0.856250 0.876563 0.751563 0.831250 0.728125 0.690625 0.679688 0.687500 0.671875
0 0.207292 0.353125 0.140625 0.353125 0.139063 0.360938 0.128125 0.364063 0.128125 0.723437 0.134375 0.723437 0.162500 0.745313 0.185938 0.751563 0.220312 0.743750 0.321875 0.687500 0.385937 0.660937 0.434375 0.632812 0.459375 0.606250 0.467187 0.587500 0.470313 0.553125 0.476562 0.551562 0.476562 0.496875 0.470313 0.495312 0.462500 0.473438 0.445312 0.453125 0.387500 0.426563 0.278125 0.387500 0.218750 0.360938 0.215625 0.353125
5 0.707688 0.303125 0.517188 0.303125 0.517188 0.307812 0.509375 0.310937 0.509375 0.475000 0.517188 0.478125 0.523438 0.496875 0.548438 0.537500 0.587500 0.571875 0.640625 0.589063 0.675000 0.614062 0.787500 0.673438 0.826562 0.682813 0.839063 0.676562 0.845313 0.667188 0.853125 0.612500 0.868750 0.556250 0.870313 0.514062 0.876563 0.512500 0.876563 0.317188 0.754687 0.314063 0.717187 0.309375 0.715625 0.303125
0 0.865556 0.003125 0.518750 0.003125 0.503125 0.034375 0.498437 0.196875 0.496875 0.209375 0.490625 0.210938 0.490625 0.562500 0.498437 0.565625 0.515625 0.592187 0.534375 0.603125 0.820312 0.704688 0.843750 0.701562 0.862500 0.681250 0.873437 0.659375 0.873437 0.003125
5 0.631250 0.165625 0.612500 0.165625 0.610938 0.171875 0.511789 0.171014 0.503125 0.235937 0.503125 0.254688 0.514062 0.260937 0.546875 0.301563 0.681250 0.301563 0.773438 0.314063 0.870313 0.312500 0.870313 0.245312 0.862500 0.242188 0.848437 0.215625 0.843750 0.203125 0.845313 0.179688 0.835938 0.165625 0.726562 0.165625 0.721875 0.173437 0.679688 0.176563 0.645312 0.173437 0.640625 0.165625
0 0.522545 0.628125 0.470313 0.628125 0.468750 0.634375 0.404687 0.660937 0.387500 0.676562 0.325000 0.710938 0.256250 0.731250 0.207813 0.754687 0.151562 0.798438 0.121875 0.812500 0.121875 0.989062 0.315625 0.989062 0.320312 0.981250 0.346875 0.982812 0.348438 0.989062 0.364063 0.989062 0.367188 0.981250 0.410938 0.971875 0.467187 0.978125 0.550000 0.959375 0.565625 0.934375 0.573438 0.900000 0.567187 0.701562 0.559375 0.664062 0.531250 0.628125
5 0.542578 0.065625 0.515625 0.065625 0.515625 0.167187 0.593750 0.173437 0.631250 0.168750 0.684375 0.175000 0.757812 0.165625 0.828125 0.170313 0.840625 0.170313 0.845313 0.165625 0.851562 0.114062 0.843750 0.104688 0.753125 0.103125 0.557813 0.073438 0.551562 0.065625
0 0.460867 0.003125 0.121875 0.003125 0.121875 0.293750 0.128125 0.293750 0.159375 0.315625 0.384375 0.404687 0.392188 0.414062 0.425000 0.414062 0.428125 0.406250 0.446875 0.396875 0.460938 0.381250 0.470313 0.360938 0.476562 0.359375 0.476562 0.014063 0.470313 0.012500 0.468750 0.003125
7 0.668555 0.678125 0.612500 0.678125 0.592187 0.706250 0.584375 0.709375 0.584375 0.804688 0.592187 0.809375 0.590625 0.829688 0.584375 0.831250 0.584375 0.848437 0.592187 0.853125 0.593750 0.909375 0.603125 0.921875 0.610938 0.921875 0.628125 0.898438 0.654687 0.918750 0.659375 0.932813 0.729688 0.932813 0.731250 0.926562 0.775000 0.906250 0.803125 0.876563 0.840625 0.864062 0.857812 0.823438 0.864062 0.821875 0.864062 0.771875 0.814063 0.732812 0.696875 0.695312 0.678125 0.685937 0.676562 0.678125
4 0.518164 0.628125 0.459375 0.628125 0.446875 0.643750 0.407813 0.662500 0.376563 0.685937 0.340625 0.704688 0.296875 0.715625 0.265625 0.732812 0.212500 0.751563 0.162500 0.778125 0.139063 0.803125 0.121875 0.812500 0.121875 0.995313 0.357812 0.995313 0.364063 0.987500 0.423438 0.976562 0.453125 0.978125 0.462500 0.971875 0.451562 0.959375 0.407813 0.945312 0.401562 0.939063 0.406250 0.931250 0.517188 0.928125 0.570312 0.920312 0.576562 0.898438 0.582812 0.896875 0.582812 0.864062 0.575000 0.860938 0.571875 0.817187 0.573438 0.796875 0.576562 0.787500 0.582812 0.785937 0.582812 0.775000 0.575000 0.773438 0.565625 0.750000 0.564063 0.678125 0.551562 0.653125 0.529687 0.635938 0.526563 0.628125
1 0.139063 0.017188 0.132812 0.042188 0.140625 0.131250 0.135937 0.246875 0.146875 0.296875 0.393750 0.400000 0.423438 0.400000 0.446875 0.385937 0.460938 0.359375 0.462500 0.334375 0.464062 0.054688 0.457813 0.028125 0.443750 0.014063 0.410938 0.000000 0.156250 0.000000
2 0.134375 0.406250 0.139063 0.689063 0.154688 0.715625 0.181250 0.728125 0.210938 0.728125 0.264062 0.696875 0.282813 0.695312 0.420312 0.626563 0.445312 0.606250 0.457813 0.567187 0.462500 0.510938 0.456250 0.482812 0.426563 0.453125 0.190625 0.365625 0.168750 0.368750
