4 0.536980 0.665625 0.495312 0.665625 0.493750 0.671875 0.378125 0.729688 0.345313 0.739062 0.284375 0.768750 0.256250 0.792188 0.159375 0.840625 0.159375 0.925000 0.168750 0.925000 0.178125 0.932813 0.192188 0.926562 0.200000 0.932813 0.176563 0.953125 0.159375 0.954688 0.159375 0.971875 0.190625 0.998437 0.460938 0.998437 0.470313 0.989062 0.495312 0.987500 0.539062 0.970313 0.546875 0.956250 0.532813 0.932813 0.571875 0.920312 0.581250 0.870313 0.589063 0.864062 0.589063 0.796875 0.582812 0.795312 0.576562 0.768750 0.575000 0.703125 0.545312 0.665625
0 0.689844 0.703125 0.629687 0.703125 0.604688 0.735938 0.596875 0.739062 0.596875 0.950000 0.625000 0.962500 0.628125 0.970313 0.717187 0.970313 0.718750 0.964063 0.728125 0.962500 0.809375 0.959375 0.828125 0.953125 0.851562 0.931250 0.865625 0.904687 0.870313 0.848437 0.876563 0.846875 0.876563 0.782813 0.871875 0.782813 0.851562 0.757812 0.701562 0.710938 0.698438 0.703125
0 0.174533 0.017397 0.157269 0.033955 0.143283 0.061147 0.143283 0.309584 0.159312 0.332959 0.168283 0.339272 0.196408 0.359584 0.399533 0.445522 0.443283 0.451772 0.471408 0.439272 0.487033 0.422084 0.494845 0.401772 0.494845 0.243959 0.497970 0.195522 0.496408 0.076772 0.483908 0.054897 0.462033 0.036147 0.401095 0.025209 0.210395 0.010116
0 0.547656 0.665625 0.487500 0.665625 0.484375 0.673438 0.440625 0.693750 0.414062 0.712500 0.290625 0.764062 0.265625 0.784375 0.175000 0.832812 0.160938 0.853125 0.153125 0.854688 0.153125 0.970313 0.159375 0.970313 0.181250 0.998437 0.475000 0.998437 0.482812 0.992188 0.518750 0.984375 0.554688 0.965625 0.571875 0.939063 0.581250 0.881250 0.589063 0.875000 0.589063 0.820312 0.582812 0.818750 0.578125 0.767188 0.578125 0.700000 0.556250 0.665625
0 0.738875 0.053125 0.546875 0.053125 0.531250 0.082812 0.523438 0.260937 0.521875 0.271875 0.515625 0.273438 0.515625 0.600000 0.523438 0.603125 0.540625 0.626563 0.560937 0.637500 0.615625 0.653125 0.720313 0.695312 0.795312 0.715625 0.804688 0.726562 0.831250 0.726562 0.832812 0.718750 0.862500 0.687500 0.870313 0.667188 0.875000 0.473438 0.868750 0.379688 0.875000 0.351562 0.875000 0.100000 0.868750 0.081250 0.845313 0.073438 0.753125 0.060937 0.746875 0.053125
5 0.592187 0.328125 0.573438 0.328125 0.551562 0.381250 0.551562 0.398438 0.529687 0.460938 0.521875 0.464062 0.521875 0.550000 0.529687 0.553125 0.553125 0.604688 0.565625 0.618750 0.589063 0.631250 0.676562 0.659375 0.764062 0.676562 0.815625 0.681250 0.862500 0.476562 0.865625 0.423438 0.870313 0.409375 0.876563 0.407813 0.876563 0.346875 0.859375 0.346875 0.832812 0.357812 0.726562 0.357812 0.678125 0.343750 0.623437 0.342187 0.603125 0.334375 0.601562 0.328125
0 0.244844 0.403125 0.201448 0.393427 0.170313 0.403125 0.150936 0.426500 0.142517 0.451756 0.147800 0.745300 0.179812 0.778673 0.198437 0.781250 0.223438 0.781250 0.271875 0.759375 0.326562 0.725000 0.373437 0.707812 0.393750 0.689063 0.456250 0.653125 0.475000 0.629687 0.482812 0.606250 0.489063 0.604688 0.489063 0.525000 0.482812 0.523438 0.465625 0.496875 0.412500 0.470313 0.259375 0.412500
7 0.672266 0.703125 0.645312 0.703125 0.609375 0.746875 0.604688 0.809375 0.596875 0.815625 0.596875 0.904687 0.603125 0.904687 0.621875 0.926562 0.634375 0.926562 0.646875 0.890625 0.671875 0.906250 0.689063 0.910937 0.784375 0.909375 0.801562 0.917188 0.817187 0.917188 0.832812 0.893750 0.834375 0.840625 0.853125 0.817187 0.851562 0.765625 0.840625 0.754687 0.820312 0.754687 0.778125 0.743750 0.684375 0.710938 0.681250 0.703125
5 0.604167 0.196875 0.562500 0.196875 0.535937 0.293750 0.528125 0.296875 0.528125 0.390625 0.540625 0.393750 0.567187 0.337500 0.581250 0.326562 0.589063 0.306250 0.692187 0.315625 0.825000 0.339062 0.845313 0.335938 0.857812 0.285938 0.859375 0.251563 0.821875 0.250000 0.753125 0.231250 0.645312 0.212500 0.617188 0.204687 0.612500 0.196875
5 0.608906 0.096875 0.534375 0.096875 0.534375 0.257812 0.545312 0.257812 0.554688 0.209375 0.570312 0.195312 0.803125 0.245312 0.832812 0.243750 0.851562 0.146875 0.846875 0.137500 0.775000 0.123438 0.692187 0.120313 0.621875 0.104688 0.617188 0.096875
5 0.665495 0.309375 0.578125 0.309375 0.578125 0.331250 0.590625 0.329688 0.634375 0.345313 0.685937 0.346875 0.728125 0.359375 0.835938 0.359375 0.864062 0.351562 0.864062 0.346875 0.831250 0.339062 0.675000 0.315625 0.673438 0.309375
1 0.170313 0.431250 0.168750 0.642188 0.175000 0.706250 0.187500 0.745313 0.209375 0.762500 0.234375 0.762500 0.328125 0.710938 0.345313 0.715625 0.389062 0.696875 0.387500 0.689063 0.407813 0.671875 0.464062 0.643750 0.476562 0.620313 0.479687 0.546875 0.476562 0.520312 0.462500 0.501563 0.353125 0.451562 0.225000 0.407813 0.190625 0.410938
1 0.167187 0.078125 0.162500 0.110937 0.168750 0.209375 0.164062 0.306250 0.178125 0.337500 0.415625 0.439063 0.445312 0.440625 0.470313 0.428125 0.471875 0.414062 0.484375 0.396875 0.479687 0.382812 0.485938 0.331250 0.481250 0.304688 0.485938 0.106250 0.482812 0.084375 0.465625 0.062500 0.417187 0.050000 0.221875 0.039062 0.187500 0.050000
