6 0.357708 0.000000 0.128125 0.000000 0.140625 0.014063 0.134375 0.043750 0.128125 0.045312 0.128125 0.307812 0.200000 0.339062 0.226562 0.364063 0.307812 0.382812 0.351562 0.410938 0.371875 0.414062 0.426563 0.398438 0.448437 0.368750 0.459375 0.243750 0.456250 0.190625 0.460938 0.125000 0.464062 0.100000 0.470313 0.098437 0.470313 0.089063 0.464062 0.087500 0.443750 0.026562 0.431250 0.006250 0.423438 0.000000 0.407813 0.000000 0.401562 0.004687 0.371875 0.004687 0.365625 0.000000
0 0.449962 0.003125 0.128125 0.003125 0.128125 0.320312 0.209375 0.360938 0.250000 0.371875 0.364063 0.418750 0.367188 0.426563 0.412500 0.426563 0.414062 0.420312 0.437500 0.407813 0.450000 0.393750 0.457813 0.371875 0.462500 0.164062 0.464062 0.148438 0.470313 0.146875 0.470313 0.028125 0.464062 0.026562 0.457813 0.003125
4 0.477344 0.646875 0.468750 0.646875 0.467187 0.653125 0.432812 0.656250 0.389062 0.679688 0.343750 0.693750 0.271875 0.734375 0.212500 0.754687 0.189062 0.775000 0.128125 0.775000 0.128125 0.998437 0.525000 0.998437 0.543750 0.978125 0.557813 0.987500 0.564063 0.979688 0.559375 0.970313 0.546875 0.975000 0.528125 0.957812 0.495312 0.956250 0.464062 0.934375 0.467187 0.926562 0.512500 0.931250 0.553125 0.917188 0.548438 0.853125 0.550000 0.782813 0.562500 0.756250 0.570312 0.753125 0.570312 0.726562 0.564063 0.725000 0.557813 0.712500 0.553125 0.676562 0.528125 0.662500 0.490625 0.654687 0.485938 0.646875
5 0.682813 0.303125 0.503125 0.303125 0.503125 0.425000 0.509375 0.426563 0.529687 0.501563 0.568750 0.565625 0.585938 0.582812 0.653125 0.626563 0.703125 0.653125 0.764062 0.675000 0.790625 0.681250 0.820312 0.678125 0.829688 0.673438 0.839063 0.659375 0.856250 0.607812 0.868750 0.543750 0.876563 0.537500 0.876563 0.318750 0.782813 0.318750 0.692187 0.309375 0.690625 0.303125
5 0.696739 0.046875 0.521875 0.046875 0.520312 0.053125 0.509375 0.054688 0.509375 0.157812 0.545312 0.146875 0.565625 0.146875 0.675000 0.162500 0.820312 0.170313 0.821875 0.176563 0.876563 0.176563 0.876563 0.065625 0.759375 0.060937 0.710938 0.054688 0.704688 0.046875
0 0.512073 0.653125 0.429688 0.653125 0.426563 0.660937 0.354687 0.698438 0.215625 0.764062 0.167187 0.778125 0.128125 0.775000 0.128125 0.998437 0.534375 0.998437 0.545312 0.964063 0.551562 0.889062 0.551562 0.804688 0.560937 0.725000 0.551562 0.692187 0.520312 0.653125
5 0.610795 0.146875 0.531250 0.146875 0.528125 0.154688 0.496875 0.165625 0.496875 0.240625 0.506250 0.245312 0.523438 0.287500 0.534375 0.300000 0.628125 0.301563 0.787500 0.317188 0.876563 0.318750 0.876563 0.175000 0.681250 0.164062 0.620313 0.153125 0.618750 0.146875
0 0.665625 0.696875 0.603125 0.696875 0.584375 0.720313 0.571875 0.757812 0.565625 0.759375 0.565625 0.951562 0.573438 0.954688 0.576562 0.965625 0.595313 0.989062 0.806250 0.989062 0.809375 0.981250 0.848437 0.964063 0.865625 0.937500 0.870313 0.915625 0.876563 0.914062 0.876563 0.787500 0.870313 0.787500 0.853125 0.771875 0.806250 0.751563 0.687500 0.710938 0.678125 0.706250 0.673438 0.696875
7 0.637500 0.696875 0.606250 0.696875 0.579688 0.729688 0.571875 0.732812 0.571875 0.871875 0.607812 0.903125 0.639062 0.921875 0.668750 0.931250 0.671875 0.939063 0.706250 0.939063 0.707812 0.931250 0.723437 0.923438 0.784375 0.904687 0.804688 0.903125 0.829688 0.892188 0.842187 0.878125 0.845313 0.862500 0.826562 0.834375 0.831250 0.806250 0.826562 0.773438 0.817187 0.764062 0.785937 0.756250 0.753125 0.739062 0.700000 0.720313 0.682813 0.718750 0.682813 0.726562 0.675000 0.728125 0.671875 0.721875 0.678125 0.715625 0.651563 0.707812 0.645312 0.696875
0 0.183397 0.364900 0.127055 0.361817 0.128125 0.371875 0.128125 0.748437 0.154688 0.756250 0.196875 0.751563 0.221875 0.735938 0.268750 0.718750 0.299122 0.702864 0.326562 0.684375 0.381250 0.665625 0.417187 0.646875 0.437500 0.626563 0.448437 0.601562 0.451562 0.579688 0.457263 0.526075 0.450000 0.501563 0.437500 0.479687 0.423438 0.467187 0.215691 0.377259
0 0.868716 0.003125 0.515625 0.003125 0.500000 0.032813 0.496875 0.050000 0.501563 0.070312 0.501563 0.142187 0.495312 0.165625 0.492188 0.220312 0.492188 0.328125 0.490625 0.334375 0.484375 0.335938 0.484375 0.595313 0.512500 0.615625 0.571875 0.632812 0.742188 0.698438 0.787500 0.718750 0.790625 0.726562 0.846875 0.726562 0.846875 0.720313 0.865625 0.696875 0.868750 0.676562 0.876563 0.673438 0.876563 0.003125
