4 0.540105 0.665625 0.498437 0.665625 0.495312 0.673438 0.460938 0.685937 0.310937 0.759375 0.278125 0.770312 0.242188 0.798438 0.178125 0.831250 0.170313 0.840625 0.165625 0.865625 0.151562 0.882812 0.146875 0.882812 0.146875 0.923438 0.156250 0.928125 0.146875 0.935937 0.146875 0.956250 0.156250 0.960938 0.176563 0.998437 0.470313 0.998437 0.490625 0.982812 0.512500 0.981250 0.553125 0.967187 0.562500 0.951562 0.553125 0.950000 0.548438 0.937500 0.553125 0.931250 0.570312 0.929688 0.575000 0.918750 0.584375 0.817187 0.589063 0.798438 0.595313 0.796875 0.595313 0.776563 0.587500 0.773438 0.564063 0.690625 0.548438 0.665625
5 0.630469 0.096875 0.587500 0.096875 0.570312 0.121875 0.546875 0.125000 0.546875 0.187500 0.750000 0.226562 0.848437 0.237500 0.870313 0.235937 0.870313 0.118750 0.857812 0.115625 0.835938 0.123438 0.787500 0.123438 0.704688 0.115625 0.643750 0.104688 0.639062 0.096875
0 0.240156 0.403125 0.165625 0.403125 0.154688 0.423438 0.146875 0.426563 0.146875 0.735938 0.151562 0.735938 0.171875 0.759375 0.189062 0.768750 0.192188 0.776563 0.235937 0.776563 0.237500 0.768750 0.262500 0.760938 0.412500 0.678125 0.446875 0.664062 0.470313 0.645312 0.482812 0.612500 0.489063 0.610938 0.489063 0.528125 0.482812 0.526563 0.465625 0.501563 0.409375 0.471875 0.260937 0.415625 0.251563 0.410938 0.248438 0.403125
0 0.676302 0.703125 0.635938 0.703125 0.606250 0.740625 0.596875 0.815625 0.590625 0.817187 0.590625 0.939063 0.623437 0.954688 0.735938 0.956250 0.776563 0.954688 0.817187 0.942187 0.848437 0.910937 0.862500 0.848437 0.870313 0.842187 0.870313 0.785937 0.823438 0.751563 0.784375 0.735938 0.689063 0.710938 0.684375 0.703125
5 0.594531 0.190625 0.534375 0.190625 0.534375 0.196875 0.528125 0.198437 0.528125 0.337500 0.603125 0.337500 0.625000 0.339062 0.626563 0.345313 0.657813 0.345313 0.659375 0.339062 0.853125 0.334375 0.871875 0.329688 0.873437 0.248438 0.868750 0.239063 0.748437 0.226562 0.632812 0.204687 0.607812 0.198437 0.603125 0.190625
0 0.593567 0.038978 0.559375 0.046875 0.547231 0.060269 0.540625 0.073438 0.531250 0.093750 0.531250 0.196875 0.528125 0.225000 0.529687 0.256250 0.529687 0.340625 0.528125 0.365625 0.521875 0.609375 0.540344 0.633836 0.594820 0.650742 0.671875 0.676562 0.785937 0.712500 0.790625 0.720313 0.840625 0.720313 0.840625 0.714063 0.864062 0.684375 0.870313 0.640625 0.876563 0.639062 0.876563 0.082812 0.732812 0.057813 0.688119 0.050250
0 0.529687 0.659375 0.514062 0.659375 0.509375 0.667188 0.454688 0.687500 0.315625 0.751563 0.170313 0.832812 0.154688 0.856250 0.146875 0.859375 0.146875 0.946875 0.153125 0.948438 0.168750 0.971875 0.179688 0.998437 0.484375 0.998437 0.550000 0.971875 0.573438 0.935937 0.584375 0.793750 0.576562 0.701562 0.564063 0.681250 0.539062 0.665625 0.537500 0.659375
0 0.332619 0.016500 0.221787 0.010238 0.176705 0.019630 0.146875 0.059375 0.139597 0.306077 0.155878 0.333628 0.196875 0.359375 0.270313 0.395313 0.412500 0.450000 0.415625 0.457813 0.446875 0.457813 0.448437 0.451562 0.471875 0.439063 0.485938 0.421875 0.493750 0.398438 0.495312 0.360938 0.501563 0.076563 0.484375 0.056250 0.462500 0.037500 0.426563 0.028125 0.360938 0.021875
7 0.664453 0.703125 0.637500 0.703125 0.637500 0.707812 0.615625 0.725000 0.604688 0.745313 0.596875 0.748437 0.596875 0.896875 0.609375 0.900000 0.629687 0.918750 0.653125 0.931250 0.684375 0.939063 0.726562 0.932813 0.751563 0.945312 0.753125 0.951562 0.793750 0.951562 0.795312 0.945312 0.812500 0.934375 0.837500 0.878125 0.826562 0.846875 0.853125 0.817187 0.854688 0.790625 0.840625 0.773438 0.798438 0.760938 0.771875 0.737500 0.714063 0.725000 0.676562 0.710938 0.673438 0.703125
5 0.868644 0.340625 0.528125 0.340625 0.528125 0.401562 0.534375 0.403125 0.534375 0.414062 0.528125 0.415625 0.528125 0.432812 0.534091 0.511719 0.563920 0.558594 0.642188 0.607812 0.657813 0.615625 0.710938 0.662500 0.737500 0.675000 0.765625 0.681250 0.770312 0.689063 0.815625 0.689063 0.826562 0.667188 0.845313 0.559375 0.870313 0.460938 0.876563 0.459375 0.876563 0.340625
6 0.157812 0.053125 0.156250 0.070312 0.167187 0.100000 0.157812 0.125000 0.164062 0.203125 0.162500 0.295312 0.178125 0.334375 0.260937 0.389062 0.400000 0.445312 0.435937 0.448437 0.468750 0.431250 0.490625 0.395313 0.496875 0.306250 0.496875 0.257812 0.489063 0.217188 0.490625 0.132812 0.482812 0.084375 0.471875 0.075000 0.392188 0.051562 0.365625 0.059375 0.339062 0.053125 0.310937 0.057813 0.229687 0.023438 0.214062 0.029687 0.201563 0.050000
1 0.173437 0.431250 0.154688 0.459375 0.168750 0.529687 0.170313 0.571875 0.157812 0.667188 0.176563 0.681250 0.173437 0.706250 0.182812 0.751563 0.212500 0.759375 0.276562 0.746875 0.362500 0.693750 0.443750 0.659375 0.464062 0.645312 0.475000 0.625000 0.478125 0.531250 0.462500 0.507812 0.228125 0.410938 0.195312 0.415625
