6 0.192188 0.021875 0.184375 0.021875 0.181250 0.029687 0.157812 0.042188 0.135937 0.068750 0.129688 0.087500 0.121875 0.090625 0.121875 0.318750 0.160938 0.348438 0.239063 0.384375 0.251563 0.396875 0.296875 0.410938 0.326562 0.428125 0.353125 0.426563 0.393750 0.435937 0.429688 0.428125 0.446875 0.414062 0.459375 0.387500 0.464062 0.300000 0.471875 0.265625 0.481250 0.151562 0.482812 0.140625 0.489063 0.139063 0.489063 0.132812 0.482812 0.131250 0.462500 0.067187 0.431250 0.037500 0.423438 0.021875 0.242188 0.021875 0.240625 0.028125 0.232813 0.029687 0.207813 0.029687 0.201563 0.028125 0.200000 0.021875
7 0.235547 0.415625 0.178125 0.415625 0.179688 0.434375 0.167187 0.450000 0.156250 0.476562 0.150000 0.521875 0.135937 0.554688 0.128125 0.557813 0.128125 0.684375 0.132812 0.684375 0.151562 0.707812 0.167187 0.717187 0.187500 0.720313 0.189062 0.726562 0.206250 0.726562 0.207813 0.720313 0.250000 0.717187 0.287500 0.706250 0.362500 0.670312 0.373437 0.660937 0.381250 0.642188 0.409375 0.629687 0.431250 0.612500 0.443750 0.590625 0.450000 0.567187 0.448437 0.532813 0.439063 0.515625 0.420312 0.496875 0.340625 0.459375 0.267188 0.434375 0.248438 0.425000 0.243750 0.415625
3 0.663477 0.703125 0.604688 0.703125 0.585938 0.726562 0.579688 0.742188 0.571875 0.745313 0.571875 0.931250 0.634375 0.931250 0.651563 0.945312 0.651563 0.951562 0.687500 0.951562 0.689063 0.945312 0.773438 0.940625 0.793750 0.934375 0.815625 0.915625 0.826562 0.887500 0.837500 0.800000 0.832812 0.773438 0.823438 0.764062 0.793750 0.750000 0.678125 0.712500 0.671875 0.703125
4 0.506250 0.659375 0.475000 0.659375 0.471875 0.667188 0.409375 0.690625 0.296875 0.754687 0.159375 0.820312 0.140625 0.839063 0.134375 0.839063 0.134375 0.957812 0.153125 0.973437 0.189062 0.989062 0.232813 0.992188 0.242188 0.998437 0.392188 0.998437 0.398438 0.993750 0.417187 0.993750 0.453125 0.984375 0.489063 0.970313 0.492188 0.962500 0.484375 0.953125 0.479687 0.934375 0.489063 0.925000 0.514062 0.929688 0.532813 0.920312 0.545312 0.901563 0.551562 0.870313 0.548438 0.782813 0.553125 0.704688 0.514062 0.659375
0 0.401470 0.015625 0.140625 0.015625 0.129688 0.037500 0.121875 0.040625 0.121875 0.317188 0.126562 0.317188 0.146875 0.340625 0.231250 0.387500 0.301563 0.417187 0.331250 0.420312 0.373437 0.437500 0.376563 0.445312 0.429688 0.445312 0.429688 0.439063 0.457813 0.415625 0.467187 0.385937 0.470313 0.259375 0.476562 0.196875 0.475000 0.087500 0.459375 0.046875 0.437500 0.029687 0.412500 0.023438 0.409375 0.015625
0 0.524306 0.665625 0.456250 0.665625 0.451562 0.673438 0.371875 0.704688 0.329688 0.734375 0.310937 0.740625 0.153125 0.826562 0.134375 0.848437 0.128125 0.848437 0.128125 0.940625 0.135937 0.943750 0.153125 0.971875 0.198437 0.998437 0.418750 0.998437 0.526563 0.965625 0.543750 0.943750 0.551562 0.909375 0.556250 0.868750 0.556250 0.765625 0.557813 0.757812 0.564063 0.756250 0.564063 0.731250 0.557813 0.729688 0.554688 0.695312 0.532813 0.665625
0 0.674653 0.040625 0.535937 0.040625 0.509375 0.089063 0.504687 0.262500 0.503125 0.273438 0.496875 0.275000 0.496875 0.281250 0.503125 0.282813 0.503125 0.287500 0.496875 0.289062 0.496875 0.301563 0.503125 0.303125 0.503125 0.320312 0.496875 0.321875 0.496875 0.335938 0.503125 0.337500 0.503125 0.342187 0.496875 0.343750 0.496875 0.601562 0.501563 0.601562 0.518750 0.621875 0.534375 0.629687 0.573438 0.640625 0.690625 0.687500 0.764062 0.707812 0.790625 0.718750 0.793750 0.726562 0.810937 0.726562 0.810937 0.720313 0.835938 0.703125 0.851562 0.682813 0.862500 0.632812 0.862500 0.573438 0.868750 0.531250 0.857812 0.503125 0.857812 0.462500 0.862500 0.421875 0.873437 0.392188 0.875000 0.357812 0.871875 0.087500 0.843750 0.067187 0.689063 0.048438 0.682813 0.040625
0 0.666797 0.703125 0.609375 0.703125 0.606250 0.710938 0.592187 0.718750 0.578125 0.750000 0.571875 0.751563 0.571875 0.943750 0.593750 0.956250 0.596875 0.964063 0.693750 0.964063 0.700000 0.956250 0.789062 0.946875 0.820312 0.926562 0.839063 0.867188 0.845313 0.865625 0.845313 0.775000 0.800000 0.750000 0.678125 0.710938 0.675000 0.703125
0 0.202678 0.390625 0.153125 0.390625 0.153125 0.396875 0.135937 0.415625 0.128125 0.417187 0.128125 0.735938 0.135937 0.739062 0.148438 0.757812 0.168750 0.768750 0.170313 0.776563 0.209375 0.776563 0.212500 0.768750 0.254688 0.743750 0.334375 0.709375 0.431250 0.656250 0.454688 0.632812 0.464062 0.596875 0.470313 0.595313 0.470313 0.535937 0.464062 0.534375 0.451562 0.509375 0.437500 0.493750 0.360938 0.460938 0.312500 0.448437 0.278125 0.431250 0.265625 0.429688 0.229687 0.404687 0.215625 0.400000 0.210938 0.390625
5 0.509375 0.362500 0.509375 0.498437 0.548438 0.579688 0.576562 0.593750 0.589063 0.610938 0.629687 0.637500 0.720313 0.679688 0.753125 0.689063 0.779687 0.703125 0.792188 0.718750 0.809375 0.718750 0.848437 0.590625 0.845313 0.565625 0.868750 0.485938 0.871875 0.356250 0.726562 0.332813 0.673438 0.332813 0.606250 0.317188 0.593750 0.320312 0.573438 0.314063 0.562500 0.318750 0.560937 0.312500 0.548438 0.310937
5 0.512500 0.250000 0.509375 0.323437 0.514062 0.343750 0.534375 0.328125 0.545312 0.307812 0.556250 0.306250 0.646875 0.325000 0.851562 0.345313 0.864062 0.293750 0.864062 0.259375 0.854688 0.253125 0.581250 0.209375 0.553125 0.207813 0.551562 0.225000 0.521875 0.231250
5 0.512500 0.100000 0.515625 0.228125 0.545312 0.223438 0.556250 0.207813 0.565625 0.207813 0.765625 0.245312 0.818750 0.251563 0.837500 0.248438 0.839063 0.143750 0.832812 0.134375 0.698438 0.129688 0.620313 0.104688 0.587500 0.101562 0.551562 0.082812 0.532813 0.085938
