0 0.473145 0.428125 0.351562 0.428125 0.346875 0.435937 0.234375 0.462500 0.121875 0.509375 0.121875 0.806250 0.182812 0.859375 0.245312 0.901563 0.335938 0.929688 0.393750 0.932813 0.401562 0.935937 0.406250 0.945312 0.446875 0.945312 0.451562 0.937500 0.471875 0.937500 0.501563 0.928125 0.515625 0.912500 0.526563 0.885938 0.532813 0.884375 0.532813 0.748437 0.526563 0.746875 0.525000 0.714063 0.521875 0.509375 0.514062 0.470313 0.481250 0.428125
0 0.548153 0.003125 0.378125 0.003125 0.371875 0.010937 0.328125 0.014063 0.240625 0.037500 0.206250 0.054688 0.173437 0.084375 0.140625 0.139063 0.128125 0.195312 0.121875 0.196875 0.121875 0.434375 0.159375 0.460938 0.182812 0.462500 0.292187 0.426563 0.421875 0.407813 0.529687 0.407813 0.579688 0.412500 0.654687 0.425000 0.771875 0.459375 0.795312 0.457813 0.815625 0.439063 0.832812 0.431250 0.832812 0.234375 0.826562 0.232813 0.815625 0.159375 0.801562 0.145313 0.793750 0.121875 0.753125 0.081250 0.717187 0.054688 0.623437 0.021875 0.562500 0.010937 0.556250 0.003125
1 0.471667 0.446875 0.384536 0.453113 0.357192 0.459948 0.217050 0.504384 0.135016 0.542837 0.128125 0.798438 0.164923 0.834231 0.176563 0.851562 0.257812 0.893750 0.337500 0.915625 0.414062 0.925000 0.420312 0.932813 0.434375 0.932813 0.434375 0.928125 0.443750 0.923438 0.482812 0.921875 0.503125 0.901563 0.514062 0.873437 0.508442 0.849612 0.513570 0.818850 0.510938 0.718750 0.509375 0.509375 0.504687 0.482812 0.496875 0.467187 0.479687 0.453125 0.479687 0.446875
0 0.665505 0.446875 0.570312 0.446875 0.570312 0.453125 0.546875 0.473438 0.546875 0.834375 0.553125 0.835938 0.557813 0.868750 0.567187 0.892188 0.589063 0.910937 0.609375 0.917188 0.614062 0.926562 0.639062 0.926562 0.639062 0.921875 0.654687 0.910937 0.695312 0.900000 0.709375 0.887500 0.748437 0.871875 0.785937 0.845313 0.826562 0.825000 0.853125 0.775000 0.864062 0.717187 0.870313 0.715625 0.870313 0.656250 0.864062 0.654687 0.862500 0.646875 0.853125 0.553125 0.840625 0.529687 0.815625 0.504687 0.789062 0.490625 0.737500 0.478125 0.678125 0.454688 0.673438 0.446875
7 0.671875 0.115625 0.668750 0.123438 0.646875 0.135937 0.604688 0.135937 0.570312 0.151562 0.543750 0.203125 0.534375 0.207813 0.534375 0.231250 0.540625 0.232813 0.568750 0.296875 0.565625 0.345313 0.590625 0.400000 0.606250 0.414062 0.650000 0.417187 0.675000 0.407813 0.695312 0.415625 0.709375 0.412500 0.739062 0.440625 0.775000 0.451562 0.776563 0.457813 0.781250 0.457813 0.782813 0.451562 0.798438 0.446875 0.817187 0.431250 0.829688 0.407813 0.825000 0.360938 0.829688 0.343750 0.814063 0.296875 0.804688 0.207813 0.800000 0.196875 0.770312 0.170313 0.701562 0.125000 0.681250 0.121875 0.679688 0.115625
2 0.633705 0.446875 0.582812 0.446875 0.582812 0.453125 0.546875 0.482812 0.546875 0.832812 0.553125 0.834375 0.562500 0.882812 0.585938 0.910937 0.603125 0.921875 0.603125 0.926562 0.618750 0.926562 0.621875 0.918750 0.651563 0.906250 0.729688 0.881250 0.776563 0.851562 0.795312 0.845313 0.840625 0.795312 0.862500 0.742188 0.870313 0.739062 0.870313 0.707812 0.860938 0.703125 0.850000 0.667188 0.842187 0.562500 0.837500 0.539062 0.829688 0.526563 0.801562 0.501563 0.707812 0.467187 0.643750 0.453125 0.642188 0.446875
5 0.395313 0.360938 0.393750 0.390625 0.420312 0.392188 0.448437 0.404687 0.576562 0.400000 0.560937 0.342187 0.560937 0.320312 0.550000 0.304688 0.559375 0.279687 0.537500 0.234375 0.534375 0.209375 0.551562 0.200000 0.567187 0.168750 0.568750 0.153125 0.575000 0.150000 0.573438 0.140625 0.593750 0.123438 0.603125 0.128125 0.604688 0.137500 0.632812 0.139063 0.640625 0.150000 0.653125 0.150000 0.653125 0.134375 0.670312 0.112500 0.679688 0.112500 0.707812 0.125000 0.798438 0.192188 0.834375 0.154688 0.842187 0.139063 0.839063 0.131250 0.773438 0.092188 0.740625 0.064062 0.720313 0.056250 0.660937 0.048438 0.470313 0.004687 0.443750 0.164062 0.431250 0.173437 0.434375 0.184375 0.429688 0.189062 0.437500 0.200000 0.432812 0.203125 0.429688 0.243750 0.417187 0.267188
5 0.382812 0.021875 0.328125 0.371875 0.340625 0.384375 0.376563 0.390625 0.390625 0.384375 0.429688 0.232813 0.459375 0.046875 0.453125 0.031250 0.390625 0.017188
5 0.265625 0.357812 0.267188 0.414062 0.365625 0.392188 0.335938 0.385937 0.326562 0.364063 0.342187 0.331250 0.343750 0.239063 0.351562 0.229687 0.371875 0.098437 0.367188 0.062500 0.307812 0.056250 0.287500 0.248438
5 0.235937 0.154688 0.232813 0.232813 0.210938 0.367188 0.198437 0.412500 0.165625 0.442188 0.168750 0.450000 0.206250 0.446875 0.289062 0.418750 0.273438 0.414062 0.267188 0.351562 0.290625 0.251563 0.287500 0.232813 0.295312 0.189062 0.296875 0.104688 0.267188 0.095312 0.251563 0.098437 0.250000 0.135937
