0 0.464780 0.450441 0.341322 0.454659 0.314063 0.454688 0.195312 0.481250 0.128125 0.501563 0.128125 0.887500 0.160938 0.912500 0.184375 0.925000 0.217188 0.934375 0.234375 0.950000 0.275000 0.967187 0.312500 0.976562 0.323437 0.984375 0.348438 0.989062 0.350000 0.995313 0.446875 0.995313 0.458097 0.990272 0.464062 0.982812 0.490806 0.969883 0.501563 0.912500 0.509800 0.815694 0.515625 0.746875 0.518750 0.639062 0.520312 0.632812 0.524925 0.619637 0.528794 0.524019 0.517891 0.489109 0.504687 0.471875 0.486937 0.456417 0.474628 0.453253
5 0.253437 0.065625 0.217188 0.065625 0.215625 0.207813 0.204687 0.282813 0.203125 0.289062 0.196875 0.290625 0.196875 0.417187 0.203125 0.418750 0.210938 0.448437 0.231250 0.446875 0.254688 0.434375 0.243750 0.418750 0.240625 0.403125 0.246875 0.356250 0.265625 0.301563 0.271875 0.262500 0.296875 0.179688 0.307812 0.114062 0.314063 0.112500 0.314063 0.084375 0.265625 0.073438 0.262500 0.065625
7 0.737500 0.190625 0.698438 0.190625 0.695312 0.198437 0.682813 0.203125 0.651563 0.203125 0.625000 0.226562 0.617188 0.246875 0.621875 0.273438 0.592187 0.318750 0.584375 0.321875 0.584375 0.382812 0.595313 0.390625 0.606250 0.421875 0.640625 0.451562 0.664062 0.457813 0.692187 0.457813 0.720313 0.478125 0.748437 0.490625 0.800000 0.498437 0.812500 0.482812 0.853125 0.467187 0.870313 0.445312 0.876563 0.443750 0.876563 0.376563 0.870313 0.376563 0.856250 0.359375 0.835938 0.348438 0.828125 0.335938 0.826562 0.321875 0.828125 0.284375 0.840625 0.251563 0.865625 0.218750 0.868750 0.190625 0.839063 0.190625 0.846875 0.201563 0.803125 0.229687 0.784375 0.228125 0.746875 0.196875 0.745313 0.190625
0 0.631184 0.003125 0.260937 0.003125 0.259375 0.009375 0.235937 0.015625 0.195312 0.043750 0.178125 0.062500 0.154688 0.101562 0.142187 0.132812 0.129688 0.201563 0.121875 0.207813 0.121875 0.445312 0.156250 0.467187 0.179688 0.467187 0.332813 0.434375 0.490625 0.431250 0.646875 0.459375 0.732812 0.487500 0.745313 0.493750 0.788934 0.508895 0.826569 0.507841 0.850486 0.500458 0.870886 0.469172 0.864062 0.220312 0.859375 0.220312 0.846875 0.203125 0.854919 0.139108 0.833814 0.108523 0.802511 0.076534 0.759600 0.051927 0.680109 0.017125 0.653730 0.007984 0.639062 0.003125
5 0.425000 0.021875 0.396875 0.021875 0.382812 0.128125 0.364063 0.190625 0.348438 0.267188 0.340625 0.271875 0.340625 0.382812 0.348438 0.385937 0.360938 0.410938 0.381250 0.425000 0.414062 0.421875 0.421875 0.410938 0.403125 0.376563 0.403125 0.359375 0.471875 0.078125 0.471875 0.053125 0.435937 0.029687 0.434375 0.021875
1 0.395313 0.453125 0.379688 0.453125 0.378125 0.459375 0.353125 0.467187 0.275000 0.475000 0.128125 0.518750 0.128125 0.884375 0.135937 0.885938 0.168750 0.915625 0.217188 0.932813 0.221875 0.956250 0.234375 0.962500 0.370312 0.976562 0.375000 0.989062 0.445312 0.989062 0.450000 0.979688 0.468750 0.968750 0.482812 0.953125 0.482812 0.939063 0.500000 0.912500 0.498437 0.876563 0.501563 0.826562 0.507812 0.806250 0.517188 0.626563 0.517188 0.518750 0.506250 0.490625 0.482812 0.468750 0.432812 0.459375 0.414062 0.462500 0.406250 0.460938 0.403125 0.453125
5 0.579567 0.003125 0.484375 0.003125 0.476562 0.070312 0.451562 0.179688 0.417187 0.314063 0.409375 0.339062 0.403125 0.340625 0.403125 0.385937 0.407813 0.385937 0.423438 0.404687 0.457813 0.421875 0.504687 0.426563 0.576562 0.426563 0.590625 0.420312 0.607812 0.421875 0.634375 0.442188 0.634375 0.451562 0.868750 0.451562 0.868750 0.443750 0.876563 0.442188 0.876563 0.420312 0.860938 0.418750 0.850000 0.423438 0.840625 0.420312 0.834375 0.410938 0.828125 0.418750 0.798438 0.409375 0.776563 0.410938 0.762500 0.401562 0.753125 0.385937 0.728125 0.393750 0.709375 0.392188 0.701562 0.403125 0.687500 0.401562 0.665625 0.418750 0.621875 0.409375 0.609375 0.398438 0.603125 0.406250 0.600000 0.403125 0.585938 0.370312 0.587500 0.342187 0.600000 0.307812 0.609375 0.298438 0.626563 0.296875 0.631250 0.290625 0.620313 0.284375 0.625000 0.275000 0.614062 0.264062 0.615625 0.253125 0.621875 0.248438 0.631250 0.254688 0.634375 0.278125 0.659375 0.317188 0.670312 0.317188 0.687500 0.304688 0.706250 0.304688 0.734375 0.323437 0.746875 0.325000 0.750000 0.315625 0.765625 0.301563 0.800000 0.298438 0.812500 0.292187 0.812500 0.284375 0.828125 0.271875 0.829688 0.259375 0.825000 0.250000 0.829688 0.243750 0.835938 0.237500 0.845313 0.242188 0.851562 0.239063 0.868750 0.214062 0.876563 0.210938 0.876563 0.164062 0.775000 0.084375 0.721875 0.071875 0.675000 0.042188 0.590625 0.010937 0.587500 0.003125
5 0.345313 0.028125 0.317188 0.028125 0.301563 0.167187 0.282813 0.225000 0.264062 0.310937 0.251563 0.340625 0.242188 0.395313 0.234375 0.400000 0.234375 0.418750 0.262500 0.429688 0.321875 0.428125 0.334375 0.421875 0.340625 0.410938 0.337500 0.337500 0.343750 0.285938 0.387500 0.096875 0.395313 0.090625 0.395313 0.046875 0.357812 0.035937 0.354687 0.028125
2 0.633855 0.484375 0.592187 0.484375 0.592187 0.490625 0.571875 0.504687 0.556250 0.529687 0.542188 0.685937 0.540625 0.692187 0.534375 0.923438 0.551562 0.934375 0.607812 0.931250 0.628125 0.951562 0.637500 0.954688 0.700000 0.942187 0.751563 0.917188 0.784375 0.892188 0.806250 0.870313 0.826562 0.837500 0.845313 0.784375 0.851562 0.742188 0.851562 0.621875 0.842187 0.592187 0.825000 0.573438 0.803125 0.559375 0.718750 0.517188 0.645312 0.492188 0.642188 0.484375
0 0.648242 0.478125 0.592187 0.478125 0.570312 0.503125 0.554688 0.534375 0.542188 0.671875 0.540625 0.678125 0.534375 0.679688 0.534375 0.935937 0.543750 0.940625 0.562500 0.976562 0.651563 0.976562 0.651563 0.968750 0.657813 0.962500 0.720313 0.943750 0.798438 0.900000 0.837500 0.857812 0.853125 0.820312 0.864062 0.762500 0.870313 0.760938 0.870313 0.614062 0.864062 0.612500 0.848437 0.582812 0.815625 0.556250 0.785937 0.545312 0.750000 0.521875 0.662500 0.487500 0.656250 0.478125
