7 0.293466 0.090625 0.212500 0.090625 0.210938 0.096875 0.181250 0.109375 0.156250 0.140625 0.140625 0.143750 0.140625 0.160938 0.146875 0.160938 0.178125 0.189062 0.168750 0.210938 0.168750 0.226562 0.184375 0.278125 0.237500 0.309375 0.273438 0.320312 0.275000 0.326562 0.306250 0.326562 0.310937 0.318750 0.354687 0.315625 0.373437 0.309375 0.401562 0.279687 0.414062 0.239063 0.420312 0.237500 0.420312 0.225000 0.414062 0.223438 0.395313 0.181250 0.398438 0.146875 0.359375 0.125000 0.353125 0.129688 0.345313 0.128125 0.318750 0.103125 0.304688 0.098437 0.301563 0.090625
0 0.851250 0.284375 0.778125 0.284375 0.775000 0.292187 0.726562 0.321875 0.587500 0.396875 0.559375 0.428125 0.553125 0.428125 0.553125 0.540625 0.560937 0.543750 0.585938 0.576562 0.621875 0.595313 0.796875 0.646875 0.807813 0.651563 0.809375 0.657813 0.850000 0.657813 0.871875 0.623437 0.875000 0.579688 0.873437 0.323437 0.870313 0.303125 0.859375 0.284375
0 0.373286 0.034375 0.134375 0.034375 0.127914 0.041220 0.121875 0.043750 0.121875 0.290625 0.179688 0.315625 0.292187 0.339062 0.357812 0.362500 0.377287 0.366286 0.389062 0.362500 0.404687 0.353125 0.425000 0.326562 0.432812 0.323437 0.432812 0.218750 0.425000 0.114062 0.418750 0.084375 0.406250 0.062500 0.381250 0.040625
1 0.801172 0.056250 0.740625 0.060937 0.501563 0.059375 0.479687 0.067187 0.453125 0.090625 0.453125 0.353125 0.459375 0.354687 0.476562 0.384375 0.506250 0.400000 0.539062 0.396875 0.632812 0.335938 0.776563 0.259375 0.839063 0.220312 0.857812 0.187500 0.864062 0.185938 0.864062 0.109375 0.856250 0.106250 0.846875 0.082812 0.834375 0.068750 0.809375 0.056250
0 0.643527 0.609375 0.595313 0.609375 0.595313 0.614062 0.565625 0.639062 0.565625 0.948438 0.571875 0.950000 0.598437 0.984375 0.623437 0.998437 0.756250 0.998437 0.753125 0.989062 0.823438 0.982812 0.854688 0.965625 0.865625 0.950000 0.876563 0.943750 0.876563 0.700000 0.846875 0.682813 0.671875 0.625000 0.654687 0.617188 0.651563 0.609375
0 0.831114 0.034375 0.473438 0.034375 0.473438 0.040625 0.456250 0.062500 0.446875 0.067187 0.446875 0.351562 0.453125 0.353125 0.467187 0.379688 0.485938 0.396875 0.503125 0.404687 0.535937 0.403125 0.707812 0.306250 0.818750 0.254688 0.851562 0.229687 0.868750 0.196875 0.876563 0.193750 0.876563 0.103125 0.870313 0.101562 0.860938 0.064062 0.840625 0.042188 0.839063 0.034375
1 0.626014 0.622286 0.604281 0.626547 0.579688 0.643750 0.573598 0.669162 0.579991 0.798286 0.579688 0.831250 0.585731 0.924148 0.589063 0.929688 0.617188 0.935937 0.627292 0.952127 0.701869 0.949995 0.735961 0.946159 0.761105 0.938916 0.805850 0.935080 0.833123 0.928261 0.853153 0.902692 0.856136 0.713481 0.850595 0.702828 0.831845 0.692175 0.682266 0.642314 0.653714 0.629530 0.637520 0.624842
0 0.205730 0.334375 0.139063 0.334375 0.131250 0.350000 0.121875 0.354687 0.121875 0.542188 0.126562 0.542188 0.129688 0.550000 0.128125 0.593750 0.121875 0.595313 0.121875 0.828125 0.129688 0.834375 0.139063 0.932813 0.154688 0.981250 0.175000 0.998437 0.507812 0.998437 0.540625 0.970313 0.546875 0.956250 0.551562 0.956250 0.551562 0.723437 0.545312 0.721875 0.543750 0.712500 0.545312 0.656250 0.539062 0.621875 0.535937 0.514062 0.526563 0.459375 0.501563 0.434375 0.296875 0.362500 0.218750 0.342187 0.214062 0.334375
5 0.334375 0.431250 0.345313 0.487500 0.343750 0.551562 0.490625 0.810937 0.523438 0.765625 0.503125 0.720313 0.520312 0.704688 0.529687 0.654687 0.529687 0.632812 0.510938 0.592187 0.521875 0.542188 0.510938 0.478125 0.495312 0.462500 0.462500 0.465625 0.445312 0.450000 0.407813 0.440625 0.403125 0.434375 0.362500 0.428125
5 0.145313 0.498437 0.159375 0.553125 0.153125 0.750000 0.137500 0.782813 0.137500 0.803125 0.154688 0.815625 0.217188 0.839063 0.279687 0.904687 0.306250 0.921875 0.362500 0.921875 0.370312 0.929688 0.389062 0.932813 0.414062 0.920312 0.448437 0.871875 0.293750 0.578125 0.265625 0.565625 0.220312 0.531250 0.189062 0.467187
