5 0.345313 0.515625 0.334375 0.515625 0.332813 0.523438 0.264062 0.567187 0.231250 0.614062 0.221875 0.618750 0.221875 0.826562 0.253125 0.826562 0.254688 0.820312 0.334375 0.803125 0.365625 0.787500 0.457813 0.770312 0.457813 0.750000 0.451562 0.748437 0.428125 0.698438 0.356250 0.515625
1 0.608333 0.546875 0.564063 0.546875 0.548438 0.573438 0.540625 0.576562 0.540625 0.843750 0.564063 0.860938 0.590625 0.870313 0.607812 0.870313 0.609375 0.876563 0.770312 0.876563 0.770312 0.871875 0.782813 0.864062 0.782813 0.626563 0.621875 0.554688 0.617188 0.546875
0 0.568750 0.035937 0.504687 0.045312 0.485938 0.060937 0.475000 0.084375 0.468909 0.105389 0.465625 0.134375 0.465625 0.321875 0.492188 0.343750 0.517188 0.351562 0.542188 0.348438 0.729688 0.259375 0.753411 0.247033 0.758916 0.244495 0.776563 0.235937 0.778391 0.038552 0.703455 0.039820
4 0.600781 0.021875 0.590625 0.021875 0.590625 0.028125 0.581250 0.035937 0.531250 0.059375 0.517188 0.082812 0.492188 0.098437 0.473438 0.185938 0.465625 0.189062 0.465625 0.310937 0.471875 0.310937 0.487500 0.334375 0.512500 0.345313 0.514062 0.351562 0.532813 0.351562 0.537500 0.343750 0.673438 0.285938 0.746875 0.245312 0.782813 0.234375 0.782813 0.042188 0.751563 0.043750 0.704688 0.040625 0.678125 0.032813 0.615625 0.031250 0.610938 0.021875
0 0.615178 0.540625 0.587028 0.538334 0.567553 0.543833 0.543845 0.567523 0.539611 0.579791 0.534375 0.864062 0.562500 0.884375 0.582102 0.889378 0.779659 0.893186 0.778391 0.615325 0.629687 0.550000
0 0.236634 0.268161 0.215625 0.271875 0.218853 0.878802 0.223438 0.882812 0.463983 0.886839 0.487500 0.882812 0.510938 0.853125 0.515625 0.835938 0.525000 0.582812 0.526563 0.401562 0.512500 0.384375 0.492188 0.371875 0.378125 0.326562 0.287500 0.287500 0.271875 0.279687
7 0.259895 0.084375 0.242188 0.084375 0.229687 0.103125 0.221875 0.104688 0.221875 0.239063 0.246875 0.242188 0.293750 0.260937 0.340625 0.271875 0.353125 0.284375 0.387500 0.300000 0.390625 0.307812 0.409375 0.307812 0.412500 0.300000 0.435937 0.282813 0.443750 0.259375 0.443750 0.143750 0.434375 0.121875 0.407813 0.098437 0.385937 0.090625 0.384375 0.084375 0.365625 0.084375 0.364063 0.090625 0.321875 0.093750 0.298438 0.103125 0.279687 0.100000 0.268750 0.090625 0.268750 0.084375
0 0.773438 0.259375 0.742188 0.273438 0.579688 0.345313 0.546875 0.371875 0.542575 0.429264 0.546875 0.489063 0.579688 0.510938 0.754687 0.589063 0.778813 0.595444 0.779659 0.258431
0 0.412441 0.034375 0.215625 0.034375 0.215625 0.240625 0.303125 0.271875 0.359375 0.298438 0.395313 0.307812 0.416566 0.305013 0.439063 0.285938 0.450000 0.240625 0.452373 0.185295 0.457813 0.068750 0.425000 0.043750
5 0.325313 0.340625 0.289062 0.340625 0.257812 0.376563 0.231250 0.426563 0.221875 0.431250 0.221875 0.595313 0.232813 0.600000 0.267188 0.564063 0.300000 0.546875 0.320312 0.528125 0.350000 0.520312 0.357812 0.534375 0.356250 0.553125 0.379688 0.579688 0.406250 0.623437 0.406250 0.632812 0.443750 0.632812 0.440625 0.601562 0.432812 0.609375 0.418750 0.607812 0.434375 0.585938 0.475000 0.553125 0.473438 0.545312 0.373437 0.404687 0.353125 0.367188 0.334375 0.346875 0.334375 0.340625
2 0.773750 0.278125 0.737500 0.278125 0.734375 0.285938 0.695312 0.307812 0.584375 0.354687 0.553125 0.379688 0.553125 0.487500 0.698438 0.559375 0.764062 0.581250 0.782813 0.578125 0.782813 0.278125
5 0.452344 0.721875 0.443750 0.721875 0.446875 0.753125 0.443750 0.757812 0.445312 0.764062 0.440625 0.768750 0.414062 0.779687 0.378125 0.785937 0.334375 0.800000 0.334375 0.812500 0.340625 0.812500 0.364063 0.825000 0.400000 0.835938 0.456250 0.835938 0.462500 0.828125 0.464062 0.818750 0.460938 0.721875
5 0.355469 0.359375 0.346875 0.359375 0.346875 0.371875 0.356250 0.375000 0.473438 0.543750 0.473438 0.553125 0.403125 0.614062 0.412500 0.651563 0.460938 0.651563 0.478125 0.598437 0.484375 0.535937 0.506250 0.450000 0.514062 0.445312 0.514062 0.421875 0.368750 0.367188 0.364063 0.359375
5 0.473438 0.603125 0.470313 0.621875 0.464062 0.635938 0.457813 0.642188 0.442188 0.640625 0.409375 0.642188 0.409375 0.664062 0.414062 0.664062 0.417187 0.667188 0.420312 0.678125 0.434375 0.704688 0.440625 0.709375 0.440625 0.714063 0.468750 0.714063 0.470313 0.707812 0.487500 0.703125 0.496875 0.696875 0.501563 0.696875 0.501563 0.673438 0.496875 0.673438 0.493750 0.667188 0.492188 0.643750 0.484375 0.603125
