2 0.692058 0.565625 0.604688 0.565625 0.584375 0.590625 0.578125 0.590625 0.578125 0.921875 0.609375 0.931250 0.634375 0.950000 0.678125 0.940625 0.778125 0.890625 0.801562 0.868750 0.821875 0.840625 0.842187 0.787500 0.845313 0.721875 0.851562 0.720313 0.851562 0.651563 0.845313 0.650000 0.840625 0.634375 0.814063 0.610938 0.760938 0.589063 0.703125 0.573438 0.700000 0.565625
1 0.497869 0.559375 0.414062 0.559375 0.407813 0.568750 0.323437 0.589063 0.228125 0.625000 0.195312 0.643750 0.176563 0.665625 0.171875 0.665625 0.171875 0.821875 0.178125 0.823438 0.195312 0.865625 0.226562 0.914062 0.245312 0.929688 0.253125 0.931250 0.265625 0.925000 0.295312 0.929688 0.354687 0.926562 0.381250 0.953125 0.381250 0.964063 0.393750 0.967187 0.398438 0.964063 0.387500 0.951562 0.393750 0.932813 0.401562 0.926562 0.420312 0.932813 0.442188 0.929688 0.453125 0.939063 0.462500 0.929688 0.489063 0.931250 0.540625 0.918750 0.543750 0.854688 0.534375 0.670312 0.535937 0.606250 0.528125 0.584375 0.506250 0.559375
0 0.576484 0.021875 0.426563 0.021875 0.425000 0.028125 0.279687 0.064062 0.254688 0.079687 0.232813 0.078125 0.195312 0.100000 0.190625 0.115625 0.153125 0.159375 0.129688 0.218750 0.121875 0.221875 0.121875 0.448437 0.126562 0.448437 0.129688 0.456250 0.132812 0.504687 0.142187 0.546875 0.154688 0.570312 0.168750 0.582812 0.168750 0.589063 0.235937 0.589063 0.239063 0.581250 0.260937 0.568750 0.287500 0.567187 0.310937 0.556250 0.346875 0.551562 0.407813 0.532813 0.470313 0.525000 0.495312 0.529687 0.526563 0.548438 0.543750 0.551562 0.571875 0.553125 0.603125 0.537500 0.626563 0.534375 0.703125 0.545312 0.785937 0.568750 0.812500 0.567187 0.834375 0.554688 0.851562 0.537500 0.867188 0.501563 0.870313 0.478125 0.876563 0.476562 0.870313 0.475000 0.876563 0.470313 0.876563 0.218750 0.871875 0.218750 0.862500 0.204687 0.859375 0.176563 0.851562 0.157812 0.840625 0.146875 0.825000 0.140625 0.800000 0.112500 0.778125 0.100000 0.639062 0.040625 0.589063 0.029687 0.584375 0.021875
0 0.692045 0.559375 0.612500 0.559375 0.609375 0.567187 0.571875 0.598437 0.571875 0.923438 0.578125 0.925000 0.585938 0.943750 0.609375 0.970313 0.676562 0.970313 0.679688 0.962500 0.721875 0.945312 0.776563 0.914062 0.828125 0.862500 0.857812 0.801562 0.864062 0.800000 0.864062 0.650000 0.859375 0.650000 0.837500 0.621875 0.818750 0.607812 0.704688 0.567187 0.700000 0.559375
0 0.485742 0.546875 0.429688 0.546875 0.425000 0.554688 0.364063 0.568750 0.276562 0.598437 0.204687 0.634375 0.159375 0.671875 0.153125 0.671875 0.153125 0.823438 0.160938 0.828125 0.168750 0.860938 0.185938 0.898438 0.217188 0.932813 0.235937 0.943750 0.268750 0.950000 0.282813 0.959375 0.328125 0.973437 0.417187 0.979688 0.429688 0.982812 0.431250 0.989062 0.482812 0.989062 0.482812 0.982812 0.490625 0.976562 0.509375 0.976562 0.531250 0.968750 0.545312 0.954688 0.550000 0.942187 0.557813 0.939063 0.557813 0.667188 0.551562 0.665625 0.548438 0.617188 0.539062 0.589063 0.515625 0.562500 0.495312 0.553125 0.493750 0.546875
7 0.274805 0.184375 0.218750 0.184375 0.185938 0.262500 0.195312 0.295312 0.193750 0.306250 0.182812 0.317188 0.160938 0.320312 0.153125 0.343750 0.146875 0.345313 0.146875 0.446875 0.153125 0.448437 0.159375 0.503125 0.171875 0.532813 0.176563 0.560937 0.184375 0.571875 0.198437 0.571875 0.254688 0.545312 0.303125 0.551562 0.334375 0.542188 0.348438 0.534375 0.367188 0.512500 0.392188 0.503125 0.400000 0.492188 0.401562 0.482812 0.387500 0.457813 0.390625 0.426563 0.382812 0.421875 0.357812 0.381250 0.334375 0.318750 0.287500 0.265625 0.282813 0.248438 0.282813 0.184375
5 0.295312 0.259375 0.293750 0.265625 0.320312 0.295312 0.385937 0.345313 0.475000 0.400000 0.496875 0.404687 0.503125 0.414062 0.579688 0.457813 0.646875 0.507812 0.671875 0.510938 0.685937 0.476562 0.654687 0.425000 0.640625 0.412500 0.600000 0.393750 0.396875 0.257812 0.385937 0.257812 0.359375 0.239063 0.320312 0.245312
5 0.421875 0.195312 0.421875 0.201563 0.460938 0.217188 0.503125 0.245312 0.504687 0.253125 0.515625 0.251563 0.650000 0.348438 0.684375 0.362500 0.710938 0.359375 0.767188 0.367188 0.851562 0.239063 0.871875 0.198437 0.873437 0.153125 0.823438 0.128125 0.695312 0.101562 0.600000 0.100000 0.525000 0.110937 0.492188 0.123438 0.467187 0.148438 0.448437 0.179688
5 0.296875 0.204687 0.296875 0.220312 0.307812 0.242188 0.339062 0.239063 0.350000 0.231250 0.337500 0.217188
5 0.348438 0.129688 0.346875 0.143750 0.428125 0.195312 0.450000 0.176563 0.471875 0.140625 0.493750 0.120313 0.543750 0.104688 0.601562 0.095312 0.635938 0.096875 0.650000 0.090625 0.634375 0.071875 0.609375 0.062500 0.478125 0.089063 0.431250 0.087500 0.428125 0.095312 0.367188 0.115625
5 0.356250 0.340625 0.368750 0.381250 0.406250 0.393750 0.429688 0.418750 0.423438 0.431250 0.412500 0.431250 0.429688 0.476562 0.534375 0.553125 0.551562 0.557813 0.571875 0.553125 0.625000 0.501563 0.623437 0.492188 0.609375 0.479687 0.373437 0.342187
