3 0.560937 0.387500 0.560937 0.459375 0.565625 0.484375 0.575000 0.498437 0.692187 0.550000 0.781250 0.581250 0.803125 0.579688 0.829688 0.559375 0.837500 0.543750 0.835938 0.448437 0.846875 0.403125 0.834375 0.343750 0.840625 0.325000 0.839063 0.292187 0.810937 0.257812 0.776563 0.251563 0.709375 0.282813 0.585938 0.348438 0.567187 0.368750
2 0.459375 0.062500 0.462500 0.296875 0.479687 0.328125 0.506250 0.343750 0.526563 0.345313 0.567187 0.334375 0.635938 0.296875 0.640625 0.285938 0.660937 0.271875 0.721875 0.243750 0.742188 0.240625 0.803125 0.207813 0.817187 0.200000 0.839063 0.164062 0.831250 0.064062 0.803125 0.035937 0.762500 0.021875 0.504687 0.012500 0.471875 0.034375
7 0.203125 0.089063 0.168750 0.159375 0.148438 0.164062 0.167187 0.206250 0.198437 0.217188 0.207813 0.240625 0.250000 0.254688 0.267188 0.254688 0.281250 0.264062 0.351562 0.264062 0.373437 0.273438 0.401562 0.270313 0.418750 0.253125 0.437500 0.214062 0.443750 0.150000 0.434375 0.112500 0.403125 0.076563 0.357812 0.056250 0.337500 0.054688 0.320312 0.070312 0.304688 0.115625 0.273438 0.103125 0.275000 0.075000 0.262500 0.065625 0.231250 0.073438
5 0.126562 0.382812 0.126562 0.417187 0.159375 0.460938 0.189062 0.531250 0.293750 0.664062 0.345313 0.546875 0.342187 0.479687 0.356250 0.443750 0.380730 0.411458 0.418750 0.382812 0.243750 0.345313 0.212500 0.351562 0.192188 0.340625 0.160938 0.345313
5 0.395313 0.570312 0.387500 0.600000 0.379688 0.606250 0.385937 0.609375 0.454688 0.564063 0.493750 0.514062 0.476562 0.493750 0.467187 0.495312 0.470313 0.503125 0.451562 0.532813 0.435937 0.532813 0.431250 0.546875 0.414062 0.550000 0.409375 0.562500 0.400000 0.562500
5 0.140625 0.531250 0.140625 0.560937 0.153125 0.573438 0.153125 0.593750 0.175000 0.642188 0.235937 0.695312 0.246875 0.709375 0.246875 0.731250 0.257812 0.735938 0.282813 0.681250 0.278125 0.679688 0.278125 0.665625 0.285938 0.662500 0.212500 0.557813 0.195312 0.546875 0.170313 0.487500 0.164062 0.493750 0.165625 0.528125
5 0.331250 0.723437 0.326562 0.740625 0.339062 0.764062 0.465625 0.642188 0.495312 0.584375 0.512500 0.564063 0.509375 0.542188 0.501563 0.542188 0.496875 0.534375 0.484375 0.535937 0.440625 0.579688 0.373437 0.623437
5 0.292187 0.810937 0.290625 0.832812 0.314063 0.893750 0.335938 0.885938 0.421875 0.812500 0.476562 0.776563 0.521875 0.684375 0.487500 0.679688 0.476562 0.646875 0.470313 0.639062 0.462500 0.642188 0.451562 0.660937 0.345313 0.764062 0.325000 0.779687 0.309375 0.778125
5 0.168750 0.689063 0.167187 0.701562 0.204687 0.767188 0.231250 0.795312 0.240625 0.781250 0.245312 0.754687 0.218750 0.698438 0.196875 0.675000 0.192188 0.660937
5 0.276562 0.879687 0.271875 0.887500 0.276562 0.889062 0.278125 0.907813 0.292187 0.921875 0.353125 0.914062 0.490625 0.826562 0.525000 0.775000 0.525000 0.764062 0.514062 0.759375 0.504687 0.735938 0.496875 0.737500 0.482812 0.771875 0.468750 0.785937 0.395313 0.832812 0.329688 0.890625 0.306250 0.893750 0.290625 0.884375 0.285938 0.871875
5 0.159375 0.739062 0.153125 0.760938 0.209375 0.839063 0.223438 0.817187 0.221875 0.796875 0.178125 0.723437 0.170313 0.721875
0 0.171875 0.270313 0.170313 0.271875 0.165625 0.271875 0.164062 0.273438 0.162500 0.273438 0.160938 0.275000 0.159375 0.275000 0.157812 0.276562 0.156250 0.276562 0.154688 0.278125 0.153125 0.278125 0.148438 0.282813 0.146875 0.282813 0.143750 0.285938 0.142187 0.285938 0.132812 0.295312 0.132812 0.296875 0.131250 0.298438 0.131250 0.300000 0.129688 0.301563 0.129688 0.303125 0.128125 0.304688 0.128125 0.307812 0.126562 0.309375 0.126562 0.318750 0.125000 0.320312 0.125000 0.357812 0.123438 0.359375 0.123438 0.442188 0.125000 0.443750 0.125000 0.484375 0.126562 0.485938 0.126562 0.562500 0.128125 0.564063 0.128125 0.576562 0.129688 0.578125 0.129688 0.582812 0.131250 0.584375 0.131250 0.585938 0.132812 0.587500 0.132812 0.657813 0.134375 0.659375 0.134375 0.670312 0.135937 0.671875 0.135937 0.717187 0.137500 0.718750 0.137500 0.731250 0.139063 0.732812 0.139063 0.771875 0.140625 0.773438 0.140625 0.785937 0.142187 0.787500 0.142187 0.793750 0.143750 0.795312 0.143750 0.889062 0.145313 0.890625 0.145313 0.895312 0.146875 0.896875 0.146875 0.901563 0.148438 0.903125 0.148438 0.904687 0.150000 0.906250 0.150000 0.907813 0.151562 0.909375 0.151562 0.910937 0.153125 0.912500 0.153125 0.914062 0.154688 0.915625 0.154688 0.917188 0.159375 0.921875 0.159375 0.923438 0.167187 0.931250 0.168750 0.931250 0.173437 0.935937 0.175000 0.935937 0.176563 0.937500 0.178125 0.937500 0.181250 0.940625 0.184375 0.940625 0.185938 0.942187 0.187500 0.942187 0.189062 0.943750 0.192188 0.943750 0.193750 0.945312 0.198437 0.945312 0.200000 0.946875 0.215625 0.946875 0.217188 0.948438 0.275000 0.948438 0.276562 0.946875 0.281250 0.946875 0.282813 0.945312 0.298438 0.945312 0.300000 0.943750 0.325000 0.943750 0.326562 0.945312 0.379688 0.945312 0.381250 0.943750 0.409375 0.943750 0.410938 0.942187 0.421875 0.942187 0.423438 0.940625 0.453125 0.940625 0.454688 0.939063 0.467187 0.939063 0.468750 0.937500 0.475000 0.937500 0.476562 0.935937 0.481250 0.935937 0.482812 0.934375 0.485938 0.934375 0.487500 0.932813 0.489063 0.932813 0.490625 0.931250 0.492188 0.931250 0.493750 0.929688 0.495312 0.929688 0.496875 0.928125 0.498437 0.928125 0.500000 0.926562 0.501563 0.926562 0.504687 0.923438 0.506250 0.923438 0.507812 0.921875 0.509375 0.921875 0.512500 0.918750 0.514062 0.918750 0.517188 0.915625 0.518750 0.915625 0.532813 0.901563 0.532813 0.900000 0.535937 0.896875 0.535937 0.895312 0.537500 0.893750 0.537500 0.892188 0.539062 0.890625 0.539062 0.889062 0.540625 0.887500 0.540625 0.884375 0.542188 0.882812 0.542188 0.879687 0.543750 0.878125 0.543750 0.873437 0.545312 0.871875 0.545312 0.828125 0.543750 0.826562 0.543750 0.807813 0.542188 0.806250 0.542188 0.789062 0.540625 0.787500 0.542188 0.785937 0.542188 0.776563 0.540625 0.775000 0.542188 0.773438 0.542188 0.764062 0.540625 0.762500 0.542188 0.760938 0.542188 0.750000 0.540625 0.748437 0.542188 0.746875 0.542188 0.737500 0.540625 0.735938 0.542188 0.734375 0.542188 0.725000 0.540625 0.723437 0.542188 0.721875 0.542188 0.712500 0.540625 0.710938 0.542188 0.709375 0.542188 0.700000 0.540625 0.698438 0.540625 0.660937 0.542188 0.659375 0.542188 0.648438 0.540625 0.646875 0.542188 0.645312 0.542188 0.635938 0.540625 0.634375 0.542188 0.632812 0.542188 0.623437 0.540625 0.621875 0.542188 0.620313 0.542188 0.618750 0.540625 0.617188 0.540625 0.543750 0.539062 0.542188 0.539062 0.532813 0.537500 0.531250 0.537500 0.526563 0.535937 0.525000 0.535937 0.515625 0.537500 0.514062 0.537500 0.501563 0.539062 0.500000 0.539062 0.442188 0.537500 0.440625 0.537500 0.432812 0.535937 0.431250 0.535937 0.426563 0.534375 0.425000 0.534375 0.418750 0.532813 0.417187 0.532813 0.412500 0.531250 0.410938 0.531250 0.409375 0.529687 0.407813 0.529687 0.404687 0.528125 0.403125 0.528125 0.401562 0.525000 0.398438 0.525000 0.396875 0.521875 0.393750 0.521875 0.392188 0.509375 0.379688 0.507812 0.379688 0.504687 0.376563 0.503125 0.376563 0.501563 0.375000 0.500000 0.375000 0.498437 0.373437 0.496875 0.373437 0.495312 0.371875 0.493750 0.371875 0.492188 0.370312 0.489063 0.370312 0.487500 0.368750 0.484375 0.368750 0.482812 0.367188 0.478125 0.367188 0.476562 0.365625 0.475000 0.365625 0.473438 0.364063 0.471875 0.364063 0.470313 0.362500 0.468750 0.362500 0.467187 0.360938 0.465625 0.360938 0.464062 0.359375 0.460938 0.359375 0.459375 0.357812 0.457813 0.357812 0.456250 0.356250 0.454688 0.356250 0.453125 0.354687 0.451562 0.354687 0.450000 0.353125 0.446875 0.353125 0.445312 0.351562 0.442188 0.351562 0.440625 0.350000 0.435937 0.350000 0.434375 0.348438 0.428125 0.348438 0.426563 0.346875 0.425000 0.346875 0.423438 0.345313 0.421875 0.345313 0.420312 0.343750 0.417187 0.343750 0.415625 0.342187 0.414062 0.342187 0.410938 0.339062 0.409375 0.339062 0.407813 0.337500 0.406250 0.337500 0.404687 0.335938 0.403125 0.335938 0.401562 0.334375 0.398438 0.334375 0.396875 0.332813 0.395313 0.332813 0.393750 0.331250 0.390625 0.331250 0.389062 0.329688 0.385937 0.329688 0.384375 0.328125 0.382812 0.328125 0.381250 0.326562 0.379688 0.326562 0.378125 0.325000 0.375000 0.325000 0.373437 0.323437 0.370312 0.323437 0.368750 0.321875 0.365625 0.321875 0.364063 0.320312 0.360938 0.320312 0.359375 0.318750 0.353125 0.318750 0.351562 0.317188 0.342187 0.317188 0.340625 0.315625 0.335938 0.315625 0.334375 0.314063 0.331250 0.314063 0.329688 0.312500 0.326562 0.312500 0.325000 0.310937 0.321875 0.310937 0.320312 0.309375 0.315625 0.309375 0.314063 0.307812 0.309375 0.307812 0.307812 0.306250 0.306250 0.306250 0.304688 0.304688 0.303125 0.304688 0.301563 0.303125 0.298438 0.303125 0.296875 0.301563 0.293750 0.301563 0.292187 0.300000 0.287500 0.300000 0.285938 0.298438 0.278125 0.298438 0.276562 0.296875 0.275000 0.296875 0.273438 0.295312 0.270313 0.295312 0.268750 0.293750 0.265625 0.293750 0.264062 0.292187 0.259375 0.292187 0.257812 0.290625 0.256250 0.290625 0.254688 0.289062 0.253125 0.289062 0.251563 0.287500 0.250000 0.287500 0.248438 0.285938 0.245312 0.285938 0.243750 0.284375 0.242188 0.284375 0.240625 0.282813 0.239063 0.282813 0.237500 0.281250 0.235937 0.281250 0.234375 0.279687 0.232813 0.279687 0.231250 0.278125 0.229687 0.278125 0.228125 0.276562 0.226562 0.276562 0.225000 0.275000 0.221875 0.275000 0.220312 0.273438 0.214062 0.273438 0.212500 0.271875 0.204687 0.271875 0.203125 0.270313
0 0.146875 0.000000 0.145313 0.001563 0.143750 0.001563 0.140625 0.004687 0.139063 0.004687 0.131250 0.012500 0.131250 0.014063 0.129688 0.015625 0.129688 0.017188 0.128125 0.018750 0.128125 0.028125 0.126562 0.029687 0.126562 0.039062 0.128125 0.040625 0.128125 0.042188 0.126562 0.043750 0.126562 0.120313 0.125000 0.121875 0.125000 0.156250 0.126562 0.157812 0.126562 0.184375 0.125000 0.185938 0.125000 0.204687 0.126562 0.206250 0.126562 0.210938 0.128125 0.212500 0.128125 0.214062 0.137500 0.223438 0.139063 0.223438 0.140625 0.225000 0.142187 0.225000 0.143750 0.226562 0.146875 0.226562 0.148438 0.228125 0.151562 0.228125 0.153125 0.229687 0.154688 0.229687 0.156250 0.231250 0.159375 0.231250 0.160938 0.232813 0.165625 0.232813 0.167187 0.234375 0.171875 0.234375 0.173437 0.235937 0.178125 0.235937 0.179688 0.237500 0.181250 0.237500 0.182812 0.239063 0.184375 0.239063 0.185938 0.240625 0.187500 0.240625 0.189062 0.242188 0.192188 0.242188 0.193750 0.243750 0.196875 0.243750 0.198437 0.245312 0.204687 0.245312 0.206250 0.246875 0.209375 0.246875 0.212500 0.250000 0.215625 0.250000 0.217188 0.251563 0.221875 0.251563 0.223438 0.253125 0.226562 0.253125 0.228125 0.254688 0.232813 0.254688 0.234375 0.256250 0.237500 0.256250 0.239063 0.257812 0.243750 0.257812 0.245312 0.259375 0.246875 0.259375 0.248438 0.260937 0.250000 0.260937 0.251563 0.262500 0.254688 0.262500 0.256250 0.264062 0.259375 0.264062 0.260937 0.265625 0.264062 0.265625 0.265625 0.267188 0.270313 0.267188 0.271875 0.268750 0.275000 0.268750 0.276562 0.270313 0.279687 0.270313 0.281250 0.271875 0.282813 0.271875 0.284375 0.273438 0.287500 0.273438 0.289062 0.275000 0.292187 0.275000 0.293750 0.276562 0.301563 0.276562 0.303125 0.278125 0.306250 0.278125 0.307812 0.279687 0.309375 0.279687 0.310937 0.281250 0.312500 0.281250 0.314063 0.282813 0.317188 0.282813 0.318750 0.284375 0.320312 0.284375 0.321875 0.285938 0.325000 0.285938 0.326562 0.287500 0.329688 0.287500 0.331250 0.289062 0.334375 0.289062 0.335938 0.290625 0.337500 0.290625 0.340625 0.293750 0.342187 0.293750 0.343750 0.295312 0.345313 0.295312 0.348438 0.298438 0.350000 0.298438 0.351562 0.300000 0.354687 0.300000 0.356250 0.301563 0.364063 0.301563 0.365625 0.303125 0.370312 0.303125 0.371875 0.304688 0.395313 0.304688 0.396875 0.303125 0.400000 0.303125 0.401562 0.301563 0.406250 0.301563 0.407813 0.300000 0.409375 0.300000 0.410938 0.298438 0.412500 0.298438 0.415625 0.295312 0.417187 0.295312 0.421875 0.290625 0.423438 0.290625 0.429688 0.284375 0.429688 0.282813 0.431250 0.281250 0.431250 0.279687 0.434375 0.276562 0.434375 0.275000 0.435937 0.273438 0.435937 0.270313 0.437500 0.268750 0.437500 0.264062 0.439063 0.262500 0.439063 0.243750 0.440625 0.242188 0.440625 0.100000 0.439063 0.098437 0.439063 0.079687 0.437500 0.078125 0.437500 0.068750 0.435937 0.067187 0.435937 0.057813 0.434375 0.056250 0.434375 0.048438 0.432812 0.046875 0.432812 0.043750 0.431250 0.042188 0.431250 0.040625 0.429688 0.039062 0.429688 0.037500 0.428125 0.035937 0.428125 0.034375 0.423438 0.029687 0.421875 0.029687 0.418750 0.026562 0.417187 0.026562 0.412500 0.021875 0.412500 0.020313 0.410938 0.018750 0.410938 0.017188 0.404687 0.010937 0.403125 0.010937 0.401562 0.009375 0.400000 0.009375 0.398438 0.007812 0.393750 0.007812 0.392188 0.006250 0.379688 0.006250 0.378125 0.004687 0.365625 0.004687 0.364063 0.003125 0.357812 0.003125 0.356250 0.001563 0.307812 0.001563 0.306250 0.000000
0 0.496875 0.007812 0.495312 0.009375 0.489063 0.009375 0.487500 0.010937 0.484375 0.010937 0.482812 0.012500 0.481250 0.012500 0.478125 0.015625 0.476562 0.015625 0.465625 0.026562 0.465625 0.028125 0.464062 0.029687 0.464062 0.031250 0.460938 0.034375 0.460938 0.035937 0.459375 0.037500 0.459375 0.039062 0.457813 0.040625 0.457813 0.042188 0.456250 0.043750 0.456250 0.045312 0.454688 0.046875 0.454688 0.054688 0.453125 0.056250 0.453125 0.067187 0.454688 0.068750 0.454688 0.107813 0.456250 0.109375 0.456250 0.164062 0.457813 0.165625 0.457813 0.210938 0.459375 0.212500 0.459375 0.259375 0.460938 0.260937 0.460938 0.262500 0.459375 0.264062 0.459375 0.290625 0.460938 0.292187 0.460938 0.295312 0.462500 0.296875 0.462500 0.309375 0.464062 0.310937 0.464062 0.314063 0.465625 0.315625 0.465625 0.317188 0.467187 0.318750 0.467187 0.320312 0.468750 0.321875 0.468750 0.323437 0.471875 0.326562 0.471875 0.328125 0.479687 0.335938 0.481250 0.335938 0.484375 0.339062 0.485938 0.339062 0.489063 0.342187 0.490625 0.342187 0.493750 0.345313 0.496875 0.345313 0.498437 0.346875 0.500000 0.346875 0.501563 0.348438 0.506250 0.348438 0.507812 0.350000 0.515625 0.350000 0.517188 0.351562 0.535937 0.351562 0.537500 0.350000 0.542188 0.350000 0.543750 0.348438 0.545312 0.348438 0.548438 0.345313 0.550000 0.345313 0.551562 0.343750 0.554688 0.343750 0.556250 0.342187 0.557813 0.342187 0.559375 0.340625 0.560937 0.340625 0.562500 0.339062 0.564063 0.339062 0.565625 0.337500 0.567187 0.337500 0.568750 0.335938 0.570312 0.335938 0.571875 0.334375 0.573438 0.334375 0.578125 0.329688 0.579688 0.329688 0.585938 0.323437 0.587500 0.323437 0.589063 0.321875 0.593750 0.321875 0.595313 0.320312 0.596875 0.320312 0.598437 0.318750 0.600000 0.318750 0.601562 0.317188 0.603125 0.317188 0.604688 0.315625 0.606250 0.315625 0.607812 0.314063 0.609375 0.314063 0.610938 0.312500 0.612500 0.312500 0.614062 0.310937 0.615625 0.310937 0.617188 0.309375 0.618750 0.309375 0.620313 0.307812 0.621875 0.307812 0.623437 0.306250 0.625000 0.306250 0.626563 0.304688 0.628125 0.304688 0.629687 0.303125 0.631250 0.303125 0.634375 0.300000 0.635938 0.300000 0.637500 0.298438 0.639062 0.298438 0.642188 0.295312 0.643750 0.295312 0.645312 0.293750 0.646875 0.293750 0.650000 0.290625 0.651563 0.290625 0.653125 0.289062 0.656250 0.289062 0.657813 0.287500 0.659375 0.287500 0.660937 0.285938 0.662500 0.285938 0.664062 0.284375 0.665625 0.284375 0.667188 0.282813 0.668750 0.282813 0.670312 0.281250 0.671875 0.281250 0.675000 0.278125 0.676562 0.278125 0.678125 0.276562 0.679688 0.276562 0.682813 0.273438 0.684375 0.273438 0.685937 0.271875 0.687500 0.271875 0.689063 0.270313 0.690625 0.270313 0.692187 0.268750 0.693750 0.268750 0.695312 0.267188 0.696875 0.267188 0.698438 0.265625 0.700000 0.265625 0.701562 0.264062 0.703125 0.264062 0.704688 0.262500 0.706250 0.262500 0.707812 0.260937 0.709375 0.260937 0.710938 0.259375 0.712500 0.259375 0.714063 0.257812 0.715625 0.257812 0.718750 0.254688 0.721875 0.254688 0.723437 0.253125 0.726562 0.253125 0.728125 0.251563 0.729688 0.251563 0.731250 0.250000 0.734375 0.250000 0.735938 0.248438 0.737500 0.248438 0.740625 0.245312 0.742188 0.245312 0.743750 0.243750 0.745313 0.243750 0.746875 0.242188 0.748437 0.242188 0.751563 0.239063 0.753125 0.239063 0.756250 0.235937 0.759375 0.235937 0.760938 0.234375 0.762500 0.234375 0.765625 0.231250 0.767188 0.231250 0.770312 0.228125 0.771875 0.228125 0.773438 0.226562 0.775000 0.226562 0.776563 0.225000 0.778125 0.225000 0.781250 0.221875 0.782813 0.221875 0.784375 0.220312 0.787500 0.220312 0.789062 0.218750 0.790625 0.218750 0.792188 0.217188 0.795312 0.217188 0.796875 0.215625 0.798438 0.215625 0.800000 0.214062 0.801562 0.214062 0.803125 0.212500 0.804688 0.212500 0.807813 0.209375 0.809375 0.209375 0.810937 0.207813 0.812500 0.207813 0.820312 0.200000 0.821875 0.200000 0.831250 0.190625 0.831250 0.189062 0.834375 0.185938 0.834375 0.184375 0.835938 0.182812 0.835938 0.181250 0.837500 0.179688 0.837500 0.178125 0.839063 0.176563 0.839063 0.175000 0.840625 0.173437 0.840625 0.171875 0.842187 0.170313 0.843750 0.170313 0.843750 0.157812 0.845313 0.156250 0.845313 0.142187 0.846875 0.140625 0.846875 0.135937 0.848437 0.134375 0.848437 0.126562 0.850000 0.125000 0.850000 0.101562 0.848437 0.100000 0.848437 0.079687 0.846875 0.078125 0.846875 0.071875 0.845313 0.070312 0.845313 0.060937 0.843750 0.059375 0.843750 0.051562 0.842187 0.050000 0.842187 0.045312 0.840625 0.043750 0.840625 0.042188 0.839063 0.040625 0.839063 0.037500 0.831250 0.029687 0.829688 0.029687 0.826562 0.026562 0.825000 0.026562 0.823438 0.025000 0.821875 0.025000 0.820312 0.023438 0.817187 0.023438 0.815625 0.021875 0.814063 0.021875 0.812500 0.020313 0.796875 0.020313 0.795312 0.018750 0.768750 0.018750 0.767188 0.017188 0.750000 0.017188 0.748437 0.015625 0.703125 0.015625 0.701562 0.014063 0.667188 0.014063 0.665625 0.012500 0.625000 0.012500 0.623437 0.010937 0.610938 0.010937 0.609375 0.009375 0.590625 0.009375 0.589063 0.010937 0.582812 0.010937 0.581250 0.009375 0.571875 0.009375 0.570312 0.007812 0.556250 0.007812 0.554688 0.009375 0.539062 0.009375 0.537500 0.007812 0.521875 0.007812 0.520312 0.009375 0.512500 0.009375 0.510938 0.007812
0 0.795312 0.231250 0.793750 0.232813 0.793750 0.235937 0.792188 0.237500 0.789062 0.237500 0.787500 0.239063 0.781250 0.239063 0.779687 0.240625 0.776563 0.240625 0.775000 0.242188 0.771875 0.242188 0.770312 0.243750 0.768750 0.243750 0.767188 0.245312 0.765625 0.245312 0.760938 0.250000 0.759375 0.250000 0.757812 0.251563 0.756250 0.251563 0.753125 0.254688 0.750000 0.254688 0.748437 0.256250 0.746875 0.256250 0.743750 0.259375 0.742188 0.259375 0.735938 0.265625 0.734375 0.265625 0.732812 0.267188 0.728125 0.267188 0.726562 0.268750 0.723437 0.268750 0.721875 0.270313 0.720313 0.270313 0.718750 0.271875 0.717187 0.271875 0.714063 0.275000 0.712500 0.275000 0.707812 0.279687 0.706250 0.279687 0.704688 0.281250 0.703125 0.281250 0.696875 0.287500 0.695312 0.287500 0.693750 0.289062 0.692187 0.289062 0.690625 0.290625 0.689063 0.290625 0.687500 0.292187 0.685937 0.292187 0.682813 0.295312 0.681250 0.295312 0.679688 0.296875 0.678125 0.296875 0.675000 0.300000 0.673438 0.300000 0.671875 0.301563 0.668750 0.301563 0.667188 0.303125 0.665625 0.303125 0.664062 0.304688 0.659375 0.304688 0.657813 0.306250 0.654687 0.306250 0.653125 0.307812 0.651563 0.307812 0.650000 0.309375 0.648438 0.309375 0.646875 0.310937 0.645312 0.310937 0.643750 0.312500 0.642188 0.312500 0.639062 0.315625 0.637500 0.315625 0.631250 0.321875 0.629687 0.321875 0.625000 0.326562 0.623437 0.326562 0.620313 0.329688 0.618750 0.329688 0.617188 0.331250 0.614062 0.331250 0.612500 0.332813 0.610938 0.332813 0.609375 0.334375 0.607812 0.334375 0.604688 0.337500 0.600000 0.337500 0.598437 0.339062 0.596875 0.339062 0.595313 0.340625 0.593750 0.340625 0.592187 0.342187 0.590625 0.342187 0.589063 0.343750 0.587500 0.343750 0.584375 0.346875 0.582812 0.346875 0.578125 0.351562 0.576562 0.351562 0.571875 0.356250 0.571875 0.357812 0.565625 0.364063 0.565625 0.365625 0.562500 0.368750 0.562500 0.371875 0.560937 0.373437 0.560937 0.381250 0.559375 0.382812 0.559375 0.387500 0.557813 0.389062 0.557813 0.406250 0.556250 0.407813 0.556250 0.465625 0.557813 0.467187 0.557813 0.471875 0.559375 0.473438 0.559375 0.482812 0.560937 0.484375 0.560937 0.487500 0.562500 0.489063 0.562500 0.490625 0.564063 0.492188 0.564063 0.493750 0.565625 0.495312 0.565625 0.496875 0.567187 0.498437 0.567187 0.500000 0.578125 0.510938 0.579688 0.510938 0.581250 0.512500 0.582812 0.512500 0.584375 0.514062 0.587500 0.514062 0.589063 0.515625 0.590625 0.515625 0.592187 0.517188 0.596875 0.517188 0.600000 0.520312 0.601562 0.520312 0.603125 0.521875 0.604688 0.521875 0.606250 0.523438 0.607812 0.523438 0.609375 0.525000 0.612500 0.525000 0.614062 0.526563 0.615625 0.526563 0.617188 0.528125 0.620313 0.528125 0.621875 0.529687 0.625000 0.529687 0.626563 0.531250 0.629687 0.531250 0.631250 0.532813 0.632812 0.532813 0.634375 0.534375 0.635938 0.534375 0.637500 0.535937 0.639062 0.535937 0.640625 0.537500 0.642188 0.537500 0.643750 0.539062 0.650000 0.539062 0.651563 0.540625 0.654687 0.540625 0.656250 0.542188 0.657813 0.542188 0.659375 0.543750 0.662500 0.543750 0.664062 0.545312 0.665625 0.545312 0.667188 0.546875 0.668750 0.546875 0.670312 0.548438 0.673438 0.548438 0.675000 0.550000 0.676562 0.550000 0.678125 0.551562 0.681250 0.551562 0.682813 0.553125 0.685937 0.553125 0.687500 0.554688 0.690625 0.554688 0.692187 0.556250 0.693750 0.556250 0.695312 0.557813 0.696875 0.557813 0.698438 0.559375 0.700000 0.559375 0.701562 0.560937 0.707812 0.560937 0.709375 0.562500 0.712500 0.562500 0.714063 0.564063 0.717187 0.564063 0.718750 0.565625 0.720313 0.565625 0.721875 0.567187 0.725000 0.567187 0.726562 0.568750 0.729688 0.568750 0.731250 0.570312 0.735938 0.570312 0.737500 0.571875 0.740625 0.571875 0.742188 0.573438 0.745313 0.573438 0.746875 0.575000 0.750000 0.575000 0.751563 0.576562 0.754687 0.576562 0.756250 0.578125 0.759375 0.578125 0.760938 0.579688 0.762500 0.579688 0.764062 0.581250 0.765625 0.581250 0.767188 0.582812 0.768750 0.582812 0.770312 0.584375 0.771875 0.584375 0.773438 0.585938 0.776563 0.585938 0.778125 0.587500 0.782813 0.587500 0.784375 0.589063 0.790625 0.589063 0.792188 0.590625 0.814063 0.590625 0.815625 0.589063 0.821875 0.589063 0.823438 0.587500 0.826562 0.587500 0.828125 0.585938 0.831250 0.585938 0.834375 0.582812 0.835938 0.582812 0.845313 0.573438 0.845313 0.571875 0.846875 0.570312 0.846875 0.568750 0.848437 0.567187 0.848437 0.565625 0.850000 0.564063 0.850000 0.557813 0.851562 0.556250 0.851562 0.551562 0.853125 0.550000 0.853125 0.512500 0.854688 0.510938 0.854688 0.471875 0.853125 0.470313 0.853125 0.440625 0.851562 0.439063 0.851562 0.431250 0.853125 0.429688 0.853125 0.401562 0.854688 0.400000 0.854688 0.378125 0.856250 0.376563 0.856250 0.314063 0.857812 0.312500 0.857812 0.278125 0.856250 0.276562 0.856250 0.273438 0.854688 0.271875 0.854688 0.270313 0.850000 0.265625 0.850000 0.264062 0.840625 0.254688 0.840625 0.253125 0.839063 0.251563 0.839063 0.250000 0.837500 0.248438 0.837500 0.246875 0.835938 0.245312 0.835938 0.243750 0.834375 0.243750 0.829688 0.239063 0.828125 0.239063 0.826562 0.237500 0.823438 0.237500 0.821875 0.235937 0.818750 0.235937 0.817187 0.234375 0.814063 0.234375 0.812500 0.232813 0.807813 0.232813 0.806250 0.231250
0 0.606250 0.550000 0.604688 0.551562 0.601562 0.551562 0.600000 0.553125 0.596875 0.553125 0.593750 0.556250 0.592187 0.556250 0.590625 0.557813 0.589063 0.557813 0.587500 0.559375 0.585938 0.559375 0.584375 0.560937 0.582812 0.560937 0.576562 0.567187 0.576562 0.568750 0.575000 0.570312 0.575000 0.571875 0.573438 0.573438 0.573438 0.575000 0.571875 0.576562 0.571875 0.579688 0.568750 0.582812 0.568750 0.584375 0.565625 0.587500 0.565625 0.589063 0.564063 0.590625 0.564063 0.593750 0.562500 0.595313 0.562500 0.596875 0.560937 0.598437 0.560937 0.601562 0.559375 0.603125 0.559375 0.609375 0.557813 0.610938 0.557813 0.632812 0.559375 0.634375 0.559375 0.640625 0.560937 0.642188 0.560937 0.645312 0.562500 0.646875 0.562500 0.648438 0.564063 0.650000 0.564063 0.653125 0.562500 0.654687 0.562500 0.768750 0.564063 0.770312 0.564063 0.801562 0.565625 0.803125 0.565625 0.810937 0.564063 0.812500 0.564063 0.828125 0.565625 0.829688 0.565625 0.842187 0.564063 0.843750 0.564063 0.854688 0.565625 0.856250 0.564063 0.857812 0.564063 0.867188 0.565625 0.868750 0.565625 0.873437 0.567187 0.875000 0.567187 0.881250 0.568750 0.882812 0.568750 0.884375 0.570312 0.885938 0.570312 0.887500 0.573438 0.890625 0.573438 0.892188 0.575000 0.893750 0.575000 0.895312 0.578125 0.898438 0.578125 0.900000 0.581250 0.903125 0.582812 0.903125 0.589063 0.909375 0.590625 0.909375 0.592187 0.910937 0.593750 0.910937 0.595313 0.912500 0.596875 0.912500 0.598437 0.914062 0.600000 0.914062 0.601562 0.915625 0.607812 0.915625 0.609375 0.917188 0.610938 0.917188 0.612500 0.918750 0.617188 0.918750 0.618750 0.920312 0.625000 0.920312 0.626563 0.921875 0.645312 0.921875 0.646875 0.920312 0.653125 0.920312 0.654687 0.918750 0.659375 0.918750 0.660937 0.917188 0.670312 0.917188 0.671875 0.915625 0.678125 0.915625 0.679688 0.914062 0.692187 0.914062 0.693750 0.912500 0.707812 0.912500 0.709375 0.910937 0.720313 0.910937 0.721875 0.909375 0.726562 0.909375 0.728125 0.907813 0.750000 0.907813 0.751563 0.906250 0.764062 0.906250 0.765625 0.907813 0.793750 0.907813 0.795312 0.906250 0.803125 0.906250 0.804688 0.904687 0.807813 0.904687 0.809375 0.903125 0.812500 0.903125 0.814063 0.901563 0.815625 0.901563 0.817187 0.900000 0.818750 0.900000 0.820312 0.898438 0.821875 0.898438 0.825000 0.895312 0.826562 0.895312 0.829688 0.892188 0.831250 0.892188 0.840625 0.882812 0.840625 0.881250 0.845313 0.876563 0.845313 0.875000 0.848437 0.871875 0.848437 0.870313 0.850000 0.868750 0.850000 0.865625 0.851562 0.864062 0.851562 0.862500 0.853125 0.860938 0.853125 0.857812 0.854688 0.856250 0.854688 0.851562 0.856250 0.850000 0.856250 0.795312 0.857812 0.793750 0.857812 0.782813 0.859375 0.781250 0.859375 0.773438 0.860938 0.771875 0.860938 0.739062 0.859375 0.737500 0.860938 0.735938 0.860938 0.732812 0.862500 0.731250 0.862500 0.726562 0.860938 0.725000 0.860938 0.717187 0.862500 0.715625 0.862500 0.695312 0.860938 0.693750 0.860938 0.689063 0.859375 0.687500 0.859375 0.676562 0.857812 0.675000 0.857812 0.668750 0.856250 0.667188 0.856250 0.662500 0.854688 0.660937 0.854688 0.657813 0.853125 0.656250 0.853125 0.654687 0.851562 0.653125 0.851562 0.651563 0.850000 0.650000 0.850000 0.648438 0.848437 0.646875 0.848437 0.645312 0.846875 0.643750 0.846875 0.642188 0.842187 0.637500 0.842187 0.635938 0.831250 0.625000 0.829688 0.625000 0.825000 0.620313 0.823438 0.620313 0.820312 0.617188 0.818750 0.617188 0.817187 0.615625 0.815625 0.615625 0.814063 0.614062 0.812500 0.614062 0.810937 0.612500 0.807813 0.612500 0.806250 0.610938 0.804688 0.610938 0.803125 0.609375 0.801562 0.609375 0.800000 0.607812 0.796875 0.607812 0.795312 0.606250 0.792188 0.606250 0.790625 0.604688 0.785937 0.604688 0.784375 0.603125 0.781250 0.603125 0.779687 0.601562 0.775000 0.601562 0.773438 0.600000 0.768750 0.600000 0.767188 0.598437 0.765625 0.598437 0.764062 0.596875 0.760938 0.596875 0.757812 0.593750 0.756250 0.593750 0.754687 0.592187 0.753125 0.592187 0.751563 0.590625 0.748437 0.590625 0.746875 0.589063 0.743750 0.589063 0.742188 0.587500 0.739062 0.587500 0.737500 0.585938 0.732812 0.585938 0.731250 0.584375 0.726562 0.584375 0.725000 0.582812 0.723437 0.582812 0.721875 0.581250 0.720313 0.581250 0.718750 0.579688 0.715625 0.579688 0.714063 0.578125 0.709375 0.578125 0.707812 0.576562 0.704688 0.576562 0.703125 0.575000 0.701562 0.575000 0.700000 0.573438 0.698438 0.573438 0.696875 0.571875 0.695312 0.571875 0.693750 0.570312 0.692187 0.570312 0.690625 0.568750 0.689063 0.568750 0.687500 0.567187 0.684375 0.567187 0.682813 0.565625 0.681250 0.565625 0.679688 0.564063 0.676562 0.564063 0.675000 0.562500 0.671875 0.562500 0.670312 0.560937 0.668750 0.560937 0.667188 0.559375 0.665625 0.559375 0.664062 0.557813 0.660937 0.557813 0.659375 0.556250 0.656250 0.556250 0.654687 0.554688 0.651563 0.554688 0.650000 0.553125 0.645312 0.553125 0.643750 0.551562 0.618750 0.551562 0.617188 0.550000
