4 0.491927 0.659375 0.451562 0.659375 0.448437 0.667188 0.425000 0.675000 0.310937 0.735938 0.254688 0.754687 0.153125 0.814063 0.134375 0.848437 0.128125 0.850000 0.128125 0.935937 0.135937 0.939063 0.140625 0.968750 0.157812 0.971875 0.164062 0.989062 0.253125 0.989062 0.254688 0.982812 0.271875 0.981250 0.293750 0.982812 0.295312 0.989062 0.306250 0.989062 0.307812 0.982812 0.339062 0.970313 0.290625 0.950000 0.279687 0.932813 0.315625 0.931250 0.325000 0.925000 0.364063 0.926562 0.371875 0.934375 0.375000 0.946875 0.389062 0.951562 0.406250 0.926562 0.439063 0.931250 0.448437 0.925000 0.504687 0.926562 0.523438 0.917188 0.531250 0.900000 0.539062 0.896875 0.539062 0.868750 0.534375 0.868750 0.531250 0.860938 0.531250 0.831250 0.532813 0.825000 0.539062 0.823438 0.539062 0.803125 0.532813 0.801562 0.529687 0.790625 0.525000 0.692187 0.500000 0.659375
5 0.699219 0.165625 0.673438 0.165625 0.671875 0.173437 0.581250 0.271875 0.551562 0.312500 0.490625 0.378125 0.484375 0.378125 0.484375 0.417187 0.490625 0.417187 0.539062 0.459375 0.692187 0.623437 0.703125 0.645312 0.710938 0.645312 0.710938 0.640625 0.751563 0.600000 0.767188 0.556250 0.779687 0.435937 0.782813 0.423438 0.789062 0.421875 0.789062 0.389062 0.781250 0.382812 0.778125 0.357812 0.750000 0.260937 0.748437 0.234375 0.751563 0.217188 0.764062 0.229687 0.789062 0.223438 0.789062 0.175000 0.781250 0.171875 0.781250 0.165625 0.723437 0.165625 0.721875 0.185938 0.707812 0.171875 0.707812 0.165625
1 0.259375 0.053125 0.142187 0.053125 0.134375 0.073438 0.121875 0.076563 0.121875 0.342187 0.128125 0.342187 0.159375 0.365625 0.346875 0.437500 0.364063 0.445312 0.365625 0.451562 0.392188 0.451562 0.393750 0.445312 0.420312 0.432812 0.439063 0.401562 0.445312 0.400000 0.445312 0.373437 0.439063 0.371875 0.435937 0.350000 0.434375 0.285938 0.435937 0.181250 0.439063 0.165625 0.445312 0.164062 0.445312 0.109375 0.439063 0.107813 0.429688 0.084375 0.404687 0.059375 0.404687 0.053125 0.289062 0.053125 0.287500 0.059375 0.279687 0.059375 0.278125 0.053125 0.268750 0.059375 0.267188 0.053125
2 0.184375 0.403125 0.145313 0.403125 0.142187 0.412500 0.121875 0.425000 0.121875 0.726562 0.150000 0.746875 0.182812 0.757812 0.184375 0.764062 0.192188 0.764062 0.193750 0.757812 0.415625 0.646875 0.431250 0.625000 0.439063 0.621875 0.439063 0.539062 0.432812 0.537500 0.426563 0.515625 0.412500 0.498437 0.217188 0.421875 0.195312 0.410938 0.192188 0.403125
7 0.634152 0.703125 0.585938 0.703125 0.571875 0.723437 0.567187 0.746875 0.559375 0.750000 0.559375 0.881250 0.567187 0.884375 0.593750 0.920312 0.593750 0.926562 0.628125 0.926562 0.634375 0.917188 0.695312 0.896875 0.721875 0.915625 0.781250 0.907813 0.807813 0.898438 0.807813 0.837500 0.787500 0.825000 0.779687 0.814063 0.778125 0.765625 0.746875 0.745313 0.646875 0.712500 0.642188 0.703125
0 0.492969 0.659375 0.450000 0.659375 0.446875 0.667188 0.373437 0.704688 0.251563 0.756250 0.121875 0.834375 0.121875 0.964063 0.128125 0.964063 0.142187 0.982812 0.156250 0.990625 0.196875 0.998437 0.442188 0.998437 0.446875 0.993750 0.489063 0.985938 0.501563 0.978125 0.531250 0.931250 0.537500 0.792188 0.537500 0.728125 0.532813 0.700000 0.525000 0.684375 0.501563 0.665625 0.501563 0.659375
0 0.187053 0.403125 0.137500 0.403125 0.137500 0.409375 0.121875 0.418750 0.121875 0.759375 0.140625 0.768750 0.143750 0.776563 0.204687 0.776563 0.207813 0.768750 0.231250 0.754687 0.396875 0.671875 0.421875 0.653125 0.437500 0.623437 0.445312 0.620313 0.445312 0.539062 0.439063 0.537500 0.428125 0.507812 0.417187 0.496875 0.395313 0.484375 0.198437 0.410938 0.195312 0.403125
0 0.399955 0.053125 0.132812 0.053125 0.129688 0.064062 0.121875 0.067187 0.121875 0.346875 0.128125 0.346875 0.140625 0.360938 0.156250 0.368750 0.345313 0.446875 0.354687 0.451562 0.356250 0.457813 0.392188 0.457813 0.395313 0.450000 0.417187 0.439063 0.432812 0.423438 0.439063 0.407813 0.445312 0.406250 0.445312 0.312500 0.439063 0.310937 0.445312 0.306250 0.445312 0.287500 0.439063 0.285938 0.439063 0.279687 0.445312 0.278125 0.439063 0.273438 0.439063 0.215625 0.445312 0.214062 0.445312 0.104688 0.439063 0.103125 0.429688 0.081250 0.407813 0.059375 0.407813 0.053125
5 0.519270 0.446875 0.501563 0.446875 0.501563 0.467187 0.485938 0.526563 0.478125 0.531250 0.478125 0.587500 0.484375 0.587500 0.506250 0.606250 0.596875 0.629687 0.737500 0.675000 0.743750 0.682813 0.762500 0.682813 0.773438 0.665625 0.779687 0.639062 0.790625 0.540625 0.770312 0.562500 0.757812 0.595313 0.743750 0.615625 0.721875 0.631250 0.703125 0.632812 0.603125 0.532813 0.529687 0.454688 0.528125 0.446875
0 0.637500 0.696875 0.590625 0.696875 0.590625 0.701562 0.564063 0.723437 0.553125 0.746875 0.546875 0.748437 0.546875 0.934375 0.554688 0.937500 0.564063 0.967187 0.576562 0.978125 0.623437 0.978125 0.748437 0.964063 0.773438 0.965625 0.820312 0.943750 0.834375 0.925000 0.839063 0.909375 0.845313 0.907813 0.845313 0.793750 0.840625 0.793750 0.834375 0.779687 0.817187 0.765625 0.782813 0.750000 0.659375 0.709375 0.648438 0.704688 0.645312 0.696875
0 0.801562 0.059375 0.489063 0.059375 0.489063 0.065625 0.473438 0.085938 0.465625 0.089063 0.465625 0.593750 0.471875 0.595313 0.479687 0.614062 0.492188 0.625000 0.596875 0.650000 0.660937 0.685937 0.781250 0.729688 0.789062 0.739062 0.803125 0.739062 0.806250 0.731250 0.820312 0.723437 0.834375 0.701562 0.845313 0.668750 0.851562 0.601562 0.851562 0.375000 0.856250 0.287500 0.853125 0.240625 0.862500 0.112500 0.846875 0.081250 0.810937 0.065625 0.809375 0.059375
5 0.570312 0.109375 0.484375 0.109375 0.484375 0.368750 0.495312 0.365625 0.545312 0.312500 0.556250 0.295312 0.568750 0.251563 0.601562 0.240625 0.679688 0.164062 0.707812 0.164062 0.731250 0.143750 0.746875 0.139063 0.770312 0.154688 0.801562 0.187500 0.807813 0.184375 0.814063 0.165625 0.814063 0.150000 0.806250 0.129688 0.790625 0.118750 0.675000 0.117188 0.659375 0.115625 0.657813 0.109375 0.615625 0.109375 0.614062 0.115625 0.579688 0.115625 0.578125 0.109375
5 0.739062 0.134375 0.737500 0.142187 0.715625 0.154688 0.715625 0.185938 0.725000 0.190625 0.737500 0.214062 0.782813 0.379688 0.782813 0.426563 0.767188 0.537500 0.767188 0.548438 0.773438 0.550000 0.803125 0.515625 0.823438 0.454688 0.831250 0.317188 0.832812 0.310937 0.839063 0.309375 0.839063 0.276562 0.832812 0.275000 0.821875 0.234375 0.793750 0.181250 0.751563 0.139063 0.751563 0.134375
