4 0.593230 0.065625 0.501563 0.065625 0.495312 0.073438 0.470313 0.073438 0.439063 0.106250 0.434375 0.106250 0.434375 0.271875 0.440625 0.273438 0.456250 0.317188 0.481250 0.332813 0.482812 0.339062 0.504687 0.339062 0.506250 0.332813 0.564063 0.310937 0.737500 0.221875 0.756250 0.207813 0.764062 0.181250 0.770312 0.179688 0.770312 0.157812 0.764062 0.156250 0.753125 0.082812 0.675000 0.079687 0.648438 0.073438 0.614062 0.076563 0.604688 0.073438 0.601562 0.065625
7 0.262500 0.159375 0.215625 0.159375 0.215625 0.165625 0.210938 0.176563 0.206250 0.181250 0.203125 0.189062 0.196875 0.190625 0.196875 0.240625 0.201563 0.240625 0.206250 0.245312 0.221875 0.253125 0.226562 0.253125 0.253125 0.262500 0.260937 0.262500 0.267188 0.256250 0.276562 0.235937 0.278125 0.204687 0.281250 0.195312 0.281250 0.184375 0.276562 0.173437 0.270313 0.165625 0.270313 0.159375
1 0.602902 0.521875 0.554688 0.521875 0.554688 0.528125 0.540625 0.535937 0.540625 0.743750 0.546875 0.745313 0.550000 0.798438 0.556250 0.815625 0.575000 0.839063 0.640625 0.839063 0.642188 0.832812 0.687500 0.828125 0.771875 0.807813 0.784375 0.792188 0.789062 0.792188 0.789062 0.729688 0.781250 0.726562 0.779687 0.718750 0.773438 0.673438 0.773438 0.620313 0.765625 0.589063 0.709375 0.551562 0.673438 0.550000 0.614062 0.529687 0.610938 0.521875
7 0.382639 0.096875 0.318750 0.096875 0.318750 0.103125 0.301563 0.120313 0.296875 0.120313 0.296875 0.150000 0.303125 0.150000 0.309375 0.156250 0.318750 0.160938 0.340625 0.167187 0.356250 0.175000 0.373437 0.175000 0.387500 0.170313 0.401562 0.159375 0.406250 0.145313 0.406250 0.126562 0.400000 0.112500 0.390625 0.101562 0.390625 0.096875
0 0.360920 0.062402 0.190314 0.056117 0.167258 0.069525 0.156250 0.082812 0.147556 0.101364 0.147556 0.207778 0.153125 0.220312 0.167187 0.235937 0.190625 0.248438 0.354687 0.300000 0.364692 0.303298 0.386909 0.302461 0.393750 0.301563 0.426563 0.276562 0.424217 0.183480 0.422959 0.161275 0.421702 0.148706 0.421702 0.118123 0.415833 0.091728 0.398227 0.073714 0.379783 0.065753 0.369723 0.065753
0 0.229297 0.271875 0.171875 0.271875 0.156250 0.295312 0.146875 0.300000 0.146875 0.870313 0.182812 0.890625 0.228125 0.893750 0.409375 0.878125 0.489063 0.864062 0.506250 0.853125 0.525000 0.825000 0.532813 0.821875 0.532813 0.764062 0.528125 0.764062 0.525000 0.756250 0.521875 0.710938 0.512500 0.443750 0.506250 0.390625 0.490625 0.370312 0.470313 0.357812 0.373437 0.326562 0.317188 0.303125 0.254688 0.285938 0.240625 0.279687 0.237500 0.271875
7 0.232187 0.096875 0.198437 0.096875 0.198437 0.101562 0.195312 0.104688 0.192188 0.104688 0.182812 0.109375 0.178125 0.109375 0.178125 0.146875 0.182812 0.146875 0.184375 0.148438 0.185938 0.154688 0.195312 0.171875 0.195312 0.176563 0.207813 0.176563 0.207813 0.171875 0.215625 0.164062 0.220312 0.160938 0.231250 0.157812 0.237500 0.151562 0.245312 0.134375 0.245312 0.118750 0.240625 0.104688 0.240625 0.096875
0 0.616953 0.065625 0.464062 0.065625 0.460938 0.073438 0.434375 0.093750 0.434375 0.290625 0.442188 0.293750 0.448437 0.310937 0.468750 0.331250 0.503125 0.337500 0.528125 0.329688 0.734375 0.225000 0.750000 0.215625 0.764062 0.195312 0.770312 0.193750 0.770312 0.140625 0.764062 0.139063 0.757812 0.101562 0.751563 0.095312 0.721875 0.082812 0.651563 0.079687 0.626563 0.071875 0.625000 0.065625
5 0.261980 0.334375 0.220312 0.334375 0.214062 0.395313 0.178125 0.409375 0.178125 0.528125 0.184375 0.529687 0.187500 0.539062 0.200000 0.603125 0.221875 0.643750 0.268750 0.709375 0.295312 0.735938 0.325000 0.751563 0.326562 0.757812 0.362500 0.685937 0.371875 0.676562 0.410938 0.689063 0.423438 0.671875 0.482812 0.495312 0.487500 0.464062 0.495312 0.459375 0.495312 0.451562 0.479687 0.439063 0.476562 0.421875 0.470313 0.415625 0.445312 0.410938 0.382812 0.379688 0.281250 0.345313 0.271875 0.340625 0.270313 0.334375
0 0.582586 0.507327 0.557813 0.509375 0.557813 0.515625 0.546875 0.526563 0.540625 0.526563 0.544859 0.772908 0.546875 0.787500 0.554688 0.823438 0.584375 0.857812 0.635822 0.855136 0.646875 0.851562 0.717187 0.846875 0.789062 0.832812 0.803125 0.821875 0.815625 0.803125 0.820312 0.803125 0.816070 0.732802 0.812500 0.710938 0.804688 0.620313 0.797208 0.594048 0.780441 0.573939 0.753125 0.564063 0.628125 0.520312 0.616959 0.513609
7 0.348438 0.171875 0.309375 0.171875 0.306250 0.179688 0.293750 0.184375 0.284375 0.193750 0.278125 0.193750 0.278125 0.257812 0.282813 0.257812 0.296875 0.275000 0.309375 0.282813 0.329688 0.290625 0.350000 0.293750 0.353125 0.301563 0.384375 0.301563 0.384375 0.295312 0.395313 0.285938 0.401562 0.271875 0.406250 0.256250 0.406250 0.235937 0.392188 0.207813 0.375000 0.190625 0.359375 0.179688 0.356250 0.171875
0 0.739062 0.253125 0.692187 0.253125 0.687500 0.262500 0.559375 0.326562 0.528125 0.346875 0.528125 0.454688 0.534375 0.454688 0.554688 0.478125 0.585938 0.492188 0.715625 0.534375 0.723437 0.537500 0.726562 0.545312 0.760938 0.545312 0.789062 0.509375 0.793750 0.482812 0.787500 0.459375 0.775000 0.298438 0.768750 0.281250 0.746875 0.259375 0.746875 0.253125
5 0.484063 0.584375 0.451562 0.584375 0.443750 0.617188 0.423438 0.665625 0.414062 0.673438 0.371875 0.678125 0.326562 0.743750 0.295312 0.735938 0.250000 0.687500 0.240625 0.682813 0.228125 0.700000 0.198437 0.789062 0.190625 0.793750 0.190625 0.845313 0.239063 0.845313 0.240625 0.839063 0.250000 0.837500 0.484375 0.806250 0.495312 0.784375 0.501563 0.782813 0.501563 0.754687 0.495312 0.753125 0.489063 0.718750 0.492188 0.584375
3 0.718750 0.268750 0.717187 0.270313 0.710938 0.270313 0.709375 0.271875 0.703125 0.271875 0.701562 0.273438 0.696875 0.273438 0.695312 0.275000 0.693750 0.275000 0.692187 0.276562 0.690625 0.276562 0.689063 0.278125 0.687500 0.278125 0.685937 0.279687 0.684375 0.279687 0.682813 0.281250 0.681250 0.281250 0.679688 0.282813 0.676562 0.282813 0.675000 0.284375 0.673438 0.284375 0.671875 0.285938 0.667188 0.285938 0.665625 0.287500 0.664062 0.287500 0.660937 0.290625 0.659375 0.290625 0.654687 0.295312 0.653125 0.295312 0.651563 0.296875 0.648438 0.296875 0.646875 0.298438 0.642188 0.298438 0.640625 0.300000 0.639062 0.300000 0.635938 0.303125 0.634375 0.303125 0.632812 0.304688 0.631250 0.304688 0.629687 0.306250 0.628125 0.306250 0.626563 0.307812 0.625000 0.307812 0.623437 0.309375 0.621875 0.309375 0.620313 0.310937 0.618750 0.310937 0.617188 0.312500 0.614062 0.312500 0.612500 0.314063 0.610938 0.314063 0.607812 0.317188 0.606250 0.317188 0.603125 0.320312 0.601562 0.320312 0.600000 0.321875 0.598437 0.321875 0.596875 0.323437 0.595313 0.323437 0.593750 0.325000 0.592187 0.325000 0.590625 0.326562 0.589063 0.326562 0.585938 0.329688 0.582812 0.329688 0.581250 0.331250 0.579688 0.331250 0.578125 0.332813 0.576562 0.332813 0.575000 0.334375 0.573438 0.334375 0.571875 0.335938 0.570312 0.335938 0.568750 0.337500 0.567187 0.337500 0.564063 0.340625 0.562500 0.340625 0.559375 0.343750 0.557813 0.343750 0.556250 0.345313 0.553125 0.345313 0.551562 0.346875 0.548438 0.346875 0.545312 0.350000 0.543750 0.350000 0.542188 0.351562 0.540625 0.351562 0.539062 0.353125 0.537500 0.353125 0.535937 0.354687 0.528125 0.354687 0.528125 0.446875 0.537500 0.456250 0.539062 0.456250 0.550000 0.467187 0.551562 0.467187 0.560937 0.476562 0.562500 0.476562 0.564063 0.478125 0.565625 0.478125 0.567187 0.479687 0.570312 0.479687 0.571875 0.481250 0.575000 0.481250 0.576562 0.482812 0.579688 0.482812 0.581250 0.484375 0.584375 0.484375 0.585938 0.485938 0.589063 0.485938 0.590625 0.487500 0.593750 0.487500 0.595313 0.489063 0.598437 0.489063 0.600000 0.490625 0.603125 0.490625 0.604688 0.492188 0.607812 0.492188 0.609375 0.493750 0.612500 0.493750 0.614062 0.495312 0.617188 0.495312 0.618750 0.496875 0.621875 0.496875 0.623437 0.498437 0.626563 0.498437 0.628125 0.500000 0.631250 0.500000 0.632812 0.501563 0.635938 0.501563 0.637500 0.503125 0.640625 0.503125 0.642188 0.504687 0.645312 0.504687 0.646875 0.506250 0.650000 0.506250 0.651563 0.507812 0.654687 0.507812 0.656250 0.509375 0.659375 0.509375 0.660937 0.510938 0.664062 0.510938 0.665625 0.512500 0.668750 0.512500 0.670312 0.514062 0.673438 0.514062 0.675000 0.515625 0.678125 0.515625 0.679688 0.517188 0.682813 0.517188 0.684375 0.518750 0.687500 0.518750 0.689063 0.520312 0.692187 0.520312 0.693750 0.521875 0.696875 0.521875 0.698438 0.523438 0.701562 0.523438 0.703125 0.525000 0.706250 0.525000 0.707812 0.526563 0.710938 0.526563 0.712500 0.528125 0.715625 0.528125 0.717187 0.529687 0.723437 0.529687 0.725000 0.528125 0.750000 0.528125 0.751563 0.529687 0.754687 0.529687 0.764062 0.520312 0.765625 0.520312 0.768750 0.517188 0.768750 0.485938 0.767188 0.484375 0.767188 0.471875 0.765625 0.470313 0.765625 0.431250 0.764062 0.429688 0.764062 0.401562 0.762500 0.400000 0.762500 0.393750 0.760938 0.392188 0.760938 0.390625 0.759375 0.389062 0.759375 0.368750 0.760938 0.367188 0.760938 0.353125 0.759375 0.351562 0.759375 0.340625 0.757812 0.339062 0.757812 0.328125 0.756250 0.326562 0.756250 0.315625 0.754687 0.314063 0.754687 0.304688 0.753125 0.303125 0.753125 0.301563 0.751563 0.300000 0.751563 0.298438 0.746875 0.293750 0.746875 0.292187 0.743750 0.289062 0.743750 0.287500 0.740625 0.284375 0.740625 0.282813 0.737500 0.279687 0.735938 0.279687 0.729688 0.273438 0.726562 0.273438 0.725000 0.271875 0.723437 0.271875 0.721875 0.270313 0.720313 0.270313
