7 0.159091 0.003125 0.078125 0.003125 0.078125 0.129688 0.084375 0.131250 0.090625 0.157812 0.107813 0.189062 0.131250 0.209375 0.167187 0.221875 0.185938 0.223438 0.214062 0.240625 0.265625 0.260937 0.290625 0.264062 0.309375 0.256250 0.317188 0.267188 0.343750 0.270313 0.359375 0.281250 0.376563 0.275000 0.389062 0.254688 0.395313 0.253125 0.395313 0.170313 0.389062 0.168750 0.381250 0.120313 0.370312 0.092188 0.348438 0.082812 0.320312 0.043750 0.276562 0.010937 0.273438 0.003125 0.217188 0.003125 0.215625 0.009375 0.181250 0.026562 0.171875 0.023438 0.167187 0.003125
4 0.760938 0.003125 0.440625 0.003125 0.440625 0.253125 0.446875 0.254688 0.453125 0.285938 0.467187 0.312500 0.492188 0.334375 0.492188 0.339062 0.517188 0.339062 0.521875 0.331250 0.587500 0.306250 0.640625 0.271875 0.796875 0.193750 0.823438 0.173437 0.832812 0.146875 0.839063 0.145313 0.839063 0.106250 0.831250 0.101562 0.820312 0.059375 0.781250 0.015625 0.768750 0.009375 0.768750 0.003125
0 0.812403 0.003125 0.440625 0.003125 0.440625 0.275000 0.446875 0.276562 0.465625 0.318750 0.490625 0.337500 0.493750 0.345313 0.535937 0.345313 0.539062 0.337500 0.593750 0.312500 0.662500 0.268750 0.804688 0.193750 0.851562 0.157812 0.851562 0.054688 0.842187 0.051562 0.820312 0.003125
0 0.810417 0.228125 0.768750 0.228125 0.764062 0.237500 0.584375 0.337500 0.553125 0.364063 0.553125 0.468750 0.559375 0.470313 0.570312 0.506250 0.590625 0.521875 0.693750 0.562500 0.795312 0.593750 0.798438 0.601562 0.840625 0.601562 0.840625 0.595313 0.856250 0.582812 0.867188 0.562500 0.868750 0.482812 0.851562 0.276562 0.818750 0.228125
0 0.662500 0.565625 0.600000 0.565625 0.600000 0.570312 0.571875 0.593750 0.571875 0.904687 0.578125 0.906250 0.593750 0.959375 0.601562 0.970313 0.620313 0.981250 0.623437 0.989062 0.670312 0.989062 0.675000 0.981250 0.842187 0.948438 0.871875 0.926562 0.882812 0.907813 0.887500 0.887500 0.884375 0.745313 0.878125 0.687500 0.865625 0.656250 0.834375 0.632812 0.765625 0.603125 0.684375 0.578125 0.673438 0.573438 0.670312 0.565625
0 0.165469 0.253125 0.093750 0.253125 0.085938 0.265625 0.065625 0.278125 0.065625 0.637500 0.071875 0.639062 0.065625 0.689063 0.071875 0.690625 0.081250 0.757812 0.082812 0.887500 0.087500 0.907813 0.090625 0.998437 0.531250 0.998437 0.553125 0.973437 0.557813 0.973437 0.557813 0.823438 0.551562 0.821875 0.540625 0.723437 0.534375 0.439063 0.526563 0.404687 0.510938 0.384375 0.490625 0.371875 0.196875 0.268750 0.176563 0.260937 0.173437 0.253125
1 0.668750 0.571875 0.598437 0.571875 0.593750 0.581250 0.571875 0.596875 0.580170 0.785884 0.582445 0.820770 0.581250 0.892188 0.585938 0.904687 0.609375 0.912500 0.648438 0.912500 0.657813 0.926562 0.660937 0.953125 0.703125 0.959375 0.731250 0.945312 0.820312 0.929688 0.848437 0.914062 0.862500 0.873437 0.865625 0.821875 0.862500 0.796875 0.843750 0.742188 0.854688 0.728125 0.876563 0.721875 0.846875 0.703125 0.820312 0.671875 0.814063 0.653125 0.801562 0.639062 0.709375 0.601562 0.679688 0.579688 0.676562 0.571875
0 0.399966 0.000000 0.046875 0.000000 0.046875 0.167187 0.053125 0.167187 0.075000 0.193750 0.109375 0.212500 0.148438 0.220312 0.340625 0.292187 0.368750 0.295312 0.387500 0.289062 0.412500 0.265625 0.426563 0.217188 0.420312 0.068750 0.414062 0.015625 0.407813 0.000000
2 0.560937 0.376563 0.560937 0.470313 0.579688 0.510938 0.785937 0.585938 0.817187 0.582812 0.831250 0.571875 0.842187 0.539062 0.828125 0.453125 0.823438 0.285938 0.817187 0.259375 0.809375 0.251563 0.785937 0.242188 0.754687 0.251563 0.698438 0.287500 0.581250 0.348438
5 0.425000 0.407813 0.429688 0.448437 0.403125 0.548438 0.421875 0.553125 0.470313 0.550000 0.476562 0.543750 0.479687 0.521875 0.479687 0.423438 0.468750 0.410938
5 0.107813 0.498437 0.104688 0.540625 0.112500 0.553125 0.143750 0.545312 0.190625 0.551562 0.325000 0.550000 0.337500 0.521875 0.359375 0.432812 0.378125 0.400000 0.353125 0.390625 0.168750 0.357812 0.134375 0.414062
5 0.360938 0.675000 0.357812 0.704688 0.440625 0.692187 0.484375 0.678125 0.482812 0.579688 0.473438 0.551562 0.400000 0.553125
5 0.129688 0.560937 0.131250 0.760938 0.143750 0.762500 0.226562 0.742188 0.275000 0.721875 0.296875 0.670312 0.323437 0.554688 0.137500 0.550000
5 0.114062 0.800000 0.110937 0.821875 0.131250 0.850000 0.128125 0.859375 0.142187 0.885938 0.139063 0.893750 0.157812 0.896875 0.168750 0.907813 0.171875 0.901563 0.200000 0.895312 0.212500 0.870313 0.256250 0.825000 0.278125 0.729688 0.153125 0.759375 0.134375 0.768750 0.131250 0.785937
5 0.315625 0.825000 0.310937 0.851562 0.331250 0.973437 0.360938 0.954688 0.351562 0.937500 0.353125 0.909375 0.360938 0.898438 0.387500 0.900000 0.396875 0.910937 0.410938 0.910937 0.417187 0.901563 0.445312 0.896875 0.493750 0.907813 0.500000 0.896875 0.496875 0.846875 0.512500 0.781250 0.510938 0.764062 0.501563 0.748437 0.493750 0.685937 0.487500 0.681250 0.356250 0.712500 0.343750 0.734375 0.340625 0.760938 0.326562 0.782813
