4 0.651172 0.065625 0.626563 0.065625 0.620313 0.076563 0.601562 0.085938 0.546875 0.092188 0.521875 0.092188 0.489063 0.081250 0.471875 0.103125 0.465625 0.125000 0.459375 0.126562 0.459375 0.245312 0.467187 0.251563 0.465625 0.289062 0.459375 0.290625 0.459375 0.301563 0.465625 0.303125 0.473438 0.332813 0.490625 0.354687 0.520312 0.364063 0.545312 0.359375 0.759375 0.259375 0.804688 0.234375 0.832812 0.212500 0.832812 0.175000 0.825000 0.171875 0.804688 0.101562 0.784375 0.082812 0.720313 0.089063 0.706250 0.078125 0.703125 0.065625 0.668750 0.065625 0.667188 0.071875 0.660937 0.071875 0.659375 0.065625
1 0.621205 0.571875 0.570312 0.571875 0.556250 0.592187 0.546875 0.596875 0.546875 0.900000 0.578125 0.920312 0.631250 0.926562 0.632812 0.932813 0.795312 0.932813 0.795312 0.928125 0.807813 0.921875 0.825000 0.903125 0.832812 0.878125 0.832812 0.857812 0.839063 0.856250 0.839063 0.848437 0.832812 0.846875 0.839063 0.843750 0.839063 0.707812 0.832812 0.706250 0.828125 0.678125 0.807813 0.654687 0.632812 0.579688 0.629687 0.571875
7 0.376563 0.115625 0.306250 0.115625 0.304688 0.121875 0.270313 0.137500 0.246875 0.178125 0.240625 0.179688 0.240625 0.232813 0.246875 0.234375 0.259375 0.268750 0.273438 0.282813 0.359375 0.310937 0.365625 0.320312 0.398438 0.320312 0.401562 0.312500 0.421875 0.300000 0.432812 0.279687 0.439063 0.278125 0.439063 0.189062 0.432812 0.187500 0.412500 0.142187 0.387500 0.123438 0.384375 0.115625
0 0.611250 0.559375 0.575000 0.559375 0.575000 0.565625 0.540625 0.593750 0.540625 0.914062 0.575000 0.931250 0.623437 0.937500 0.628125 0.945312 0.821875 0.945312 0.821875 0.939063 0.841222 0.927613 0.851562 0.909375 0.851562 0.690625 0.844075 0.677348 0.834375 0.664062 0.815625 0.648438 0.631250 0.571875 0.620313 0.559375
0 0.233928 0.290625 0.184375 0.290625 0.184375 0.296875 0.162500 0.320312 0.154688 0.340625 0.142187 0.492188 0.142187 0.546875 0.140625 0.562500 0.134375 0.564063 0.134375 0.909375 0.150000 0.920312 0.150000 0.926562 0.493750 0.926562 0.509375 0.896875 0.515625 0.857812 0.525000 0.487500 0.526563 0.475000 0.532813 0.473438 0.532813 0.440625 0.526563 0.439063 0.521875 0.421875 0.498437 0.396875 0.245312 0.298438 0.242188 0.290625
0 0.403633 0.063175 0.205767 0.062225 0.179606 0.084092 0.165625 0.101562 0.165625 0.239063 0.171875 0.239063 0.207813 0.265625 0.364063 0.323437 0.398438 0.325000 0.421875 0.312500 0.443750 0.279687 0.443750 0.206250 0.445312 0.195312 0.445489 0.198183 0.446439 0.189625 0.445312 0.179688 0.443750 0.139063 0.445312 0.131250 0.451562 0.129688 0.445964 0.125925 0.445312 0.115625 0.439781 0.091222 0.423133 0.073633 0.412500 0.065625
5 0.239844 0.603125 0.196875 0.603125 0.196875 0.862500 0.231250 0.871875 0.464062 0.893750 0.470313 0.884375 0.464062 0.856250 0.489063 0.846875 0.489063 0.806250 0.482812 0.804688 0.464062 0.743750 0.450000 0.715625 0.360938 0.715625 0.321875 0.703125 0.289062 0.670312 0.253125 0.618750 0.248438 0.603125
5 0.242969 0.328125 0.232813 0.328125 0.232813 0.334375 0.223438 0.348438 0.215625 0.351562 0.215625 0.401562 0.250000 0.398438 0.309375 0.398438 0.376563 0.390625 0.376563 0.381250 0.370312 0.381250 0.306250 0.351562 0.256250 0.335938 0.253125 0.328125
5 0.465461 0.390625 0.321875 0.390625 0.320312 0.396875 0.310937 0.398438 0.210938 0.404687 0.171875 0.423438 0.171875 0.471875 0.179688 0.475000 0.220312 0.542188 0.257812 0.621875 0.295312 0.678125 0.321875 0.703125 0.354687 0.714063 0.392188 0.718750 0.507812 0.695312 0.507812 0.573438 0.501563 0.571875 0.500000 0.564063 0.490625 0.475000 0.481250 0.448437 0.473438 0.390625
0 0.779603 0.065625 0.495312 0.065625 0.480117 0.077161 0.459375 0.101562 0.459375 0.332813 0.476786 0.357548 0.500000 0.370312 0.539062 0.370312 0.542188 0.362500 0.700000 0.290625 0.820312 0.228125 0.839223 0.218823 0.845313 0.204687 0.845313 0.110937 0.840650 0.099980 0.824478 0.080489 0.801648 0.070506 0.787500 0.065625
0 0.794895 0.266564 0.746875 0.278125 0.742188 0.287500 0.576562 0.364063 0.546875 0.389062 0.546875 0.506250 0.598437 0.539062 0.767188 0.606250 0.770312 0.614062 0.812500 0.614062 0.844552 0.590270 0.850259 0.569830 0.851562 0.557813 0.851562 0.348438 0.850069 0.327887 0.844361 0.298414 0.823433 0.279873 0.814395 0.270842
3 0.784375 0.292187 0.782813 0.293750 0.770312 0.293750 0.768750 0.295312 0.765625 0.295312 0.764062 0.296875 0.759375 0.296875 0.756250 0.300000 0.754687 0.300000 0.753125 0.301563 0.751563 0.301563 0.750000 0.303125 0.748437 0.303125 0.746875 0.304688 0.742188 0.304688 0.740625 0.306250 0.735938 0.306250 0.734375 0.307812 0.729688 0.307812 0.728125 0.309375 0.723437 0.309375 0.721875 0.310937 0.718750 0.310937 0.717187 0.312500 0.714063 0.312500 0.712500 0.314063 0.709375 0.314063 0.707812 0.315625 0.706250 0.315625 0.704688 0.317188 0.703125 0.317188 0.701562 0.318750 0.700000 0.318750 0.698438 0.320312 0.696875 0.320312 0.693750 0.323437 0.692187 0.323437 0.690625 0.325000 0.689063 0.325000 0.687500 0.326562 0.685937 0.326562 0.684375 0.328125 0.681250 0.328125 0.679688 0.329688 0.676562 0.329688 0.675000 0.331250 0.671875 0.331250 0.670312 0.332813 0.667188 0.332813 0.665625 0.334375 0.664062 0.334375 0.662500 0.335938 0.660937 0.335938 0.659375 0.337500 0.656250 0.337500 0.654687 0.339062 0.653125 0.339062 0.651563 0.340625 0.650000 0.340625 0.646875 0.343750 0.645312 0.343750 0.642188 0.346875 0.640625 0.346875 0.637500 0.350000 0.635938 0.350000 0.634375 0.351562 0.632812 0.351562 0.631250 0.353125 0.629687 0.353125 0.628125 0.354687 0.626563 0.354687 0.625000 0.356250 0.621875 0.356250 0.620313 0.357812 0.617188 0.357812 0.615625 0.359375 0.612500 0.359375 0.610938 0.360938 0.607812 0.360938 0.606250 0.362500 0.603125 0.362500 0.601562 0.364063 0.600000 0.364063 0.598437 0.365625 0.596875 0.365625 0.595313 0.367188 0.592187 0.367188 0.587500 0.371875 0.585938 0.371875 0.584375 0.373437 0.582812 0.373437 0.581250 0.375000 0.579688 0.375000 0.576562 0.378125 0.575000 0.378125 0.573438 0.379688 0.571875 0.379688 0.570312 0.381250 0.568750 0.381250 0.567187 0.382812 0.562500 0.382812 0.557813 0.387500 0.557813 0.389062 0.551562 0.395313 0.548438 0.395313 0.546875 0.396875 0.546875 0.496875 0.551562 0.496875 0.554688 0.500000 0.554688 0.501563 0.578125 0.525000 0.581250 0.525000 0.582812 0.526563 0.584375 0.526563 0.585938 0.528125 0.589063 0.528125 0.590625 0.529687 0.592187 0.529687 0.593750 0.531250 0.596875 0.531250 0.598437 0.532813 0.600000 0.532813 0.601562 0.534375 0.604688 0.534375 0.606250 0.535937 0.607812 0.535937 0.609375 0.537500 0.610938 0.537500 0.612500 0.539062 0.615625 0.539062 0.617188 0.540625 0.618750 0.540625 0.620313 0.542188 0.623437 0.542188 0.625000 0.543750 0.626563 0.543750 0.628125 0.545312 0.631250 0.545312 0.632812 0.546875 0.634375 0.546875 0.635938 0.548438 0.639062 0.548438 0.640625 0.550000 0.642188 0.550000 0.643750 0.551562 0.646875 0.551562 0.648438 0.553125 0.650000 0.553125 0.651563 0.554688 0.653125 0.554688 0.654687 0.556250 0.657813 0.556250 0.659375 0.557813 0.660937 0.557813 0.662500 0.559375 0.665625 0.559375 0.667188 0.560937 0.668750 0.560937 0.670312 0.562500 0.673438 0.562500 0.675000 0.564063 0.676562 0.564063 0.678125 0.565625 0.681250 0.565625 0.682813 0.567187 0.684375 0.567187 0.685937 0.568750 0.689063 0.568750 0.690625 0.570312 0.692187 0.570312 0.693750 0.571875 0.696875 0.571875 0.698438 0.573438 0.700000 0.573438 0.701562 0.575000 0.703125 0.575000 0.704688 0.576562 0.707812 0.576562 0.709375 0.578125 0.710938 0.578125 0.712500 0.579688 0.715625 0.579688 0.717187 0.581250 0.718750 0.581250 0.720313 0.582812 0.723437 0.582812 0.725000 0.584375 0.726562 0.584375 0.728125 0.585938 0.731250 0.585938 0.732812 0.587500 0.734375 0.587500 0.735938 0.589063 0.739062 0.589063 0.740625 0.590625 0.742188 0.590625 0.743750 0.592187 0.745313 0.592187 0.746875 0.593750 0.750000 0.593750 0.751563 0.595313 0.753125 0.595313 0.754687 0.596875 0.757812 0.596875 0.762500 0.601562 0.762500 0.604688 0.764062 0.606250 0.795312 0.606250 0.796875 0.604688 0.796875 0.601562 0.801562 0.596875 0.804688 0.596875 0.806250 0.595313 0.809375 0.595313 0.810937 0.593750 0.814063 0.593750 0.831250 0.576562 0.831250 0.510938 0.829688 0.509375 0.829688 0.490625 0.828125 0.489063 0.828125 0.462500 0.826562 0.460938 0.826562 0.450000 0.828125 0.448437 0.828125 0.446875 0.829688 0.445312 0.829688 0.440625 0.828125 0.439063 0.828125 0.337500 0.826562 0.335938 0.826562 0.326562 0.825000 0.325000 0.825000 0.323437 0.823438 0.321875 0.823438 0.320312 0.821875 0.318750 0.821875 0.317188 0.818750 0.314063 0.818750 0.312500 0.817187 0.310937 0.817187 0.309375 0.815625 0.307812 0.815625 0.306250 0.809375 0.300000 0.809375 0.298438 0.806250 0.295312 0.806250 0.293750 0.803125 0.293750 0.801562 0.292187
