1 0.221458 0.140625 0.106250 0.140625 0.106250 0.145313 0.078125 0.170313 0.017188 0.298438 0.010937 0.328125 0.003125 0.331250 0.003125 0.437500 0.279687 0.437500 0.318750 0.423438 0.351562 0.398438 0.351562 0.375000 0.337500 0.362500 0.295312 0.267188 0.229687 0.140625
2 0.590625 0.140625 0.317188 0.140625 0.312500 0.150000 0.296875 0.156250 0.296875 0.203125 0.304688 0.204687 0.364063 0.315625 0.378125 0.331250 0.415625 0.342187 0.531250 0.340625 0.551562 0.331250 0.562500 0.318750 0.625000 0.185938 0.632812 0.182812 0.632812 0.171875 0.601562 0.148438 0.598437 0.140625
7 0.085491 0.521875 0.035937 0.521875 0.031250 0.529687 0.003125 0.535937 0.003125 0.876563 0.035937 0.876563 0.067187 0.868750 0.075000 0.853125 0.095312 0.834375 0.087500 0.828125 0.085938 0.817187 0.114062 0.790625 0.142187 0.775000 0.165625 0.739062 0.164062 0.709375 0.139063 0.675000 0.137500 0.664062 0.146875 0.656250 0.196875 0.650000 0.203125 0.645312 0.193750 0.565625 0.187500 0.554688 0.154688 0.539062 0.103125 0.534375 0.093750 0.521875
0 0.601442 0.121875 0.300000 0.121875 0.292187 0.134375 0.284375 0.135937 0.284375 0.189062 0.292187 0.192188 0.345313 0.290625 0.365625 0.321875 0.378125 0.332813 0.392188 0.340625 0.417187 0.345313 0.418750 0.351562 0.517188 0.351562 0.518750 0.345313 0.543750 0.339062 0.568750 0.318750 0.601562 0.250000 0.612500 0.215625 0.631250 0.179688 0.639062 0.176563 0.639062 0.150000 0.612500 0.129688 0.609375 0.121875
0 0.229539 0.134375 0.070312 0.134375 0.070312 0.145313 0.046875 0.178125 0.028125 0.226562 0.009375 0.251563 0.000000 0.246875 0.000000 0.443750 0.276562 0.442188 0.328125 0.425000 0.342187 0.412500 0.356250 0.389062 0.364063 0.385937 0.364063 0.365625 0.357812 0.364063 0.296875 0.239063 0.237500 0.134375
0 0.693750 0.367188 0.623437 0.373437 0.590625 0.368750 0.475000 0.373437 0.432812 0.379688 0.410938 0.392188 0.398438 0.406250 0.376563 0.451562 0.293750 0.581250 0.192188 0.776563 0.184375 0.779687 0.184375 0.871875 0.225000 0.876563 0.998437 0.875000 0.998437 0.368750 0.721875 0.371875 0.704688 0.367188
0 0.223384 0.459375 0.003125 0.459375 0.003125 0.876563 0.081250 0.875000 0.123438 0.828125 0.162500 0.743750 0.217188 0.656250 0.265625 0.565625 0.275000 0.537500 0.282813 0.534375 0.282813 0.512500 0.275000 0.509375 0.265625 0.487500 0.232813 0.465625 0.231250 0.459375
0 0.924784 0.121875 0.700000 0.121875 0.698438 0.131250 0.676562 0.151562 0.659375 0.200000 0.632812 0.235937 0.625000 0.256250 0.615625 0.260937 0.615625 0.315625 0.648438 0.339062 0.692187 0.348438 0.914062 0.351562 0.915625 0.357812 0.915625 0.353125 0.921875 0.351562 0.923438 0.357812 0.998437 0.357812 0.998437 0.220312 0.954688 0.143750 0.937500 0.131250 0.932813 0.121875
4 0.691667 0.359375 0.675000 0.359375 0.670312 0.370312 0.650000 0.381250 0.603125 0.385937 0.579688 0.393750 0.531250 0.390625 0.443750 0.400000 0.414062 0.410938 0.395313 0.425000 0.378125 0.470313 0.353125 0.515625 0.328125 0.542188 0.317188 0.565625 0.289062 0.595313 0.259375 0.646875 0.251563 0.696875 0.221875 0.770312 0.221875 0.815625 0.203125 0.831250 0.203125 0.851562 0.215625 0.859375 0.221875 0.871875 0.331250 0.876563 0.753125 0.875000 0.825000 0.876563 0.826562 0.882812 0.881250 0.882812 0.882812 0.876563 0.907813 0.875000 0.998437 0.875000 0.998437 0.367188 0.923438 0.370312 0.898438 0.381250 0.876563 0.381250 0.725000 0.371875 0.703125 0.367188 0.700000 0.359375
1 0.785313 0.134375 0.709375 0.134375 0.707812 0.140625 0.682813 0.153125 0.623437 0.282813 0.615625 0.285938 0.615625 0.318750 0.621875 0.318750 0.651563 0.340625 0.673438 0.345313 0.675000 0.351562 0.998437 0.351562 0.998437 0.281250 0.960938 0.195312 0.943750 0.170313 0.920312 0.154688 0.890625 0.146875 0.806250 0.142187 0.795312 0.140625 0.793750 0.134375
