1 0.673281 0.003125 0.521875 0.003125 0.521875 0.289062 0.528125 0.290625 0.539062 0.329688 0.553125 0.346875 0.571875 0.357812 0.573438 0.364063 0.598437 0.364063 0.601562 0.356250 0.634375 0.346875 0.840625 0.226562 0.862500 0.204687 0.870313 0.173437 0.876563 0.171875 0.876563 0.089063 0.870313 0.087500 0.865625 0.071875 0.850000 0.054688 0.823438 0.042188 0.690625 0.012500 0.682813 0.009375 0.681250 0.003125
1 0.694375 0.590625 0.659375 0.590625 0.643750 0.615625 0.634375 0.620313 0.634375 0.929688 0.660937 0.939063 0.771875 0.907813 0.821875 0.884375 0.845313 0.848437 0.851562 0.767188 0.857812 0.765625 0.857812 0.664062 0.829688 0.642188 0.728125 0.607812 0.706250 0.598437 0.703125 0.590625
0 0.657537 0.000000 0.528125 0.000000 0.521875 0.004687 0.528125 0.292187 0.535937 0.320312 0.548438 0.342187 0.567187 0.357812 0.585938 0.364063 0.603125 0.364063 0.623437 0.356250 0.837500 0.232813 0.867175 0.214591 0.876563 0.175000 0.870313 0.085938 0.860938 0.065625 0.845313 0.050000 0.821875 0.040625 0.731250 0.021875 0.665625 0.000000
0 0.484873 0.000000 0.123817 0.002008 0.128125 0.182812 0.175000 0.215625 0.290625 0.257812 0.378125 0.298438 0.426563 0.314063 0.462500 0.312500 0.490625 0.290625 0.501563 0.270313 0.507812 0.243750 0.507812 0.187500 0.503125 0.037500 0.496875 0.003125
0 0.698438 0.584375 0.670312 0.584375 0.643695 0.612919 0.630998 0.644937 0.634375 0.942187 0.648112 0.958505 0.656250 0.964063 0.701562 0.964063 0.727056 0.950223 0.842187 0.904687 0.859375 0.892188 0.873437 0.864062 0.875000 0.665625 0.870313 0.654687 0.853125 0.642188 0.815625 0.626563 0.710938 0.592187
4 0.212500 0.293750 0.187500 0.303125 0.176563 0.315625 0.153125 0.329688 0.134375 0.356250 0.128125 0.357812 0.128125 0.396875 0.132812 0.396875 0.135937 0.404687 0.142187 0.475000 0.142187 0.526563 0.137500 0.539062 0.128125 0.543750 0.128125 0.567187 0.140625 0.575000 0.145313 0.585938 0.153125 0.720313 0.151562 0.809375 0.142187 0.832812 0.146875 0.878125 0.151562 0.909375 0.159375 0.921875 0.176563 0.926562 0.200000 0.925000 0.207813 0.929688 0.221875 0.926562 0.239063 0.940625 0.253125 0.937500 0.264062 0.942187 0.267188 0.951562 0.253125 0.959375 0.235937 0.960938 0.225000 0.953125 0.221875 0.943750 0.212500 0.959375 0.181250 0.967187 0.181250 0.998437 0.496875 0.998437 0.520312 0.964063 0.517188 0.942187 0.534375 0.928125 0.559375 0.929688 0.570312 0.925000 0.576562 0.881250 0.592187 0.846875 0.593750 0.820312 0.606250 0.800000 0.606250 0.789062 0.595313 0.767188 0.595313 0.751563 0.598437 0.734375 0.614062 0.707812 0.589063 0.690625 0.576562 0.637500 0.582812 0.509375 0.551562 0.481250 0.542188 0.457813 0.520312 0.448437 0.506250 0.410938 0.470313 0.379688 0.445312 0.365625 0.371875 0.339062 0.314063 0.320312 0.278125 0.317188 0.223438 0.293750
0 0.270128 0.278125 0.207548 0.254002 0.172489 0.257506 0.142187 0.278125 0.128125 0.296875 0.128125 0.440625 0.128125 0.454688 0.128125 0.459375 0.128125 0.484375 0.128125 0.498437 0.128125 0.534375 0.128125 0.565625 0.139063 0.710938 0.140625 0.809375 0.143741 0.859116 0.151562 0.939063 0.156250 0.998437 0.575000 0.998437 0.609375 0.939063 0.612500 0.732812 0.612500 0.703125 0.606250 0.667188 0.604688 0.500000 0.598437 0.432812 0.589063 0.417187 0.570312 0.401562 0.539062 0.392188 0.370312 0.315625 0.290625 0.290625 0.279687 0.284375
7 0.384233 0.003125 0.304688 0.003125 0.301563 0.010937 0.265625 0.029687 0.171875 0.037500 0.171875 0.131250 0.178125 0.132812 0.192188 0.201563 0.200000 0.212500 0.317188 0.259375 0.337500 0.271875 0.396875 0.287500 0.404687 0.282813 0.404687 0.262500 0.420312 0.240625 0.460938 0.240625 0.470313 0.196875 0.476562 0.195312 0.476562 0.139063 0.453125 0.129688 0.428125 0.103125 0.428125 0.071875 0.396875 0.039062 0.392188 0.003125
0 0.833437 0.271875 0.798438 0.271875 0.795312 0.279687 0.668750 0.354687 0.628125 0.385937 0.628125 0.518750 0.663569 0.551641 0.725952 0.577588 0.794958 0.605189 0.813728 0.611263 0.833602 0.615678 0.849612 0.596909 0.865069 0.569306 0.870313 0.307812 0.850000 0.284375 0.842187 0.271875
2 0.823750 0.278125 0.787500 0.278125 0.785937 0.285938 0.659375 0.362500 0.628125 0.387500 0.628125 0.521875 0.695312 0.556250 0.803125 0.592187 0.825000 0.587500 0.835938 0.576562 0.843750 0.556250 0.839063 0.489063 0.840625 0.368750 0.843750 0.332813 0.845313 0.326562 0.851562 0.325000 0.851562 0.307812 0.843750 0.304688 0.832812 0.278125
