2 0.396875 0.153125 0.378125 0.153125 0.378125 0.157812 0.367188 0.164062 0.323437 0.165625 0.290625 0.182812 0.290625 0.223438 0.298438 0.226562 0.343750 0.290625 0.382812 0.354687 0.409375 0.371875 0.426563 0.375000 0.518750 0.375000 0.550000 0.362500 0.559375 0.350000 0.606250 0.215625 0.614062 0.210938 0.614062 0.190625 0.609375 0.190625 0.590625 0.168750 0.543750 0.159375 0.542188 0.153125 0.537500 0.153125 0.535937 0.159375 0.523438 0.153125 0.521875 0.159375 0.457813 0.162500 0.409375 0.160938 0.406250 0.153125
0 0.582767 0.140625 0.323437 0.140625 0.284375 0.164062 0.292187 0.221875 0.318750 0.267188 0.390625 0.364063 0.422758 0.379439 0.523438 0.376563 0.551562 0.365625 0.564063 0.351562 0.612500 0.220312 0.620313 0.175000 0.590625 0.146875
0 0.282581 0.496875 0.071875 0.503125 0.003125 0.512500 0.003125 0.876563 0.042188 0.876563 0.160938 0.876563 0.200000 0.876563 0.212500 0.870313 0.234375 0.832812 0.279687 0.703125 0.312500 0.635938 0.332813 0.570312 0.332813 0.554688 0.318750 0.523438 0.303125 0.507812 0.291358 0.496906
4 0.939063 0.409375 0.907813 0.409375 0.904687 0.417187 0.843750 0.421875 0.778125 0.418750 0.735938 0.428125 0.673438 0.421875 0.664062 0.432812 0.643750 0.429688 0.614062 0.448437 0.571875 0.445312 0.526563 0.453125 0.492188 0.450000 0.431250 0.478125 0.403125 0.510938 0.381250 0.564063 0.362500 0.589063 0.334375 0.667188 0.331250 0.703125 0.312500 0.764062 0.331250 0.809375 0.326562 0.826562 0.315625 0.837500 0.315625 0.850000 0.321875 0.860938 0.339062 0.875000 0.593750 0.875000 0.625000 0.868750 0.751563 0.875000 0.800000 0.871875 0.853125 0.854688 0.998437 0.854688 0.998437 0.470313 0.960938 0.434375 0.946875 0.409375
0 0.817548 0.385408 0.809375 0.385937 0.684375 0.395313 0.581250 0.390625 0.476562 0.403125 0.451562 0.412500 0.425000 0.440625 0.403125 0.503125 0.360938 0.582812 0.312500 0.704688 0.293750 0.765625 0.287500 0.778125 0.270547 0.826748 0.281150 0.863073 0.306250 0.876563 0.387500 0.876563 0.809375 0.875000 0.909375 0.864062 0.998437 0.865625 0.998437 0.393750 0.965625 0.385937
0 0.675000 0.137500 0.654687 0.153125 0.639062 0.187500 0.610938 0.290625 0.603125 0.337500 0.643750 0.367188 0.684375 0.375000 0.923438 0.370312 0.951562 0.367188 0.973437 0.354687 0.981250 0.340625 0.989062 0.307812 0.945312 0.220312 0.913358 0.162020 0.881250 0.139063 0.842481 0.139412 0.800000 0.139063
7 0.087500 0.528125 0.071875 0.528125 0.068750 0.535937 0.000000 0.571875 0.000000 0.873437 0.004687 0.875000 0.142187 0.873437 0.201563 0.846875 0.209375 0.832812 0.195312 0.820312 0.192188 0.787500 0.204687 0.778125 0.228125 0.771875 0.259375 0.737500 0.303125 0.637500 0.312500 0.600000 0.320312 0.596875 0.320312 0.564063 0.296875 0.550000 0.281250 0.550000 0.257812 0.560937 0.228125 0.567187 0.156250 0.567187 0.125000 0.559375 0.095312 0.532813 0.095312 0.528125
6 0.802605 0.121875 0.735938 0.121875 0.732812 0.129688 0.703125 0.140625 0.668750 0.162500 0.640625 0.195312 0.623437 0.270313 0.610938 0.295312 0.603125 0.298438 0.603125 0.332813 0.631250 0.357812 0.651563 0.367188 0.682813 0.370312 0.684375 0.376563 0.696875 0.376563 0.698438 0.370312 0.714063 0.368750 0.943750 0.362500 0.954688 0.359375 0.968750 0.346875 0.973437 0.335938 0.968750 0.279687 0.989062 0.237500 0.970313 0.221875 0.926562 0.203125 0.896875 0.171875 0.868750 0.151562 0.850000 0.142187 0.815625 0.134375 0.810937 0.121875
6 0.182292 0.134375 0.140625 0.134375 0.140625 0.139063 0.129688 0.145313 0.051562 0.160938 0.037500 0.179688 0.023438 0.228125 0.012500 0.239063 0.003125 0.240625 0.003125 0.475000 0.057813 0.482812 0.059375 0.489063 0.095312 0.489063 0.096875 0.482812 0.132812 0.479687 0.307812 0.478125 0.350000 0.464062 0.370312 0.445312 0.375000 0.432812 0.373437 0.407813 0.326562 0.335938 0.295312 0.265625 0.273438 0.240625 0.237500 0.181250 0.193750 0.142187 0.190625 0.134375
0 0.057813 0.159375 0.031250 0.187500 0.021875 0.225000 0.014063 0.234375 0.003222 0.263400 0.003125 0.485938 0.031250 0.489063 0.067187 0.489063 0.150000 0.484375 0.317188 0.481250 0.351562 0.468750 0.367188 0.456250 0.381250 0.432812 0.381250 0.400000 0.370312 0.375000 0.239063 0.164062 0.226562 0.153125 0.200000 0.142187 0.184375 0.140625
