0 0.500892 0.584375 0.450000 0.584375 0.446875 0.592187 0.360938 0.634375 0.210938 0.700000 0.146875 0.739062 0.128125 0.762500 0.121875 0.762500 0.121875 0.893750 0.129688 0.896875 0.157812 0.932813 0.193750 0.942187 0.200000 0.951562 0.245312 0.951562 0.246875 0.945312 0.248438 0.951562 0.253125 0.951562 0.254688 0.945312 0.282813 0.940625 0.304688 0.943750 0.309375 0.951562 0.309375 0.946875 0.317188 0.943750 0.340625 0.943750 0.346875 0.951562 0.387500 0.951562 0.395313 0.942187 0.407813 0.945312 0.423438 0.939063 0.467187 0.940625 0.515625 0.920312 0.539062 0.887500 0.545312 0.885938 0.545312 0.635938 0.539062 0.634375 0.531250 0.609375 0.509375 0.584375
4 0.502902 0.590625 0.454688 0.590625 0.451562 0.598437 0.428125 0.603125 0.360938 0.637500 0.220312 0.698438 0.162500 0.735938 0.135937 0.775000 0.128125 0.778125 0.128125 0.889062 0.164062 0.920312 0.334375 0.923438 0.364063 0.928125 0.370312 0.939063 0.387500 0.939063 0.387500 0.934375 0.401562 0.925000 0.493750 0.925000 0.514062 0.915625 0.534375 0.864062 0.532813 0.793750 0.539062 0.756250 0.545312 0.754687 0.545312 0.645312 0.539062 0.643750 0.529687 0.614062 0.510938 0.590625
0 0.643303 0.628125 0.593750 0.628125 0.593750 0.632812 0.559375 0.662500 0.559375 0.895312 0.567187 0.898438 0.585938 0.923438 0.612500 0.931250 0.615625 0.939063 0.825000 0.939063 0.828125 0.931250 0.856250 0.912500 0.870313 0.889062 0.871875 0.759375 0.864062 0.729688 0.846875 0.709375 0.828125 0.696875 0.654687 0.635938 0.651563 0.628125
7 0.627864 0.640625 0.587500 0.640625 0.584375 0.648438 0.571875 0.654687 0.571875 0.782813 0.579688 0.789062 0.571875 0.798438 0.578125 0.800000 0.589063 0.832812 0.610938 0.850000 0.646875 0.859375 0.681250 0.859375 0.701562 0.853125 0.734375 0.870313 0.735938 0.864062 0.767188 0.857812 0.787500 0.826562 0.795312 0.823438 0.795312 0.784375 0.789062 0.782813 0.773438 0.732812 0.746875 0.706250 0.657813 0.673438 0.635938 0.640625
0 0.415509 0.046875 0.209375 0.046875 0.209375 0.053125 0.187500 0.073438 0.176563 0.093750 0.165625 0.154688 0.160938 0.165625 0.153125 0.168750 0.153125 0.279687 0.159375 0.279687 0.182812 0.306250 0.235937 0.331250 0.373437 0.381250 0.378125 0.389062 0.417187 0.389062 0.417187 0.384375 0.440625 0.364063 0.451562 0.335938 0.457813 0.170313 0.464062 0.168750 0.464062 0.093750 0.457813 0.092188 0.445312 0.067187 0.426563 0.054688 0.423438 0.046875
0 0.231920 0.340625 0.179688 0.340625 0.156250 0.373437 0.146875 0.401562 0.143750 0.489063 0.135937 0.540625 0.128125 0.546875 0.128125 0.648438 0.135937 0.651563 0.143750 0.668750 0.157812 0.682813 0.184375 0.693750 0.209375 0.692187 0.225000 0.685937 0.410938 0.592187 0.439063 0.568750 0.451562 0.535937 0.457813 0.534375 0.457813 0.482812 0.451562 0.481250 0.445312 0.445312 0.428125 0.425000 0.257812 0.356250 0.242188 0.348438 0.240625 0.340625
0 0.774908 0.040625 0.514062 0.040625 0.514062 0.045312 0.485938 0.071875 0.478125 0.100000 0.471875 0.101562 0.471875 0.520312 0.478125 0.521875 0.482812 0.534375 0.500000 0.553125 0.514062 0.560937 0.770312 0.653125 0.778125 0.656250 0.781250 0.664062 0.829688 0.664062 0.856250 0.631250 0.864062 0.628125 0.864062 0.284375 0.859375 0.284375 0.856250 0.276562 0.840625 0.087500 0.818750 0.059375 0.803125 0.050000 0.784375 0.046875 0.782813 0.040625
5 0.791250 0.090625 0.756250 0.090625 0.751563 0.098437 0.665625 0.125000 0.665625 0.151562 0.673438 0.154688 0.679688 0.179688 0.673438 0.225000 0.665625 0.229687 0.665625 0.243750 0.673438 0.248438 0.793750 0.539062 0.798438 0.539062 0.800000 0.526563 0.796875 0.431250 0.801562 0.315625 0.806250 0.285938 0.814063 0.281250 0.814063 0.221875 0.807813 0.220312 0.800000 0.159375 0.800000 0.090625
5 0.554688 0.209375 0.554688 0.215625 0.529687 0.251563 0.517188 0.284375 0.509375 0.287500 0.509375 0.379688 0.517188 0.384375 0.528125 0.429688 0.557813 0.498437 0.565625 0.514062 0.592187 0.540625 0.607812 0.564063 0.631250 0.582812 0.673438 0.601562 0.754687 0.626563 0.756250 0.632812 0.765625 0.632812 0.767188 0.626563 0.776563 0.625000 0.776563 0.614062 0.762500 0.606250 0.743750 0.570312 0.631250 0.281250 0.617188 0.257812 0.589063 0.239063 0.565625 0.215625 0.565625 0.209375
5 0.560156 0.215625 0.550000 0.215625 0.510938 0.298438 0.503125 0.301563 0.503125 0.351562 0.509375 0.353125 0.528125 0.429688 0.565625 0.514062 0.589063 0.537500 0.609375 0.567187 0.632812 0.584375 0.671875 0.601562 0.748437 0.625000 0.753125 0.632812 0.770312 0.632812 0.770312 0.607812 0.762500 0.606250 0.735938 0.551562 0.628125 0.273438 0.617188 0.257812 0.581770 0.231770 0.570312 0.215625
1 0.195312 0.203125 0.192188 0.287500 0.218750 0.312500 0.382812 0.379688 0.410938 0.379688 0.431250 0.365625 0.442188 0.329688 0.450000 0.135937 0.448437 0.112500 0.432812 0.098437 0.409375 0.090625 0.375000 0.095312 0.235937 0.093750 0.215625 0.107813 0.201563 0.135937 0.201563 0.171875 0.207813 0.187500
2 0.160938 0.571875 0.157812 0.640625 0.164062 0.657813 0.187500 0.678125 0.214062 0.678125 0.423438 0.575000 0.442188 0.532813 0.442188 0.459375 0.428125 0.437500 0.365625 0.409375 0.331250 0.401562 0.228125 0.356250 0.201563 0.359375 0.184375 0.368750 0.176563 0.382812 0.170313 0.431250 0.171875 0.493750
