1 0.421833 0.003125 0.139063 0.003125 0.134375 0.050000 0.128125 0.051562 0.128125 0.270313 0.135937 0.271875 0.151562 0.296875 0.175000 0.310937 0.257812 0.343750 0.392188 0.406250 0.403125 0.412500 0.406250 0.420312 0.443750 0.420312 0.448437 0.410938 0.470313 0.395313 0.481250 0.371875 0.484375 0.129688 0.487500 0.109375 0.495312 0.104688 0.495312 0.068750 0.489063 0.067187 0.476562 0.034375 0.464062 0.023438 0.431250 0.009375 0.429688 0.003125
0 0.223125 0.359375 0.150000 0.359375 0.146875 0.367188 0.128125 0.379688 0.128125 0.757812 0.154688 0.775000 0.157812 0.782813 0.214062 0.782813 0.217188 0.775000 0.270313 0.748437 0.429688 0.650000 0.462500 0.635938 0.482812 0.610938 0.489063 0.559375 0.495312 0.557813 0.495312 0.506250 0.489063 0.504687 0.481250 0.487500 0.464062 0.468750 0.331250 0.415625 0.234375 0.367188 0.231250 0.359375
5 0.613494 0.084375 0.529687 0.084375 0.529687 0.090625 0.521875 0.092188 0.521875 0.218750 0.553125 0.214062 0.650000 0.218750 0.764062 0.217188 0.795312 0.206250 0.801562 0.170313 0.807813 0.168750 0.807813 0.132812 0.689063 0.112500 0.626563 0.092188 0.621875 0.084375
4 0.534895 0.621875 0.517188 0.621875 0.515625 0.629687 0.500000 0.637500 0.482812 0.639062 0.434375 0.659375 0.412500 0.685937 0.339062 0.734375 0.320312 0.740625 0.306250 0.753125 0.273438 0.762500 0.207813 0.798438 0.164062 0.803125 0.128125 0.795312 0.128125 0.998437 0.509375 0.998437 0.550000 0.978125 0.556250 0.970313 0.550000 0.939063 0.568750 0.923438 0.579688 0.829688 0.589063 0.806250 0.595313 0.804688 0.575000 0.753125 0.576562 0.723437 0.595313 0.710938 0.595313 0.698438 0.578125 0.693750 0.568750 0.682813 0.543750 0.621875
0 0.457777 0.003125 0.128125 0.003125 0.128125 0.285938 0.156250 0.309375 0.184375 0.323437 0.407813 0.418750 0.410938 0.426563 0.445312 0.426563 0.448437 0.418750 0.467187 0.409375 0.487500 0.384375 0.493750 0.359375 0.493750 0.271875 0.501563 0.140625 0.507812 0.139063 0.507812 0.054688 0.500000 0.051562 0.495312 0.039062 0.465625 0.003125
5 0.829609 0.215625 0.521875 0.215625 0.521875 0.342187 0.618750 0.340625 0.692187 0.350000 0.698438 0.351562 0.700000 0.357812 0.834375 0.357812 0.837500 0.215625
0 0.631250 0.021875 0.545312 0.021875 0.523438 0.070312 0.521875 0.206250 0.515625 0.262500 0.509375 0.264062 0.509375 0.360938 0.514062 0.360938 0.517188 0.368750 0.515625 0.385937 0.509375 0.387500 0.509375 0.576562 0.517188 0.579688 0.532813 0.604688 0.551562 0.614062 0.765625 0.690625 0.795312 0.698438 0.815625 0.696875 0.843750 0.675000 0.856250 0.628125 0.868750 0.400000 0.867188 0.320312 0.870313 0.303125 0.876563 0.301563 0.876563 0.109375 0.870313 0.109375 0.846875 0.082812 0.821875 0.070312 0.648438 0.031250 0.640625 0.028125 0.639062 0.021875
0 0.687031 0.684375 0.612500 0.684375 0.598437 0.710938 0.590625 0.714063 0.590625 0.921875 0.598437 0.923438 0.601562 0.934375 0.617188 0.946875 0.628125 0.964063 0.665625 0.964063 0.673438 0.954688 0.767188 0.940625 0.801562 0.928125 0.828125 0.909375 0.837500 0.893750 0.845313 0.864062 0.851562 0.862500 0.851562 0.757812 0.845313 0.757812 0.828125 0.734375 0.807813 0.723437 0.768750 0.709375 0.703125 0.695312 0.695312 0.684375
7 0.672744 0.684375 0.604688 0.684375 0.603125 0.692187 0.590625 0.698438 0.590625 0.875000 0.621875 0.898438 0.659375 0.912500 0.682813 0.914062 0.696875 0.928125 0.710938 0.932813 0.712500 0.939063 0.728125 0.939063 0.729688 0.932813 0.754687 0.920312 0.765625 0.895312 0.793750 0.870313 0.790625 0.846875 0.801562 0.821875 0.798438 0.751563 0.787500 0.740625 0.782813 0.721875 0.776563 0.715625 0.740625 0.706250 0.709375 0.709375 0.695312 0.695312 0.682813 0.690625 0.681250 0.684375
0 0.512500 0.639062 0.484375 0.645312 0.451562 0.660937 0.221875 0.793750 0.175000 0.804688 0.128125 0.796875 0.128125 0.998437 0.514062 0.998437 0.550000 0.970313 0.573438 0.903125 0.579688 0.829688 0.575000 0.764062 0.579688 0.710938 0.565625 0.667188 0.553125 0.654687 0.518750 0.639062
5 0.782720 0.346875 0.656250 0.346875 0.653125 0.354687 0.629687 0.359375 0.526563 0.360938 0.521875 0.370312 0.515625 0.371875 0.515625 0.542188 0.521875 0.543750 0.535937 0.570312 0.550000 0.582812 0.660937 0.634375 0.720313 0.650000 0.750000 0.662500 0.753125 0.670312 0.778125 0.670312 0.806250 0.607812 0.810937 0.564063 0.834375 0.492188 0.848437 0.409375 0.857812 0.401562 0.857812 0.365625 0.792188 0.353125 0.790625 0.346875
1 0.182812 0.357812 0.181250 0.359375 0.178125 0.359375 0.176563 0.360938 0.173437 0.360938 0.171875 0.362500 0.167187 0.362500 0.165625 0.364063 0.160938 0.364063 0.159375 0.365625 0.157812 0.365625 0.156250 0.367188 0.153125 0.367188 0.151562 0.368750 0.150000 0.368750 0.146875 0.371875 0.145313 0.371875 0.142187 0.375000 0.142187 0.376563 0.135937 0.382812 0.134375 0.382812 0.132812 0.384375 0.132812 0.385937 0.129688 0.389062 0.129688 0.392188 0.126562 0.395313 0.126562 0.404687 0.128125 0.406250 0.128125 0.407813 0.126562 0.409375 0.126562 0.420312 0.128125 0.421875 0.126562 0.423438 0.126562 0.431250 0.128125 0.432812 0.128125 0.450000 0.126562 0.451562 0.128125 0.453125 0.128125 0.459375 0.131250 0.462500 0.131250 0.464062 0.129688 0.465625 0.129688 0.470313 0.128125 0.471875 0.128125 0.473438 0.126562 0.475000 0.126562 0.479687 0.131250 0.484375 0.131250 0.498437 0.126562 0.503125 0.126562 0.507812 0.128125 0.509375 0.128125 0.510938 0.129688 0.512500 0.129688 0.515625 0.131250 0.517188 0.131250 0.526563 0.128125 0.529687 0.128125 0.532813 0.126562 0.534375 0.126562 0.535937 0.128125 0.537500 0.128125 0.550000 0.129688 0.551562 0.129688 0.554688 0.131250 0.556250 0.131250 0.567187 0.129688 0.568750 0.128125 0.568750 0.126562 0.570312 0.126562 0.579688 0.128125 0.581250 0.126562 0.582812 0.126562 0.585938 0.128125 0.587500 0.128125 0.589063 0.126562 0.590625 0.126562 0.637500 0.128125 0.639062 0.128125 0.642188 0.129688 0.643750 0.128125 0.645312 0.128125 0.648438 0.126562 0.650000 0.126562 0.696875 0.125000 0.698438 0.125000 0.703125 0.126562 0.704688 0.126562 0.731250 0.137500 0.742188 0.137500 0.743750 0.142187 0.748437 0.142187 0.753125 0.146875 0.757812 0.148438 0.756250 0.151562 0.756250 0.153125 0.757812 0.156250 0.757812 0.157812 0.759375 0.157812 0.760938 0.159375 0.760938 0.160938 0.762500 0.164062 0.762500 0.167187 0.765625 0.171875 0.765625 0.173437 0.767188 0.176563 0.767188 0.178125 0.768750 0.181250 0.765625 0.189062 0.765625 0.192188 0.768750 0.195312 0.765625 0.201563 0.765625 0.203125 0.767188 0.206250 0.767188 0.209375 0.770312 0.210938 0.768750 0.212500 0.768750 0.214062 0.767188 0.215625 0.767188 0.217188 0.765625 0.218750 0.765625 0.223438 0.760938 0.226562 0.760938 0.226562 0.759375 0.228125 0.757812 0.237500 0.757812 0.240625 0.754687 0.242188 0.754687 0.242188 0.753125 0.245312 0.750000 0.246875 0.750000 0.254688 0.742188 0.257812 0.742188 0.259375 0.740625 0.260937 0.740625 0.262500 0.739062 0.265625 0.739062 0.268750 0.735938 0.270313 0.735938 0.270313 0.734375 0.276562 0.728125 0.278125 0.728125 0.281250 0.725000 0.284375 0.725000 0.285938 0.723437 0.292187 0.723437 0.296875 0.718750 0.295312 0.717187 0.298438 0.714063 0.300000 0.714063 0.301563 0.712500 0.304688 0.712500 0.306250 0.710938 0.310937 0.710938 0.312500 0.709375 0.314063 0.709375 0.315625 0.707812 0.317188 0.707812 0.320312 0.704688 0.321875 0.704688 0.323437 0.706250 0.323437 0.703125 0.326562 0.700000 0.329688 0.700000 0.331250 0.698438 0.332813 0.698438 0.334375 0.700000 0.335938 0.698438 0.339062 0.698438 0.339062 0.695312 0.340625 0.693750 0.342187 0.693750 0.343750 0.692187 0.345313 0.692187 0.345313 0.690625 0.346875 0.689063 0.348438 0.689063 0.350000 0.687500 0.351562 0.687500 0.353125 0.685937 0.354687 0.685937 0.356250 0.684375 0.359375 0.684375 0.360938 0.682813 0.364063 0.682813 0.371875 0.675000 0.375000 0.675000 0.376563 0.673438 0.378125 0.673438 0.379688 0.671875 0.384375 0.671875 0.387500 0.668750 0.390625 0.668750 0.395313 0.664062 0.395313 0.662500 0.396875 0.660937 0.398438 0.660937 0.401562 0.657813 0.403125 0.657813 0.404687 0.656250 0.406250 0.656250 0.407813 0.654687 0.409375 0.654687 0.410938 0.653125 0.414062 0.653125 0.415625 0.651563 0.415625 0.650000 0.417187 0.648438 0.417187 0.646875 0.420312 0.643750 0.420312 0.640625 0.423438 0.637500 0.426563 0.637500 0.428125 0.635938 0.434375 0.635938 0.437500 0.632812 0.439063 0.632812 0.440625 0.631250 0.450000 0.631250 0.451562 0.632812 0.456250 0.632812 0.457813 0.631250 0.459375 0.631250 0.460938 0.629687 0.462500 0.629687 0.464062 0.628125 0.464062 0.626563 0.468750 0.621875 0.470313 0.621875 0.476562 0.615625 0.476562 0.614062 0.478125 0.612500 0.478125 0.596875 0.479687 0.595313 0.479687 0.589063 0.481250 0.587500 0.479687 0.585938 0.479687 0.576562 0.478125 0.575000 0.478125 0.562500 0.481250 0.559375 0.481250 0.557813 0.482812 0.556250 0.482812 0.554688 0.485938 0.551562 0.485938 0.546875 0.487500 0.545312 0.487500 0.542188 0.485938 0.540625 0.485938 0.534375 0.484375 0.532813 0.484375 0.528125 0.487500 0.525000 0.487500 0.523438 0.485938 0.521875 0.485938 0.512500 0.484375 0.510938 0.484375 0.500000 0.482812 0.498437 0.482812 0.495312 0.481250 0.495312 0.479687 0.493750 0.479687 0.492188 0.478125 0.490625 0.478125 0.487500 0.476562 0.485938 0.475000 0.485938 0.471875 0.482812 0.471875 0.481250 0.470313 0.479687 0.470313 0.478125 0.465625 0.473438 0.464062 0.473438 0.462500 0.471875 0.460938 0.471875 0.454688 0.465625 0.451562 0.465625 0.450000 0.464062 0.445312 0.464062 0.443750 0.462500 0.440625 0.462500 0.439063 0.460938 0.437500 0.460938 0.435937 0.459375 0.434375 0.459375 0.432812 0.457813 0.431250 0.457813 0.428125 0.454688 0.425000 0.454688 0.421875 0.451562 0.420312 0.451562 0.418750 0.450000 0.415625 0.450000 0.414062 0.448437 0.410938 0.448437 0.409375 0.446875 0.407813 0.446875 0.406250 0.445312 0.400000 0.445312 0.398438 0.443750 0.396875 0.443750 0.393750 0.440625 0.392188 0.440625 0.390625 0.439063 0.387500 0.439063 0.385937 0.437500 0.384375 0.437500 0.382812 0.435937 0.379688 0.435937 0.378125 0.434375 0.373437 0.434375 0.371875 0.432812 0.370312 0.432812 0.368750 0.431250 0.367188 0.431250 0.365625 0.429688 0.362500 0.429688 0.360938 0.428125 0.359375 0.428125 0.357812 0.426563 0.356250 0.426563 0.353125 0.423438 0.351562 0.423438 0.350000 0.421875 0.346875 0.421875 0.345313 0.420312 0.342187 0.420312 0.339062 0.417187 0.328125 0.417187 0.323437 0.412500 0.320312 0.415625 0.318750 0.415625 0.317188 0.414062 0.315625 0.414062 0.314063 0.415625 0.312500 0.414062 0.312500 0.412500 0.314063 0.410938 0.310937 0.410938 0.309375 0.409375 0.295312 0.409375 0.293750 0.410938 0.292187 0.410938 0.290625 0.409375 0.284375 0.409375 0.281250 0.406250 0.281250 0.404687 0.278125 0.401562 0.278125 0.396875 0.276562 0.396875 0.268750 0.389062 0.264062 0.389062 0.262500 0.387500 0.262500 0.385937 0.260937 0.384375 0.260937 0.382812 0.257812 0.382812 0.254688 0.379688 0.253125 0.379688 0.251563 0.378125 0.246875 0.378125 0.240625 0.371875 0.237500 0.371875 0.234375 0.368750 0.231250 0.368750 0.229687 0.367188 0.221875 0.367188 0.220312 0.365625 0.217188 0.365625 0.214062 0.362500 0.207813 0.362500 0.206250 0.360938 0.203125 0.360938 0.201563 0.359375 0.196875 0.359375 0.195312 0.357812
