2 0.860764 0.228125 0.796875 0.228125 0.793750 0.235937 0.779687 0.243750 0.585938 0.340625 0.564063 0.365625 0.559375 0.365625 0.559375 0.490625 0.564063 0.490625 0.582812 0.512500 0.635938 0.535937 0.845313 0.607812 0.846875 0.614062 0.876563 0.614062 0.876563 0.235937 0.871875 0.235937 0.868750 0.228125
4 0.646875 0.584375 0.592187 0.584375 0.592187 0.590625 0.575000 0.601562 0.562500 0.626563 0.559375 0.650000 0.553125 0.651563 0.553125 0.918750 0.559375 0.918750 0.567187 0.931250 0.567187 0.951562 0.560937 0.962500 0.553125 0.965625 0.553125 0.989062 0.557813 0.989062 0.562500 0.998437 0.876563 0.998437 0.876563 0.664062 0.825000 0.650000 0.781250 0.620313 0.685937 0.601562 0.656250 0.590625 0.654687 0.584375
0 0.418750 0.003125 0.121875 0.003125 0.121875 0.207813 0.200000 0.237500 0.328125 0.276562 0.329688 0.282813 0.360938 0.282813 0.362500 0.276562 0.385937 0.267188 0.409375 0.242188 0.417187 0.225000 0.420312 0.198437 0.426563 0.196875 0.426563 0.003125
7 0.206250 0.021875 0.179688 0.056250 0.171875 0.103125 0.159375 0.131250 0.153125 0.132812 0.153125 0.192188 0.162500 0.193750 0.168750 0.203125 0.196875 0.217188 0.207813 0.212500 0.228125 0.221875 0.273438 0.226562 0.296875 0.250000 0.320312 0.262500 0.323437 0.270313 0.334375 0.270313 0.337500 0.262500 0.360938 0.251563 0.375000 0.234375 0.401562 0.179688 0.407813 0.178125 0.407813 0.146875 0.401562 0.145313 0.384375 0.115625 0.359375 0.103125 0.343750 0.081250 0.323437 0.064062 0.254688 0.048438 0.218750 0.029687 0.215625 0.021875
5 0.423362 0.328125 0.265625 0.328125 0.243750 0.370312 0.223438 0.390625 0.209375 0.395313 0.209375 0.415625 0.214062 0.415625 0.220312 0.426563 0.262500 0.560937 0.323437 0.728125 0.332813 0.742188 0.381250 0.779687 0.404687 0.814063 0.417187 0.845313 0.421875 0.875000 0.421875 0.926562 0.454688 0.926562 0.456250 0.790625 0.478125 0.623437 0.489063 0.456250 0.464062 0.368750 0.453125 0.350000 0.434375 0.335938 0.431250 0.328125
0 0.647545 0.565625 0.595313 0.565625 0.595313 0.571875 0.564063 0.596875 0.553125 0.637500 0.546875 0.639062 0.546875 0.998437 0.876563 0.998437 0.876563 0.656250 0.737500 0.606250 0.662500 0.575000 0.656250 0.565625
0 0.865569 0.000000 0.440625 0.000000 0.440625 0.289062 0.446875 0.289062 0.476562 0.317188 0.504687 0.325000 0.528125 0.323437 0.610938 0.287500 0.718750 0.231250 0.806250 0.195312 0.857812 0.167187 0.870313 0.157812 0.875000 0.139063 0.873437 0.000000
0 0.865430 0.196875 0.840286 0.189719 0.823141 0.196728 0.804688 0.206250 0.704688 0.262500 0.582812 0.323437 0.559375 0.351562 0.553125 0.351562 0.553125 0.495312 0.557813 0.495312 0.576562 0.517188 0.596875 0.528125 0.837500 0.623437 0.843750 0.632812 0.871875 0.632812 0.873437 0.612500 0.873437 0.196875
0 0.182031 0.246875 0.121875 0.246875 0.121875 0.998437 0.523438 0.998437 0.525000 0.940625 0.532813 0.934375 0.532813 0.678125 0.526563 0.676562 0.525000 0.642188 0.525000 0.500000 0.526563 0.465625 0.532813 0.464062 0.532813 0.432812 0.526563 0.431250 0.517188 0.390625 0.493750 0.364063 0.451562 0.339062 0.193750 0.254688 0.190625 0.246875
1 0.851492 0.009834 0.488425 0.008083 0.457813 0.023438 0.453125 0.042188 0.453347 0.050089 0.454516 0.066450 0.453125 0.076563 0.453125 0.110937 0.455684 0.114366 0.446875 0.123438 0.455100 0.122545 0.453931 0.133064 0.452177 0.268628 0.453125 0.284375 0.465625 0.303125 0.489063 0.315625 0.526563 0.317188 0.757812 0.201563 0.815625 0.178125 0.876563 0.143750 0.871955 0.019769 0.864939 0.012756 0.862602 0.009252
5 0.151562 0.460938 0.128125 0.479687 0.128125 0.871875 0.196875 0.910937 0.239063 0.917188 0.245312 0.926562 0.273438 0.926562 0.281250 0.910937 0.264062 0.878125 0.254688 0.837500 0.256250 0.801562 0.265625 0.762500 0.260937 0.739062 0.168750 0.484375 0.156250 0.460938
