4 0.862441 0.000000 0.453125 0.000000 0.453125 0.215625 0.462500 0.221875 0.470313 0.251563 0.489063 0.268750 0.526563 0.282813 0.528125 0.276562 0.584375 0.259375 0.839063 0.145313 0.870313 0.115625 0.876563 0.115625 0.876563 0.004687 0.870313 0.000000
0 0.868720 0.003125 0.453125 0.003125 0.453125 0.229687 0.459375 0.231250 0.468750 0.256250 0.487500 0.273438 0.506250 0.281250 0.537500 0.281250 0.623437 0.250000 0.793750 0.171875 0.846875 0.140625 0.870313 0.114062 0.876563 0.114062 0.876563 0.003125
7 0.350938 0.034375 0.317188 0.034375 0.317188 0.039062 0.282813 0.071875 0.259375 0.081250 0.228125 0.103125 0.178125 0.118750 0.159375 0.137500 0.153125 0.137500 0.153125 0.157812 0.215625 0.179688 0.250000 0.179688 0.265625 0.195312 0.337500 0.223438 0.360938 0.226562 0.404687 0.212500 0.414062 0.198437 0.414062 0.160938 0.401562 0.120313 0.415625 0.100000 0.409375 0.093750 0.393750 0.098437 0.382812 0.089063 0.359375 0.034375
0 0.431089 0.000000 0.128125 0.000000 0.128125 0.153125 0.195312 0.171875 0.346875 0.231250 0.351562 0.239063 0.392188 0.239063 0.393750 0.232813 0.425000 0.209375 0.439063 0.179688 0.443750 0.143750 0.443750 0.037500 0.439063 0.000000
0 0.649219 0.503125 0.589063 0.503125 0.560937 0.540625 0.553125 0.543750 0.553125 0.914062 0.560937 0.917188 0.579688 0.956250 0.606250 0.975000 0.609375 0.982812 0.829688 0.982812 0.831250 0.976562 0.876563 0.975000 0.876563 0.595313 0.667188 0.514062 0.657813 0.503125
0 0.840452 0.184375 0.776563 0.184375 0.767188 0.196875 0.575000 0.289062 0.557813 0.309375 0.553125 0.309375 0.553125 0.428125 0.560937 0.431250 0.582812 0.459375 0.598437 0.467187 0.842187 0.562500 0.845313 0.570312 0.859375 0.570312 0.859375 0.564063 0.871875 0.557813 0.873437 0.543750 0.875000 0.285938 0.870313 0.221875 0.848437 0.184375
1 0.651389 0.521875 0.616914 0.515153 0.587500 0.521875 0.576425 0.533961 0.565020 0.565878 0.567302 0.906077 0.587500 0.928125 0.615773 0.942313 0.647138 0.942883 0.663675 0.942883 0.837034 0.936044 0.875811 0.928064 0.875697 0.622788 0.677819 0.540145 0.662500 0.529687 0.659375 0.521875
0 0.177128 0.186845 0.150559 0.189303 0.121875 0.196875 0.125566 0.985995 0.487191 0.984520 0.527536 0.954033 0.537500 0.904687 0.532813 0.809375 0.535937 0.365625 0.529687 0.339062 0.507812 0.314063 0.485938 0.301563 0.220312 0.204687 0.206156 0.197663
5 0.175000 0.371875 0.128125 0.415625 0.121875 0.415625 0.121875 0.803125 0.128125 0.803125 0.173437 0.846875 0.215625 0.893750 0.257812 0.917188 0.275000 0.920312 0.276562 0.926562 0.426563 0.926562 0.426563 0.878125 0.387500 0.871875 0.362500 0.859375 0.339062 0.839063 0.326562 0.818750 0.303125 0.746875 0.307812 0.684375 0.304688 0.660937 0.245312 0.515625 0.178125 0.371875
5 0.413966 0.296875 0.295312 0.296875 0.292187 0.304688 0.234375 0.331250 0.234375 0.353125 0.242188 0.356250 0.253125 0.379688 0.359375 0.640625 0.379688 0.660937 0.409375 0.676562 0.429688 0.701562 0.442188 0.701562 0.453125 0.618750 0.460938 0.478125 0.464062 0.459375 0.470313 0.457813 0.470313 0.393750 0.464062 0.392188 0.453125 0.335938 0.421875 0.296875
2 0.801562 0.212500 0.800000 0.214062 0.796875 0.214062 0.795312 0.215625 0.790625 0.215625 0.789062 0.217188 0.785937 0.217188 0.784375 0.218750 0.781250 0.218750 0.779687 0.220312 0.778125 0.220312 0.776563 0.221875 0.775000 0.221875 0.773438 0.223438 0.771875 0.223438 0.770312 0.225000 0.767188 0.225000 0.765625 0.226562 0.764062 0.226562 0.762500 0.228125 0.759375 0.228125 0.756250 0.231250 0.754687 0.231250 0.753125 0.232813 0.751563 0.232813 0.750000 0.234375 0.743750 0.234375 0.740625 0.237500 0.739062 0.237500 0.737500 0.239063 0.735938 0.239063 0.734375 0.240625 0.732812 0.240625 0.729688 0.243750 0.728125 0.243750 0.726562 0.245312 0.725000 0.245312 0.723437 0.246875 0.720313 0.246875 0.718750 0.248438 0.717187 0.248438 0.715625 0.250000 0.710938 0.250000 0.709375 0.251563 0.707812 0.251563 0.704688 0.254688 0.701562 0.254688 0.700000 0.256250 0.698438 0.256250 0.696875 0.257812 0.693750 0.257812 0.690625 0.260937 0.689063 0.260937 0.687500 0.262500 0.685937 0.262500 0.684375 0.264062 0.681250 0.264062 0.679688 0.265625 0.678125 0.265625 0.676562 0.267188 0.675000 0.267188 0.673438 0.268750 0.671875 0.268750 0.670312 0.270313 0.667188 0.270313 0.665625 0.271875 0.662500 0.271875 0.660937 0.273438 0.657813 0.273438 0.656250 0.275000 0.654687 0.275000 0.653125 0.276562 0.648438 0.276562 0.646875 0.278125 0.645312 0.278125 0.643750 0.279687 0.642188 0.279687 0.640625 0.281250 0.639062 0.281250 0.637500 0.282813 0.635938 0.282813 0.634375 0.284375 0.631250 0.284375 0.629687 0.285938 0.626563 0.285938 0.625000 0.287500 0.623437 0.287500 0.621875 0.289062 0.618750 0.289062 0.617188 0.290625 0.615625 0.290625 0.614062 0.292187 0.610938 0.292187 0.609375 0.293750 0.607812 0.293750 0.606250 0.295312 0.604688 0.295312 0.603125 0.296875 0.601562 0.296875 0.598437 0.300000 0.595313 0.300000 0.593750 0.301563 0.592187 0.301563 0.590625 0.300000 0.587500 0.300000 0.585938 0.301563 0.584375 0.301563 0.582812 0.303125 0.581250 0.303125 0.581250 0.304688 0.571875 0.314063 0.571875 0.315625 0.562500 0.325000 0.559375 0.325000 0.559375 0.428125 0.564063 0.428125 0.571875 0.435937 0.571875 0.437500 0.578125 0.443750 0.578125 0.445312 0.585938 0.453125 0.587500 0.453125 0.589063 0.454688 0.590625 0.454688 0.592187 0.456250 0.593750 0.456250 0.595313 0.457813 0.596875 0.457813 0.598437 0.459375 0.600000 0.459375 0.601562 0.460938 0.603125 0.460938 0.604688 0.462500 0.606250 0.462500 0.607812 0.464062 0.609375 0.464062 0.610938 0.465625 0.614062 0.465625 0.615625 0.467187 0.617188 0.467187 0.618750 0.468750 0.621875 0.468750 0.623437 0.470313 0.625000 0.470313 0.626563 0.471875 0.629687 0.471875 0.631250 0.473438 0.634375 0.473438 0.635938 0.475000 0.637500 0.475000 0.639062 0.476562 0.642188 0.476562 0.643750 0.478125 0.645312 0.478125 0.646875 0.479687 0.650000 0.479687 0.651563 0.481250 0.653125 0.481250 0.654687 0.482812 0.657813 0.482812 0.659375 0.484375 0.660937 0.484375 0.662500 0.485938 0.665625 0.485938 0.667188 0.487500 0.668750 0.487500 0.670312 0.489063 0.673438 0.489063 0.675000 0.490625 0.676562 0.490625 0.678125 0.492188 0.681250 0.492188 0.682813 0.493750 0.684375 0.493750 0.685937 0.495312 0.689063 0.495312 0.690625 0.496875 0.692187 0.496875 0.693750 0.498437 0.696875 0.498437 0.698438 0.500000 0.701562 0.500000 0.703125 0.501563 0.704688 0.501563 0.706250 0.503125 0.709375 0.503125 0.710938 0.504687 0.712500 0.504687 0.714063 0.506250 0.717187 0.506250 0.718750 0.507812 0.720313 0.507812 0.721875 0.509375 0.725000 0.509375 0.726562 0.510938 0.728125 0.510938 0.729688 0.512500 0.732812 0.512500 0.734375 0.514062 0.735938 0.514062 0.737500 0.515625 0.740625 0.515625 0.742188 0.517188 0.743750 0.517188 0.745313 0.518750 0.748437 0.518750 0.750000 0.520312 0.751563 0.520312 0.753125 0.521875 0.756250 0.521875 0.757812 0.523438 0.759375 0.523438 0.760938 0.525000 0.764062 0.525000 0.765625 0.526563 0.767188 0.526563 0.768750 0.528125 0.771875 0.528125 0.773438 0.529687 0.776563 0.529687 0.778125 0.531250 0.779687 0.531250 0.781250 0.532813 0.784375 0.532813 0.785937 0.534375 0.787500 0.534375 0.789062 0.535937 0.792188 0.535937 0.793750 0.537500 0.795312 0.537500 0.796875 0.539062 0.800000 0.539062 0.801562 0.540625 0.803125 0.540625 0.804688 0.542188 0.807813 0.542188 0.809375 0.543750 0.810937 0.543750 0.812500 0.545312 0.815625 0.545312 0.817187 0.546875 0.829688 0.546875 0.831250 0.545312 0.845313 0.545312 0.846875 0.543750 0.848437 0.543750 0.851562 0.540625 0.853125 0.540625 0.854688 0.539062 0.856250 0.539062 0.857812 0.537500 0.859375 0.537500 0.860938 0.535937 0.862500 0.535937 0.864062 0.534375 0.865625 0.534375 0.868750 0.531250 0.870313 0.531250 0.871875 0.529687 0.873437 0.529687 0.875000 0.528125 0.875000 0.323437 0.867188 0.315625 0.867188 0.310937 0.865625 0.309375 0.865625 0.296875 0.864062 0.295312 0.864062 0.284375 0.862500 0.282813 0.862500 0.271875 0.860938 0.270313 0.860938 0.257812 0.859375 0.256250 0.859375 0.245312 0.857812 0.243750 0.857812 0.237500 0.853125 0.232813 0.853125 0.231250 0.850000 0.228125 0.850000 0.226562 0.845313 0.221875 0.845313 0.220312 0.840625 0.220312 0.839063 0.218750 0.837500 0.218750 0.835938 0.217188 0.831250 0.217188 0.829688 0.215625 0.825000 0.215625 0.823438 0.214062 0.815625 0.214062 0.814063 0.212500
