7 0.346205 0.153125 0.295312 0.153125 0.293750 0.159375 0.264062 0.181250 0.235937 0.181250 0.209375 0.190625 0.209375 0.278125 0.234375 0.292187 0.293750 0.309375 0.337500 0.314063 0.350000 0.320312 0.351562 0.326562 0.395313 0.326562 0.398438 0.318750 0.417187 0.306250 0.426563 0.287500 0.432812 0.285938 0.432812 0.245312 0.426563 0.243750 0.415625 0.193750 0.393750 0.171875 0.359375 0.160938 0.354687 0.153125
4 0.554167 0.084375 0.487500 0.084375 0.484375 0.092188 0.453125 0.117188 0.453125 0.250000 0.459375 0.251563 0.460938 0.317188 0.478125 0.351562 0.485938 0.359375 0.512500 0.368750 0.529687 0.368750 0.553125 0.360938 0.654687 0.303125 0.700000 0.284375 0.778125 0.232813 0.803125 0.204687 0.812500 0.185938 0.820312 0.182812 0.820312 0.156250 0.809375 0.150000 0.784375 0.084375 0.684375 0.084375 0.679688 0.092188 0.628125 0.098437 0.570312 0.092188 0.564063 0.090625 0.562500 0.084375
0 0.396755 0.096875 0.198437 0.096875 0.171875 0.129688 0.159375 0.137500 0.159375 0.256250 0.165625 0.256250 0.184375 0.275000 0.214062 0.290625 0.259375 0.298438 0.329688 0.323437 0.365625 0.331250 0.370312 0.339062 0.412500 0.339062 0.437500 0.307812 0.445312 0.304688 0.445312 0.225000 0.437500 0.218750 0.437500 0.146875 0.404687 0.096875
0 0.638839 0.559375 0.590625 0.559375 0.581250 0.575000 0.571875 0.579688 0.571875 0.753125 0.578125 0.754687 0.584375 0.846875 0.595313 0.898438 0.621875 0.921875 0.621875 0.926562 0.698438 0.926562 0.700000 0.920312 0.718750 0.915625 0.815625 0.904687 0.846875 0.889062 0.862500 0.868750 0.870313 0.865625 0.870313 0.760938 0.864062 0.759375 0.870313 0.757812 0.870313 0.735938 0.864062 0.734375 0.864062 0.725000 0.870313 0.723437 0.870313 0.717187 0.862500 0.712500 0.859375 0.670312 0.848437 0.640625 0.835938 0.628125 0.818750 0.620313 0.721875 0.593750 0.650000 0.567187 0.646875 0.559375
0 0.757767 0.084375 0.490625 0.084375 0.487500 0.092188 0.475000 0.098437 0.460938 0.118750 0.453125 0.121875 0.453125 0.267188 0.459375 0.268750 0.462500 0.315625 0.476562 0.345313 0.495312 0.360938 0.514062 0.368750 0.540625 0.365625 0.675000 0.293750 0.759375 0.234375 0.773438 0.232813 0.789062 0.223438 0.804688 0.204687 0.807813 0.168750 0.792188 0.115625 0.765625 0.084375
0 0.264062 0.321875 0.185938 0.321875 0.173437 0.343750 0.165625 0.346875 0.165625 0.937500 0.171875 0.937500 0.181250 0.951562 0.315625 0.951562 0.321875 0.943750 0.331250 0.945312 0.332813 0.951562 0.337500 0.945312 0.340625 0.951562 0.370312 0.951562 0.370312 0.946875 0.382812 0.939063 0.484375 0.935937 0.525000 0.928125 0.542188 0.915625 0.553125 0.898438 0.557813 0.898438 0.557813 0.762500 0.551562 0.760938 0.550000 0.748437 0.542188 0.570312 0.528125 0.439063 0.517188 0.417187 0.501563 0.401562 0.459375 0.385937 0.393750 0.371875 0.351562 0.354687 0.309375 0.346875 0.279687 0.332813 0.271875 0.321875
0 0.783855 0.278125 0.742188 0.278125 0.740625 0.285938 0.584375 0.371875 0.559375 0.390625 0.559375 0.490625 0.600000 0.520312 0.773438 0.579688 0.800000 0.582812 0.839063 0.557813 0.839063 0.479687 0.832812 0.478125 0.812500 0.323437 0.792188 0.278125
5 0.206250 0.395313 0.204687 0.515625 0.212500 0.709375 0.207813 0.734375 0.218750 0.806250 0.217188 0.896875 0.225000 0.914062 0.253125 0.917188 0.335938 0.882812 0.360938 0.882812 0.417187 0.862500 0.476562 0.817187 0.504687 0.776563 0.518750 0.729688 0.528125 0.673438 0.526563 0.609375 0.518750 0.542188 0.500000 0.495312 0.476562 0.457813 0.432812 0.415625 0.365625 0.379688 0.275000 0.368750 0.248438 0.351562 0.210938 0.371875
2 0.560937 0.403125 0.562500 0.479687 0.581250 0.510938 0.778125 0.578125 0.803125 0.576562 0.825000 0.553125 0.807813 0.389062 0.798438 0.356250 0.801562 0.323437 0.787500 0.295312 0.768750 0.285938 0.750000 0.285938 0.729688 0.295312 0.718750 0.306250 0.578125 0.376563
1 0.573438 0.598437 0.589063 0.848437 0.598437 0.885938 0.610938 0.900000 0.640625 0.909375 0.667188 0.907813 0.710938 0.900000 0.718750 0.893750 0.809375 0.890625 0.835938 0.879687 0.851562 0.859375 0.859375 0.832812 0.850000 0.810937 0.851562 0.771875 0.840625 0.664062 0.825000 0.632812 0.625000 0.562500 0.596875 0.565625 0.584375 0.575000
