6 0.209375 0.134375 0.146875 0.134375 0.143750 0.142187 0.100000 0.159375 0.070312 0.192188 0.043750 0.207813 0.031250 0.221875 0.031250 0.234375 0.039062 0.246875 0.039062 0.265625 0.023438 0.315625 0.012500 0.378125 0.003125 0.382812 0.003125 0.420312 0.012500 0.417187 0.015625 0.390625 0.021875 0.395313 0.020313 0.407813 0.032813 0.432812 0.054688 0.457813 0.254688 0.457813 0.256250 0.451562 0.278125 0.451562 0.279687 0.457813 0.314063 0.457813 0.317188 0.450000 0.343750 0.437500 0.359375 0.420312 0.364063 0.393750 0.356250 0.370312 0.337500 0.339062 0.334375 0.317188 0.315625 0.270313 0.282813 0.231250 0.260937 0.176563 0.220312 0.142187 0.217188 0.134375
2 0.559273 0.146875 0.321875 0.146875 0.320312 0.154688 0.290625 0.171875 0.290625 0.206250 0.298438 0.209375 0.364063 0.320312 0.384375 0.345313 0.417187 0.356250 0.421875 0.364063 0.507812 0.364063 0.509375 0.357812 0.526563 0.351562 0.539062 0.339062 0.592187 0.204687 0.592187 0.171875 0.579688 0.157812 0.568750 0.153125 0.567187 0.146875
4 0.760938 0.392188 0.732812 0.392188 0.662500 0.406250 0.626563 0.403125 0.592187 0.409375 0.550000 0.409375 0.514062 0.404687 0.460938 0.442188 0.437500 0.439063 0.414062 0.443750 0.403125 0.460938 0.390625 0.504687 0.345313 0.578125 0.337500 0.609375 0.282813 0.728125 0.271875 0.737500 0.271875 0.768750 0.314063 0.776563 0.334375 0.810937 0.357812 0.831250 0.437500 0.831250 0.451562 0.835938 0.470313 0.832812 0.484375 0.839063 0.485938 0.845313 0.567187 0.845313 0.571875 0.837500 0.610938 0.832812 0.628125 0.826562 0.645312 0.792188 0.662500 0.787500 0.685937 0.789062 0.707812 0.825000 0.764062 0.814063 0.787500 0.817187 0.825000 0.809375 0.998437 0.796875 0.998437 0.445312 0.953125 0.409375 0.925000 0.395313 0.818750 0.406250 0.770312 0.392188
7 0.036250 0.515625 0.000000 0.515625 0.000000 0.709375 0.007812 0.714063 0.000000 0.726562 0.000000 0.759375 0.040625 0.751563 0.040625 0.740625 0.034375 0.732812 0.012500 0.726562 0.010937 0.712500 0.032813 0.714063 0.059375 0.704688 0.068750 0.720313 0.068750 0.759375 0.084375 0.778125 0.115625 0.782813 0.126562 0.776563 0.170313 0.776563 0.209375 0.770312 0.218750 0.759375 0.268750 0.654687 0.300000 0.579688 0.307812 0.576562 0.307812 0.548438 0.290625 0.540625 0.253125 0.534375 0.221875 0.521875 0.220312 0.515625 0.154688 0.515625 0.137500 0.535937 0.089063 0.551562 0.057813 0.535937 0.046875 0.525000 0.045312 0.515625
0 0.100000 0.135937 0.079687 0.146875 0.064062 0.164062 0.045312 0.210938 0.040625 0.253125 0.010937 0.365625 0.003125 0.439063 0.031250 0.456250 0.034375 0.464062 0.145313 0.457813 0.157812 0.456250 0.185938 0.457813 0.270313 0.457813 0.326562 0.453125 0.370312 0.421875 0.364063 0.371875 0.354687 0.356250 0.314063 0.270313 0.282813 0.225000 0.264062 0.181250 0.240625 0.151562 0.218750 0.134375
6 0.784152 0.121875 0.679688 0.121875 0.678125 0.128125 0.645312 0.143750 0.621875 0.170313 0.615625 0.190625 0.609375 0.254688 0.598437 0.284375 0.590625 0.287500 0.590625 0.318750 0.595313 0.318750 0.620313 0.346875 0.648438 0.356250 0.720313 0.356250 0.906250 0.353125 0.929688 0.343750 0.931250 0.337500 0.917188 0.326562 0.915625 0.309375 0.901563 0.285938 0.907813 0.273438 0.926562 0.257812 0.925000 0.232813 0.887500 0.153125 0.871875 0.134375 0.860938 0.129688 0.793750 0.128125 0.792188 0.121875
0 0.023438 0.479687 0.003125 0.485938 0.001369 0.866664 0.137500 0.862500 0.170313 0.845313 0.200000 0.820312 0.254688 0.695312 0.301563 0.603125 0.318750 0.550000 0.320312 0.517188 0.309375 0.495312 0.287500 0.476562
0 0.573391 0.128125 0.321875 0.128125 0.278125 0.153125 0.277289 0.178805 0.285938 0.196875 0.357812 0.323437 0.379688 0.346875 0.404687 0.359375 0.425000 0.362500 0.509375 0.360938 0.534375 0.350000 0.551562 0.332813 0.603125 0.198437 0.606250 0.176563 0.601562 0.153125 0.581250 0.128125
0 0.848308 0.121875 0.665625 0.121875 0.642188 0.142187 0.618750 0.179688 0.612500 0.221875 0.590625 0.273438 0.590625 0.328125 0.617188 0.350000 0.654687 0.360938 0.898438 0.359375 0.929688 0.351562 0.957812 0.331250 0.957812 0.293750 0.932813 0.253125 0.903125 0.175000 0.885938 0.148438 0.857812 0.128125
0 0.863816 0.365625 0.718750 0.365625 0.717187 0.371875 0.664062 0.376563 0.545312 0.376563 0.509375 0.382812 0.453125 0.384375 0.428125 0.396875 0.409375 0.415625 0.371875 0.484375 0.289062 0.676562 0.273438 0.709375 0.255570 0.773752 0.257222 0.810586 0.267675 0.823231 0.284375 0.839063 0.301563 0.851562 0.545312 0.845313 0.559375 0.843750 0.693750 0.832812 0.764062 0.831250 0.815625 0.823438 0.917188 0.818750 0.998437 0.821875 0.998437 0.426563 0.965625 0.396875 0.937500 0.379688 0.873437 0.371875 0.871875 0.365625
