0 0.868750 0.003125 0.446875 0.003125 0.446875 0.214062 0.454688 0.217188 0.478125 0.246875 0.503125 0.257812 0.513422 0.259606 0.532236 0.258309 0.542188 0.256250 0.876563 0.115625 0.876563 0.003125
4 0.868720 0.003125 0.453125 0.003125 0.453125 0.220312 0.476562 0.240625 0.500000 0.251563 0.501563 0.257812 0.543750 0.257812 0.545312 0.251563 0.565625 0.242188 0.876563 0.110937 0.876563 0.003125
6 0.625000 0.523438 0.589063 0.537500 0.564063 0.565625 0.564542 0.590967 0.569733 0.798450 0.565625 0.825000 0.567187 0.842187 0.565625 0.868750 0.559375 0.870313 0.559375 0.946875 0.570312 0.943750 0.581250 0.962500 0.615625 0.987500 0.620313 0.998437 0.876563 0.998437 0.876563 0.595313 0.832812 0.585938 0.785937 0.582812 0.760938 0.570312 0.746875 0.556250 0.729688 0.557813 0.684375 0.546875 0.637500 0.523438
7 0.335938 0.003125 0.226562 0.003125 0.218750 0.015625 0.198437 0.025000 0.175000 0.046875 0.159375 0.084375 0.153125 0.085938 0.153125 0.121875 0.170313 0.129688 0.203125 0.129688 0.215625 0.146875 0.235937 0.162500 0.321875 0.196875 0.357812 0.198437 0.385937 0.189062 0.396875 0.179688 0.407813 0.134375 0.414062 0.132812 0.414062 0.065625 0.406250 0.062500 0.379688 0.029687 0.345313 0.009375 0.343750 0.003125
0 0.424839 0.003125 0.121875 0.003125 0.121875 0.128125 0.331250 0.204687 0.353125 0.207813 0.384375 0.200000 0.412500 0.178125 0.426563 0.146875 0.429473 0.134469 0.432812 0.003125
0 0.650825 0.507288 0.606062 0.511827 0.582812 0.528125 0.559375 0.546875 0.558705 0.990405 0.571875 0.998437 0.876563 0.998437 0.876563 0.601562 0.776563 0.559375 0.746839 0.545542 0.713105 0.529981 0.689102 0.520903
0 0.868230 0.146875 0.826562 0.146875 0.821875 0.156250 0.789062 0.176563 0.598437 0.253125 0.585938 0.259375 0.560937 0.293750 0.553125 0.296875 0.553125 0.420312 0.560937 0.423438 0.576562 0.445312 0.640625 0.482812 0.856250 0.565625 0.865625 0.576562 0.876563 0.576562 0.876563 0.146875
5 0.395156 0.278125 0.243750 0.278125 0.242188 0.284375 0.203125 0.301563 0.203125 0.315625 0.210938 0.318750 0.215625 0.329688 0.346875 0.664062 0.356250 0.675000 0.396875 0.700000 0.440625 0.743750 0.446875 0.656250 0.462500 0.548438 0.468750 0.465625 0.470313 0.457813 0.476562 0.456250 0.476562 0.426563 0.470313 0.425000 0.456250 0.329688 0.448437 0.320312 0.428125 0.320312 0.403125 0.284375 0.403125 0.278125
5 0.121875 0.303125 0.121875 0.915625 0.128125 0.915625 0.145313 0.932813 0.164062 0.918750 0.243750 0.926562 0.334375 0.921875 0.337500 0.912500 0.298438 0.862500 0.281250 0.809375 0.281250 0.682813 0.165625 0.387500 0.142187 0.348438 0.131250 0.303125
0 0.151562 0.159375 0.128125 0.159375 0.125863 0.997755 0.530028 0.995809 0.531250 0.500000 0.532813 0.446875 0.539062 0.445312 0.539062 0.337500 0.531250 0.334375 0.517188 0.309375 0.489063 0.287500 0.354687 0.234375 0.162500 0.167187 0.159375 0.159375
3 0.859720 0.182048 0.838311 0.179455 0.816903 0.187883 0.790305 0.202795 0.598927 0.279995 0.567187 0.301563 0.559375 0.303125 0.559375 0.426563 0.600000 0.457813 0.659375 0.485938 0.856250 0.562500 0.859375 0.570312 0.876563 0.570312 0.875939 0.211873 0.872045 0.195664 0.868153 0.186586
