0 0.212269 0.503125 0.003125 0.503125 0.003125 0.876563 0.081250 0.876563 0.081250 0.871875 0.089063 0.868750 0.206250 0.862500 0.240625 0.846875 0.267188 0.817187 0.279687 0.789062 0.281250 0.773438 0.256250 0.643750 0.256250 0.559375 0.246875 0.529687 0.221875 0.510938
4 0.584214 0.121875 0.360938 0.121875 0.357812 0.129688 0.320312 0.145313 0.278125 0.178125 0.278125 0.231250 0.285938 0.235937 0.285938 0.259375 0.295312 0.279687 0.309375 0.296875 0.348438 0.312500 0.453125 0.314063 0.454688 0.320312 0.684375 0.320312 0.684375 0.314063 0.695312 0.306250 0.706250 0.287500 0.712500 0.251563 0.720313 0.246875 0.720313 0.220312 0.712500 0.217188 0.696875 0.185938 0.662500 0.153125 0.648438 0.131250 0.609375 0.132812 0.595313 0.129688 0.592187 0.121875
7 0.135937 0.121875 0.112500 0.121875 0.110937 0.131250 0.085938 0.164062 0.059375 0.225000 0.053125 0.226562 0.053125 0.276562 0.103125 0.276562 0.106250 0.268750 0.120313 0.264062 0.148438 0.264062 0.159375 0.271875 0.159375 0.276562 0.218750 0.276562 0.221875 0.268750 0.232813 0.264062 0.253125 0.245312 0.256250 0.192188 0.250000 0.179688 0.221875 0.153125 0.185938 0.137500 0.148438 0.129688 0.143750 0.121875
0 0.931125 0.309375 0.757461 0.303784 0.729688 0.328125 0.725441 0.358442 0.723784 0.392119 0.732812 0.415625 0.740625 0.446875 0.765625 0.473438 0.798438 0.489063 0.800000 0.495312 0.998437 0.495312 0.998437 0.389062 0.976562 0.343750 0.959375 0.326562 0.947931 0.318139 0.939063 0.309375
0 0.254688 0.290625 0.033680 0.287373 0.000000 0.301563 0.000000 0.487500 0.198437 0.489063 0.239063 0.484375 0.271875 0.468750 0.287500 0.448437 0.295500 0.437320 0.301563 0.420312 0.301563 0.353125 0.288764 0.323981 0.284078 0.310509 0.262500 0.290625
0 0.637500 0.121875 0.301563 0.121875 0.284375 0.150000 0.278125 0.151562 0.278125 0.260937 0.287500 0.265625 0.295312 0.284375 0.314063 0.301563 0.350000 0.312500 0.626563 0.320312 0.662500 0.320312 0.695312 0.314063 0.709375 0.303125 0.718750 0.279687 0.726562 0.276562 0.726562 0.196875 0.720313 0.195312 0.709375 0.164062 0.689063 0.140625 0.673438 0.132812 0.650000 0.129688 0.645312 0.121875
0 0.251563 0.121875 0.071875 0.121875 0.068750 0.129688 0.040625 0.151562 0.023438 0.190625 0.015625 0.193750 0.015625 0.259375 0.051562 0.275000 0.179688 0.276562 0.214062 0.273438 0.234375 0.265625 0.259375 0.234375 0.262500 0.167187 0.270313 0.162500 0.270313 0.135937 0.260937 0.131250 0.259375 0.121875
0 0.993688 0.505350 0.804688 0.505350 0.787180 0.526150 0.781119 0.545541 0.784150 0.564933 0.793750 0.620975 0.793750 0.688163 0.787500 0.689725 0.787500 0.767850 0.796269 0.786119 0.815625 0.805350 0.843750 0.824100 0.854189 0.829750 0.865625 0.835037 0.998437 0.835037 0.998437 0.505350
0 0.651563 0.328125 0.346875 0.328125 0.346875 0.334375 0.328125 0.350000 0.317188 0.381250 0.307812 0.456250 0.292187 0.509375 0.284375 0.512500 0.284375 0.687500 0.292187 0.692187 0.307812 0.762500 0.323437 0.800000 0.335938 0.823438 0.354687 0.842187 0.401562 0.857812 0.403125 0.864062 0.600000 0.864062 0.601562 0.857812 0.643750 0.854688 0.704688 0.840625 0.726562 0.826562 0.735938 0.814063 0.756250 0.756250 0.768750 0.690625 0.776563 0.685937 0.776563 0.609375 0.768750 0.603125 0.750000 0.510938 0.717187 0.437500 0.707812 0.376563 0.698438 0.360938 0.662500 0.335938 0.659375 0.328125
0 0.837500 0.140625 0.735938 0.140625 0.735938 0.145313 0.728125 0.148438 0.728125 0.195312 0.735938 0.200000 0.739062 0.246875 0.746875 0.268750 0.759375 0.282813 0.778125 0.290625 0.846875 0.293750 0.854688 0.295312 0.856250 0.301563 0.931250 0.301563 0.935937 0.292187 0.945312 0.284375 0.951562 0.284375 0.951562 0.253125 0.943750 0.250000 0.925000 0.203125 0.904687 0.178125 0.876563 0.159375 0.848437 0.148438 0.845313 0.140625
2 0.000292 0.345580 0.011128 0.336575 0.037780 0.319003 0.055058 0.315195 0.093717 0.316075 0.216134 0.318709 0.250106 0.317539 0.262114 0.322225 0.270606 0.330131 0.280858 0.339797 0.285836 0.353561 0.293158 0.374355 0.294914 0.391047 0.291400 0.410084 0.289058 0.429998 0.281444 0.451378 0.272364 0.465142 0.254500 0.476856 0.225798 0.483592 0.197684 0.487400 0.000000 0.485350
5 0.353747 0.366138 0.345073 0.424527 0.342595 0.443112 0.361181 0.513119 0.390919 0.595516 0.449153 0.661805 0.525355 0.720039 0.595361 0.746059 0.635630 0.746059 0.642444 0.736147 0.648639 0.716322 0.654216 0.677912 0.723602 0.677912 0.730416 0.680389 0.686430 0.413995 0.672800 0.406561 0.632531 0.394170 0.532789 0.374966 0.427470 0.364434 0.371094 0.356380
5 0.350650 0.485241 0.321531 0.765884 0.322152 0.779514 0.357464 0.781372 0.558189 0.804294 0.577394 0.798098 0.664128 0.789425 0.664747 0.828456 0.745905 0.785708 0.734133 0.679770 0.661650 0.679770 0.652356 0.684727 0.644922 0.738625 0.628195 0.749777 0.581111 0.741722 0.512345 0.713844 0.437383 0.650653 0.400831 0.606047 0.371713 0.553388
1 0.998437 0.534419 0.988786 0.530141 0.966150 0.528484 0.943514 0.529036 0.922536 0.529036 0.901556 0.527380 0.881128 0.529036 0.857941 0.524067 0.836409 0.530692 0.821503 0.527931 0.802733 0.535109 0.782305 0.566027 0.796659 0.620683 0.792795 0.706256 0.789483 0.749870 0.792795 0.770850 0.803837 0.793484 0.836962 0.822194 0.866775 0.832683 0.998437 0.829923
2 0.780648 0.329044 0.769608 0.333598 0.743659 0.334150 0.730409 0.350161 0.728202 0.386598 0.735378 0.426348 0.750836 0.455056 0.771816 0.475484 0.803284 0.490391 0.991545 0.488181 0.996514 0.478244 0.989889 0.444016 0.978848 0.411442 0.967255 0.377764 0.957869 0.358442 0.939098 0.344639 0.914806 0.335255 0.882784 0.331942 0.844139 0.332494 0.815431 0.333045
1 0.001105 0.528898 0.025948 0.532900 0.052448 0.529036 0.080605 0.530692 0.112073 0.530141 0.133053 0.529587 0.162312 0.532348 0.188261 0.536212 0.207033 0.532348 0.233533 0.538973 0.245678 0.550567 0.254511 0.567683 0.255064 0.594183 0.251198 0.626755 0.252855 0.648286 0.258377 0.674234 0.267761 0.711777 0.274386 0.739381 0.281011 0.771402 0.277698 0.792933 0.248991 0.837652 0.216417 0.856423 0.185502 0.852006 0.157344 0.860839 0.139125 0.850902 0.126980 0.859183 0.107656 0.854214 0.092198 0.863048 0.065147 0.864705 0.050239 0.856975 0.030364 0.861944 0.010489 0.859183 0.000552 0.866361
1 0.849114 0.240287 0.825528 0.246277 0.810050 0.257333 0.801573 0.269863 0.798994 0.280550 0.799362 0.291606 0.907344 0.297503 0.906975 0.282025 0.901078 0.268389 0.889655 0.256964 0.876019 0.247383 0.863119 0.240380
