2 0.904416 0.296875 0.726562 0.296875 0.725000 0.303125 0.696875 0.323437 0.696875 0.398438 0.704688 0.401562 0.714063 0.423438 0.732812 0.443750 0.767188 0.457813 0.768750 0.464062 0.848437 0.464062 0.850000 0.457813 0.973437 0.450000 0.989062 0.440625 0.989062 0.420312 0.981250 0.417187 0.948438 0.334375 0.928125 0.310937 0.912500 0.301563 0.912500 0.296875
2 0.243750 0.309375 0.048438 0.309375 0.046875 0.315625 0.003125 0.334375 0.003125 0.489063 0.015625 0.489063 0.017188 0.482812 0.028125 0.481250 0.118750 0.481250 0.201563 0.475000 0.242188 0.460938 0.259375 0.443750 0.270313 0.418750 0.276562 0.417187 0.276562 0.343750 0.270313 0.342187 0.251563 0.309375
1 0.193577 0.503125 0.129688 0.503125 0.128125 0.509375 0.106250 0.515625 0.003125 0.517188 0.003125 0.839063 0.143750 0.828125 0.148438 0.823438 0.150000 0.803125 0.165625 0.795312 0.176563 0.782813 0.190625 0.776563 0.237500 0.776563 0.257812 0.764062 0.257812 0.710938 0.250000 0.706250 0.237500 0.642188 0.234375 0.545312 0.228125 0.529687 0.204687 0.510938 0.201563 0.503125
0 0.082812 0.295312 0.075000 0.298438 0.032813 0.301563 0.003125 0.309375 0.000503 0.485130 0.109375 0.482812 0.209952 0.477219 0.246016 0.463012 0.266475 0.444302 0.278611 0.413809 0.281386 0.390248 0.278958 0.350402 0.262500 0.317188 0.250000 0.304688 0.242547 0.298427 0.221048 0.295309
7 0.189062 0.146875 0.184375 0.156250 0.164062 0.167187 0.078125 0.187500 0.064062 0.196875 0.048438 0.220312 0.040625 0.223438 0.040625 0.279687 0.079687 0.282813 0.081250 0.289062 0.106250 0.289062 0.107813 0.282813 0.179688 0.281250 0.198437 0.278125 0.214062 0.270313 0.223438 0.259375 0.225000 0.237500 0.217188 0.207813 0.201563 0.182812 0.201563 0.146875
4 0.537133 0.121875 0.406250 0.121875 0.404687 0.128125 0.376563 0.135937 0.301563 0.146875 0.282813 0.157812 0.265625 0.189062 0.259375 0.190625 0.259375 0.257812 0.267188 0.260937 0.279687 0.287500 0.293750 0.300000 0.314063 0.307812 0.315625 0.314063 0.356250 0.314063 0.357812 0.307812 0.393750 0.304688 0.653125 0.300000 0.678125 0.290625 0.690625 0.273438 0.701562 0.217188 0.707812 0.215625 0.701562 0.214062 0.682813 0.156250 0.664062 0.140625 0.571875 0.134375 0.550000 0.129688 0.545312 0.121875
8 0.765625 0.134375 0.718750 0.134375 0.717187 0.140625 0.703125 0.143750 0.703125 0.175000 0.710938 0.178125 0.720313 0.234375 0.737500 0.257812 0.760938 0.267188 0.782813 0.270313 0.784375 0.276562 0.832812 0.276562 0.834375 0.270313 0.893750 0.268750 0.909375 0.259375 0.914062 0.248438 0.915625 0.189062 0.896875 0.167187 0.854688 0.140625 0.853125 0.134375 0.817187 0.134375 0.815625 0.140625 0.775000 0.140625 0.773438 0.134375
0 0.905202 0.283078 0.733881 0.284880 0.717187 0.295312 0.696875 0.310937 0.698114 0.381852 0.704688 0.403125 0.720313 0.432812 0.732812 0.445312 0.754687 0.456250 0.763675 0.459330 0.950000 0.457813 0.978125 0.453125 0.998437 0.442188 0.998437 0.395313 0.962500 0.320312 0.940625 0.290625
0 0.990437 0.471875 0.800595 0.472409 0.776563 0.485938 0.757812 0.507812 0.759375 0.571875 0.760938 0.581250 0.759375 0.656250 0.760938 0.737500 0.770312 0.756250 0.801562 0.785937 0.828125 0.795312 0.871875 0.795312 0.998437 0.787500 0.998437 0.471875
0 0.181169 0.491673 0.001542 0.496564 0.000503 0.850911 0.017188 0.843750 0.162500 0.835938 0.206250 0.825000 0.221875 0.817187 0.234375 0.803125 0.257812 0.756250 0.256250 0.717187 0.240625 0.629687 0.237500 0.546875 0.226562 0.520312 0.213419 0.501028 0.204687 0.496875
0 0.231077 0.128125 0.113966 0.125616 0.056250 0.151562 0.032813 0.175000 0.010937 0.220312 0.005030 0.236436 0.003125 0.268750 0.028125 0.281250 0.179688 0.282813 0.203125 0.279687 0.218750 0.271875 0.232813 0.259375 0.242188 0.237500 0.253127 0.146639 0.239063 0.128125
0 0.653125 0.121875 0.301563 0.121875 0.285295 0.131923 0.265625 0.154688 0.262753 0.238805 0.273272 0.281452 0.295312 0.298438 0.321875 0.307812 0.434033 0.303375 0.637500 0.301563 0.664062 0.295312 0.689063 0.276562 0.700000 0.242188 0.701562 0.206250 0.689063 0.159375 0.660937 0.121875
0 0.631250 0.315625 0.350000 0.315625 0.348438 0.321875 0.317188 0.335938 0.301563 0.353125 0.293750 0.379688 0.287500 0.445312 0.267188 0.514062 0.255453 0.589777 0.267188 0.671875 0.282813 0.732812 0.296875 0.762500 0.325747 0.806970 0.357812 0.810937 0.481250 0.807813 0.556250 0.804688 0.668750 0.801562 0.693750 0.790625 0.707812 0.775000 0.728125 0.726562 0.745313 0.642188 0.745313 0.584375 0.735938 0.520312 0.692187 0.417187 0.678125 0.360938 0.665625 0.339062 0.642188 0.323437 0.639062 0.315625
0 0.834083 0.121875 0.712500 0.121875 0.695261 0.135864 0.702473 0.161391 0.710938 0.189062 0.715625 0.232813 0.728125 0.253125 0.764062 0.270313 0.895312 0.270313 0.912500 0.265625 0.928125 0.246875 0.925000 0.220312 0.914062 0.184375 0.889062 0.156250 0.845313 0.129688
5 0.506250 0.346875 0.467187 0.346875 0.464062 0.354687 0.439063 0.368750 0.412500 0.392188 0.378125 0.409375 0.334375 0.462500 0.295312 0.528125 0.275000 0.578125 0.265625 0.582812 0.265625 0.662500 0.273438 0.667188 0.290625 0.735938 0.296875 0.740625 0.340625 0.739062 0.359375 0.770312 0.392188 0.781250 0.410938 0.776563 0.440625 0.754687 0.515625 0.714063 0.603125 0.650000 0.676562 0.609375 0.676562 0.595313 0.668750 0.592187 0.665625 0.576562 0.645312 0.539062 0.645312 0.521875 0.626563 0.514062 0.579688 0.429688 0.556250 0.398438 0.525000 0.370312 0.514062 0.346875
1 0.968416 0.478125 0.862500 0.478125 0.862500 0.482812 0.851562 0.489063 0.792188 0.498437 0.759375 0.510938 0.759375 0.740625 0.764062 0.740625 0.800000 0.779687 0.820312 0.789062 0.821875 0.795312 0.856250 0.795312 0.857812 0.789062 0.878125 0.785937 0.998437 0.779687 0.998437 0.498437 0.984375 0.492188 0.976562 0.478125
5 0.503750 0.346875 0.468750 0.346875 0.465625 0.354687 0.448437 0.362500 0.406250 0.396875 0.378125 0.409375 0.337500 0.457813 0.296875 0.526563 0.273438 0.581250 0.265625 0.582812 0.265625 0.664062 0.273438 0.668750 0.290625 0.734375 0.295312 0.739062 0.339062 0.739062 0.362500 0.771875 0.395313 0.782813 0.512500 0.715625 0.603125 0.650000 0.676562 0.607812 0.676562 0.596875 0.668750 0.592187 0.665625 0.578125 0.643750 0.539062 0.640625 0.521875 0.626563 0.514062 0.581250 0.432812 0.556250 0.398438 0.529687 0.376563 0.512500 0.346875
5 0.665105 0.621875 0.648438 0.621875 0.645312 0.629687 0.612500 0.646875 0.515625 0.715625 0.485938 0.729688 0.446875 0.756250 0.446875 0.765625 0.468750 0.765625 0.476562 0.756250 0.509375 0.750000 0.554688 0.751563 0.578125 0.746875 0.643750 0.745313 0.657813 0.753125 0.670312 0.753125 0.678125 0.742188 0.682813 0.742188 0.682813 0.696875 0.676562 0.695312 0.675000 0.685937 0.673438 0.621875
