2 0.921614 0.309375 0.735938 0.309375 0.735938 0.314063 0.728125 0.317188 0.728125 0.412500 0.735938 0.415625 0.745313 0.435937 0.759375 0.450000 0.785937 0.464062 0.787500 0.470313 0.985938 0.470313 0.987500 0.464062 0.998437 0.462500 0.998437 0.407813 0.989062 0.396875 0.962500 0.339062 0.932813 0.317188 0.929688 0.309375
1 0.990500 0.490625 0.800000 0.490625 0.800000 0.496875 0.790625 0.500000 0.790625 0.740625 0.800000 0.745313 0.821875 0.773438 0.848437 0.789062 0.850000 0.795312 0.925000 0.795312 0.926562 0.789062 0.998437 0.787500 0.998437 0.490625
4 0.591972 0.128125 0.367188 0.128125 0.359375 0.137500 0.317188 0.140625 0.304688 0.150000 0.292187 0.175000 0.284375 0.178125 0.284375 0.232813 0.292187 0.237500 0.307812 0.284375 0.326562 0.301563 0.345313 0.307812 0.346875 0.314063 0.670312 0.314063 0.671875 0.307812 0.698438 0.301563 0.709375 0.287500 0.726562 0.235937 0.701562 0.153125 0.684375 0.128125 0.642188 0.128125 0.640625 0.134375 0.621875 0.140625 0.609375 0.140625 0.600000 0.128125
3 0.268692 0.309375 0.064062 0.309375 0.064062 0.314063 0.032813 0.340625 0.009375 0.387500 0.003125 0.389062 0.003125 0.471875 0.040625 0.481250 0.235937 0.481250 0.273438 0.470313 0.301563 0.446875 0.314063 0.390625 0.320312 0.389062 0.320312 0.379688 0.314063 0.378125 0.304688 0.346875 0.276562 0.315625 0.276562 0.309375
0 0.237500 0.496875 0.003125 0.496875 0.003125 0.845313 0.045312 0.845313 0.046875 0.839063 0.070312 0.835938 0.215625 0.831250 0.268750 0.812500 0.290625 0.789062 0.306250 0.743750 0.284375 0.653125 0.278125 0.535937 0.265625 0.515625 0.248438 0.504687 0.245312 0.496875
1 0.170105 0.503125 0.057813 0.503125 0.056250 0.509375 0.003125 0.517188 0.003125 0.839063 0.042188 0.839063 0.043750 0.832812 0.057813 0.829688 0.157812 0.821875 0.157812 0.803125 0.184375 0.778125 0.259375 0.779687 0.287500 0.776563 0.293750 0.771875 0.300000 0.756250 0.300000 0.726562 0.278125 0.640625 0.271875 0.537500 0.260937 0.523438 0.240625 0.512500 0.187500 0.510938 0.179688 0.509375 0.178125 0.503125
8 0.812500 0.196875 0.773438 0.196875 0.773438 0.201563 0.759375 0.215625 0.754687 0.225000 0.751563 0.228125 0.746875 0.228125 0.746875 0.259375 0.753125 0.259375 0.767188 0.271875 0.784375 0.279687 0.806250 0.281250 0.807813 0.282813 0.828125 0.281250 0.834375 0.275000 0.840625 0.262500 0.845313 0.246875 0.845313 0.234375 0.837500 0.215625 0.820312 0.201563 0.820312 0.196875
0 0.662391 0.128125 0.329688 0.128125 0.316172 0.135756 0.299975 0.145422 0.290625 0.176563 0.288894 0.187211 0.288325 0.232828 0.290625 0.242188 0.300544 0.274048 0.315036 0.300877 0.345313 0.309375 0.489063 0.314063 0.628125 0.314063 0.687500 0.309375 0.717147 0.296380 0.726562 0.268750 0.730492 0.257642 0.729355 0.225803 0.725000 0.212500 0.715625 0.178125 0.703125 0.154688 0.690625 0.142187 0.673438 0.135937 0.670312 0.128125
0 0.657770 0.321875 0.375000 0.321875 0.373437 0.328125 0.348438 0.340625 0.334375 0.357812 0.323437 0.439063 0.304688 0.504687 0.296875 0.509375 0.296875 0.640625 0.304688 0.643750 0.310937 0.681250 0.345313 0.765625 0.359375 0.781250 0.379688 0.793750 0.382812 0.801562 0.720313 0.801562 0.720313 0.796875 0.746875 0.771875 0.771875 0.676562 0.771875 0.575000 0.759375 0.517188 0.729688 0.443750 0.709375 0.371875 0.700000 0.354687 0.667188 0.329688 0.665625 0.321875
0 0.923509 0.294030 0.756697 0.294861 0.735533 0.308145 0.726819 0.323505 0.724330 0.370831 0.729688 0.401562 0.737500 0.425000 0.751563 0.445312 0.782813 0.465625 0.804688 0.470313 0.815097 0.471012 0.830598 0.472022 0.846875 0.470313 0.998437 0.467187 0.998437 0.360938 0.976562 0.325000 0.959375 0.309375 0.935937 0.298438 0.930564 0.294861
0 0.200159 0.121908 0.120625 0.132242 0.112080 0.135858 0.081250 0.151562 0.059375 0.178125 0.046875 0.212500 0.036377 0.244880 0.041611 0.264094 0.050998 0.270998 0.062500 0.278125 0.076563 0.282813 0.123438 0.281250 0.137500 0.282813 0.143481 0.284256 0.148175 0.283427 0.154688 0.282813 0.225000 0.282813 0.253125 0.275000 0.276292 0.254180 0.275000 0.182812 0.276562 0.176563 0.282813 0.175000 0.282813 0.151562 0.276292 0.140508 0.264062 0.128125
0 0.800955 0.135381 0.755205 0.133959 0.736166 0.138792 0.727641 0.145900 0.721673 0.158408 0.730198 0.178592 0.734375 0.196875 0.737500 0.235937 0.743750 0.253125 0.760938 0.273438 0.784375 0.282813 0.794963 0.284425 0.912770 0.284964 0.926562 0.284375 0.944252 0.277694 0.951562 0.264062 0.948798 0.251256 0.943750 0.240625 0.928125 0.198437 0.914062 0.176563 0.884375 0.153125 0.857812 0.142187 0.842725 0.138792
0 0.257563 0.290625 0.064062 0.290625 0.062500 0.296875 0.034375 0.309375 0.007812 0.337500 0.003125 0.337500 0.003125 0.476562 0.035937 0.482812 0.037500 0.489063 0.182812 0.489063 0.184375 0.482812 0.209375 0.482812 0.210938 0.489063 0.232813 0.489063 0.234375 0.482812 0.268750 0.473438 0.289062 0.462500 0.301563 0.450000 0.309375 0.432812 0.315625 0.398438 0.315625 0.359375 0.303125 0.326562 0.287500 0.307812 0.268750 0.298438 0.265625 0.290625
0 0.990495 0.484375 0.816316 0.486055 0.804688 0.492188 0.784375 0.504687 0.788311 0.568117 0.790625 0.592187 0.790625 0.667188 0.788509 0.685892 0.788509 0.730463 0.792188 0.740625 0.810937 0.773438 0.826562 0.785937 0.854688 0.795312 0.856250 0.801562 0.912500 0.801562 0.914062 0.795312 0.928125 0.793750 0.981250 0.795312 0.982812 0.801562 0.998437 0.801562 0.998437 0.484375
7 0.179492 0.171875 0.123438 0.171875 0.123438 0.178125 0.114062 0.193750 0.101562 0.207813 0.100000 0.214062 0.107813 0.232813 0.089063 0.242188 0.076563 0.256250 0.071875 0.256250 0.071875 0.278125 0.114062 0.279687 0.134375 0.276562 0.140625 0.279687 0.207813 0.281250 0.234375 0.278125 0.259375 0.264062 0.270313 0.246875 0.276562 0.245312 0.276562 0.231250 0.270313 0.229687 0.268750 0.210938 0.257812 0.190625 0.243750 0.182812 0.204687 0.184375 0.189062 0.178125 0.187500 0.171875
5 0.400312 0.434375 0.364063 0.434375 0.364063 0.445312 0.356250 0.454688 0.335938 0.457813 0.321875 0.470313 0.321875 0.550000 0.328125 0.551562 0.360938 0.675000 0.403125 0.775000 0.457813 0.776563 0.459375 0.782813 0.512500 0.782813 0.514062 0.776563 0.571875 0.773438 0.651563 0.748437 0.703125 0.726562 0.725000 0.723437 0.739062 0.712500 0.742188 0.692187 0.735938 0.681250 0.717187 0.685937 0.578125 0.678125 0.534375 0.659375 0.489063 0.629687 0.414062 0.557813 0.368750 0.465625 0.371875 0.454688 0.392188 0.453125 0.403125 0.446875 0.409375 0.434375
