0 0.706250 0.121875 0.284375 0.121875 0.284375 0.246875 0.292187 0.250000 0.298438 0.264062 0.315625 0.281250 0.365625 0.293750 0.662500 0.293750 0.698438 0.289062 0.714063 0.279687 0.725000 0.259375 0.732812 0.256250 0.732812 0.157812 0.725000 0.154688 0.714063 0.121875
2 0.937312 0.296875 0.745313 0.296875 0.745313 0.303125 0.728125 0.314063 0.728125 0.410938 0.735938 0.414062 0.743750 0.431250 0.768750 0.453125 0.790625 0.462500 0.828125 0.464062 0.829688 0.470313 0.835938 0.470313 0.837500 0.464062 0.862500 0.462500 0.998437 0.460938 0.998437 0.370312 0.975000 0.326562 0.948438 0.304688 0.945312 0.296875
4 0.699941 0.121875 0.298438 0.121875 0.292187 0.145313 0.284375 0.150000 0.284375 0.234375 0.290625 0.235937 0.309375 0.273438 0.326562 0.284375 0.351562 0.290625 0.668750 0.293750 0.696875 0.287500 0.715625 0.271875 0.726562 0.215625 0.715625 0.143750 0.707812 0.121875
2 0.259375 0.296875 0.048438 0.296875 0.045312 0.304688 0.017188 0.326562 0.009375 0.345313 0.003125 0.346875 0.003125 0.470313 0.217188 0.470313 0.218750 0.464062 0.260937 0.451562 0.282813 0.431250 0.295312 0.398438 0.301563 0.396875 0.301563 0.346875 0.295312 0.345313 0.282813 0.315625 0.267188 0.296875
1 0.223384 0.490625 0.003125 0.490625 0.003125 0.825000 0.048438 0.821875 0.054688 0.790625 0.064062 0.790625 0.087500 0.778125 0.095312 0.778125 0.109375 0.789062 0.125000 0.779687 0.150000 0.779687 0.157812 0.785937 0.159375 0.795312 0.164062 0.795312 0.184375 0.776563 0.256250 0.778125 0.268750 0.760938 0.276562 0.757812 0.276562 0.709375 0.270313 0.707812 0.262500 0.681250 0.254688 0.618750 0.256250 0.531250 0.250000 0.514062 0.231250 0.490625
0 0.268692 0.121875 0.064062 0.121875 0.045312 0.151562 0.029687 0.195312 0.021875 0.198437 0.021875 0.240625 0.028125 0.240625 0.050000 0.256250 0.053125 0.264062 0.215625 0.264062 0.217188 0.257812 0.246875 0.243750 0.262500 0.223438 0.268750 0.139063 0.276562 0.134375 0.276562 0.121875
0 0.959264 0.284375 0.745313 0.284375 0.731250 0.307812 0.721875 0.312500 0.721875 0.390625 0.729688 0.393750 0.745313 0.432812 0.764062 0.451562 0.796875 0.462500 0.800000 0.470313 0.998437 0.470313 0.998437 0.312500 0.971875 0.293750 0.967187 0.284375
0 0.217077 0.484375 0.003125 0.484375 0.003125 0.839063 0.012500 0.839063 0.014063 0.832812 0.035937 0.832812 0.037500 0.839063 0.134375 0.839063 0.140625 0.831250 0.203125 0.828125 0.243750 0.806250 0.259375 0.787500 0.276562 0.746875 0.282813 0.745313 0.282813 0.726562 0.275000 0.721875 0.259375 0.642188 0.254688 0.593750 0.256250 0.528125 0.246875 0.507812 0.225000 0.489063 0.225000 0.484375
8 0.806875 0.165625 0.771875 0.165625 0.771875 0.170313 0.764062 0.178125 0.759375 0.178125 0.759375 0.242188 0.764062 0.242188 0.776563 0.254688 0.787500 0.260937 0.804688 0.264062 0.806250 0.270313 0.882812 0.270313 0.882812 0.265625 0.890625 0.260937 0.887500 0.235937 0.893750 0.220312 0.873437 0.206250 0.859375 0.190625 0.817187 0.171875 0.815625 0.165625
0 0.990563 0.484375 0.801562 0.484375 0.801562 0.490625 0.784375 0.507812 0.778125 0.528125 0.782813 0.623437 0.778125 0.653125 0.771875 0.654687 0.771875 0.760938 0.814063 0.796875 0.843750 0.806250 0.998437 0.806250 0.998437 0.484375
0 0.264062 0.278125 0.021875 0.278125 0.021875 0.282813 0.000000 0.300000 0.000000 0.470313 0.232813 0.470313 0.234375 0.464062 0.268750 0.450000 0.289062 0.425000 0.301563 0.373437 0.307812 0.371875 0.307812 0.346875 0.301563 0.345313 0.290625 0.306250 0.271875 0.278125
5 0.658928 0.321875 0.609375 0.321875 0.607812 0.328125 0.531250 0.367188 0.467187 0.389062 0.390625 0.389062 0.376563 0.393750 0.367188 0.457813 0.346875 0.503125 0.310937 0.614062 0.303125 0.617188 0.303125 0.639062 0.428125 0.640625 0.554688 0.662500 0.565625 0.668750 0.634375 0.670312 0.659375 0.675000 0.664062 0.682813 0.667188 0.676562 0.678125 0.675000 0.701562 0.654687 0.726562 0.651563 0.740625 0.617188 0.746875 0.545312 0.751563 0.521875 0.757812 0.520312 0.757812 0.515625 0.751563 0.514062 0.742188 0.489063 0.721875 0.482812 0.696875 0.482812 0.685937 0.476562 0.675000 0.343750 0.667188 0.321875
0 0.904403 0.121875 0.734375 0.121875 0.734375 0.153125 0.740625 0.154688 0.743750 0.165625 0.748437 0.225000 0.759375 0.246875 0.790625 0.264062 0.792188 0.270313 0.948438 0.270313 0.950000 0.262500 0.964063 0.251563 0.970313 0.251563 0.970313 0.210938 0.962500 0.207813 0.953125 0.176563 0.940625 0.153125 0.912500 0.128125 0.912500 0.121875
0 0.650000 0.303125 0.353125 0.303125 0.353125 0.309375 0.321875 0.337500 0.307812 0.431250 0.285938 0.495312 0.278125 0.500000 0.278125 0.660937 0.284375 0.662500 0.307812 0.748437 0.326562 0.778125 0.343750 0.793750 0.378125 0.795312 0.404687 0.804688 0.512500 0.800000 0.589063 0.814063 0.639062 0.815625 0.687500 0.809375 0.721875 0.782813 0.737500 0.750000 0.756250 0.679688 0.764062 0.675000 0.764062 0.540625 0.757812 0.539062 0.742188 0.512500 0.739062 0.476562 0.712500 0.390625 0.706250 0.346875 0.692187 0.326562 0.659375 0.309375 0.657813 0.303125
1 0.925238 0.505427 0.837536 0.507141 0.810472 0.507825 0.796084 0.509197 0.782813 0.518750 0.778125 0.540625 0.784375 0.625000 0.779687 0.673438 0.779641 0.693792 0.775530 0.738691 0.779687 0.750000 0.798438 0.778125 0.817187 0.793750 0.832812 0.800000 0.865625 0.801562 0.998437 0.792188 0.998437 0.506455
7 0.261875 0.134375 0.228125 0.134375 0.228125 0.153125 0.223438 0.156250 0.142187 0.143750 0.123438 0.146875 0.089063 0.145313 0.076563 0.150000 0.065625 0.164062 0.059375 0.164062 0.059375 0.253125 0.082812 0.257812 0.190625 0.257812 0.228125 0.251563 0.251563 0.232813 0.257812 0.220312 0.259375 0.156250 0.265625 0.146875 0.270313 0.146875 0.270313 0.134375
5 0.408750 0.634375 0.332813 0.634375 0.329688 0.642188 0.309375 0.642188 0.309375 0.671875 0.343750 0.682813 0.445312 0.685937 0.453125 0.687500 0.456250 0.695312 0.475000 0.695312 0.478125 0.687500 0.501563 0.681250 0.576562 0.675000 0.615625 0.673438 0.657813 0.685937 0.657813 0.676562 0.614062 0.671875 0.581250 0.659375 0.521875 0.656250 0.423438 0.642188 0.417187 0.634375
