7 0.257031 0.390625 0.248438 0.390625 0.245312 0.398438 0.178125 0.446875 0.173437 0.468750 0.181250 0.501563 0.178125 0.509375 0.159375 0.523438 0.159375 0.573438 0.167187 0.576562 0.175000 0.596875 0.189062 0.614062 0.226562 0.631250 0.287500 0.629687 0.332813 0.604688 0.367188 0.559375 0.407813 0.481250 0.414062 0.479687 0.414062 0.462500 0.407813 0.460938 0.395313 0.440625 0.384375 0.435937 0.343750 0.440625 0.331250 0.434375 0.310937 0.460938 0.295312 0.465625 0.290625 0.457813 0.289062 0.421875 0.265625 0.390625
6 0.316145 0.046875 0.298438 0.046875 0.298438 0.051562 0.285938 0.059375 0.248438 0.057813 0.207813 0.065625 0.193750 0.073438 0.173437 0.107813 0.162500 0.153125 0.145313 0.167187 0.121875 0.170313 0.121875 0.260937 0.145313 0.278125 0.156250 0.301563 0.175000 0.315625 0.346875 0.375000 0.350000 0.382812 0.376563 0.382812 0.379688 0.375000 0.396875 0.365625 0.407813 0.353125 0.414062 0.331250 0.409375 0.146875 0.403125 0.125000 0.390625 0.109375 0.354687 0.071875 0.328125 0.054688 0.325000 0.046875
4 0.475977 0.603125 0.417187 0.603125 0.414062 0.610938 0.382812 0.628125 0.364063 0.635938 0.337500 0.639062 0.314063 0.659375 0.275000 0.670312 0.217188 0.706250 0.185938 0.715625 0.128125 0.757812 0.128125 0.932813 0.148438 0.937500 0.159375 0.926562 0.189062 0.921875 0.207813 0.926562 0.234375 0.923438 0.245312 0.932813 0.270313 0.923438 0.334375 0.925000 0.357812 0.928125 0.378125 0.945312 0.400000 0.925000 0.445312 0.925000 0.468750 0.901563 0.489063 0.890625 0.501563 0.876563 0.507812 0.857812 0.507812 0.745313 0.514062 0.659375 0.506250 0.634375 0.484375 0.609375 0.484375 0.603125
0 0.201563 0.346875 0.154688 0.346875 0.134375 0.370312 0.128125 0.387500 0.121875 0.389062 0.121875 0.682813 0.142187 0.700000 0.143750 0.707812 0.184375 0.707812 0.189062 0.698438 0.248438 0.664062 0.382812 0.593750 0.407813 0.571875 0.417187 0.553125 0.420312 0.532813 0.426563 0.531250 0.426563 0.470313 0.420312 0.468750 0.412500 0.445312 0.398438 0.431250 0.354687 0.406250 0.271875 0.382812 0.212500 0.354687 0.209375 0.346875
0 0.381139 0.034375 0.278125 0.034375 0.276562 0.040625 0.185938 0.046875 0.153125 0.068750 0.134375 0.101562 0.128125 0.132812 0.121875 0.134375 0.121875 0.275000 0.129688 0.278125 0.134375 0.290625 0.162500 0.318750 0.207813 0.331250 0.304688 0.368750 0.354687 0.381250 0.359375 0.389062 0.362500 0.382812 0.382812 0.378125 0.409375 0.357812 0.418750 0.335938 0.418750 0.206250 0.420312 0.164062 0.426563 0.162500 0.426563 0.076563 0.418750 0.073438 0.407813 0.053125 0.389062 0.040625 0.389062 0.034375
0 0.784245 0.021875 0.601562 0.021875 0.601562 0.026562 0.593750 0.029687 0.493750 0.032813 0.471875 0.040625 0.446875 0.064062 0.440625 0.064062 0.440625 0.496875 0.446875 0.498437 0.460938 0.539062 0.485938 0.556250 0.564063 0.581250 0.606250 0.601562 0.726562 0.635938 0.781250 0.656250 0.785937 0.664062 0.810937 0.664062 0.810937 0.659375 0.825000 0.651563 0.848437 0.621875 0.857812 0.617188 0.857812 0.498437 0.850000 0.493750 0.843750 0.450000 0.839063 0.335938 0.823438 0.170313 0.821875 0.073438 0.815625 0.053125 0.792188 0.021875
0 0.476562 0.584375 0.421875 0.584375 0.418750 0.592187 0.121875 0.751563 0.121875 0.946875 0.151562 0.954688 0.157812 0.964063 0.439063 0.964063 0.445312 0.954688 0.493750 0.945312 0.518750 0.907813 0.526563 0.904687 0.526563 0.648438 0.520312 0.646875 0.510938 0.615625 0.484375 0.590625 0.484375 0.584375
0 0.617969 0.621875 0.575000 0.621875 0.575000 0.626563 0.534375 0.662500 0.534375 0.890625 0.542188 0.893750 0.560937 0.932813 0.579688 0.950000 0.620313 0.956250 0.626563 0.964063 0.634375 0.964063 0.635938 0.957812 0.645312 0.954688 0.687500 0.956250 0.693750 0.957812 0.695312 0.964063 0.775000 0.964063 0.776563 0.957812 0.821875 0.956250 0.848437 0.943750 0.865625 0.923438 0.871875 0.889062 0.867188 0.764062 0.862500 0.735938 0.854688 0.721875 0.837500 0.701562 0.817187 0.689063 0.648438 0.635938 0.628125 0.628125 0.626563 0.621875
3 0.545312 0.681250 0.546875 0.871875 0.556250 0.907813 0.570312 0.923438 0.585938 0.929688 0.646875 0.932813 0.651563 0.942187 0.659375 0.943750 0.681250 0.937500 0.709375 0.951562 0.735938 0.953125 0.820312 0.934375 0.840625 0.920312 0.851562 0.884375 0.840625 0.851562 0.846875 0.817187 0.840625 0.803125 0.843750 0.785937 0.834375 0.767188 0.835938 0.746875 0.821875 0.735938 0.820312 0.720313 0.812500 0.710938 0.803125 0.715625 0.785937 0.698438 0.609375 0.637500 0.573438 0.639062 0.556250 0.657813 0.554688 0.678125
5 0.668750 0.214062 0.665625 0.242188 0.654687 0.262500 0.667188 0.292187 0.695312 0.428125 0.706250 0.443750 0.765625 0.365625 0.803125 0.326562 0.695312 0.226562
5 0.465625 0.357812 0.468750 0.414062 0.489063 0.432812 0.509375 0.482812 0.537500 0.518750 0.592187 0.546875 0.621875 0.534375 0.651563 0.507812 0.657813 0.487500 0.625000 0.306250 0.610938 0.262500 0.592187 0.243750 0.576562 0.212500 0.571875 0.142187 0.556250 0.139063 0.532813 0.145313 0.501563 0.184375
5 0.476562 0.507812 0.475000 0.526563 0.501563 0.539062 0.531250 0.542188 0.573438 0.562500 0.653125 0.573438 0.673438 0.568750 0.660937 0.509375 0.650000 0.510938 0.595313 0.556250 0.585938 0.556250 0.570312 0.531250 0.543750 0.528125 0.498437 0.471875 0.490625 0.471875
5 0.709375 0.448437 0.706250 0.468750 0.734375 0.585938 0.775000 0.593750 0.803125 0.570312 0.803125 0.514062 0.784375 0.448437 0.775000 0.432812 0.748437 0.418750 0.731250 0.423438
5 0.485938 0.120313 0.479687 0.132812 0.490625 0.220312 0.500000 0.179688 0.514062 0.154688 0.557813 0.134375 0.576562 0.137500 0.581250 0.125000 0.570312 0.118750 0.542188 0.120313 0.539062 0.125000 0.526563 0.118750
5 0.776563 0.081250 0.665625 0.112500 0.637500 0.114062 0.660937 0.150000 0.670312 0.206250 0.750000 0.268750 0.754687 0.268750 0.787500 0.175000 0.789062 0.112500 0.784375 0.082812
