4 0.856038 0.446875 0.687500 0.446875 0.685937 0.453125 0.632812 0.484375 0.621875 0.496875 0.615625 0.496875 0.615625 0.553125 0.623437 0.556250 0.693750 0.709375 0.704688 0.726562 0.729688 0.748437 0.775000 0.820312 0.831250 0.857812 0.832812 0.864062 0.909375 0.864062 0.910937 0.857812 0.920312 0.854688 0.942187 0.832812 0.971875 0.817187 0.970313 0.701562 0.987500 0.671875 0.995313 0.668750 0.995313 0.656250 0.987500 0.653125 0.981250 0.639062 0.968750 0.579688 0.940625 0.521875 0.920312 0.495312 0.910937 0.467187 0.895312 0.457813 0.865625 0.453125 0.864062 0.446875
6 0.354480 0.559375 0.121875 0.559375 0.110937 0.573438 0.100000 0.603125 0.070312 0.628125 0.067187 0.709375 0.062500 0.721875 0.053125 0.725000 0.053125 0.770312 0.096875 0.778125 0.104688 0.796875 0.100000 0.825000 0.110937 0.851562 0.139063 0.851562 0.140625 0.845313 0.162500 0.834375 0.235937 0.829688 0.259375 0.804688 0.276562 0.795312 0.328125 0.790625 0.360938 0.720313 0.387500 0.628125 0.395313 0.625000 0.395313 0.596875 0.387500 0.593750 0.362500 0.559375
5 0.575000 0.315625 0.559375 0.315625 0.557813 0.321875 0.537500 0.332813 0.506250 0.343750 0.445312 0.343750 0.423438 0.350000 0.351562 0.387500 0.253125 0.428125 0.253125 0.439063 0.353125 0.487500 0.393750 0.515625 0.420312 0.525000 0.432812 0.523438 0.467187 0.490625 0.526563 0.387500 0.567187 0.332813 0.582812 0.323437 0.582812 0.315625
0 0.808145 0.441556 0.789094 0.442772 0.768825 0.443989 0.757812 0.442188 0.681250 0.445312 0.626563 0.460938 0.598172 0.497519 0.598983 0.519419 0.601416 0.530773 0.617188 0.567187 0.643750 0.626563 0.759375 0.837500 0.784375 0.867188 0.821875 0.875000 0.942187 0.871875 0.965625 0.856250 0.979688 0.829688 0.982812 0.806250 0.978125 0.709375 0.985938 0.679688 0.995313 0.676562 0.995313 0.667188 0.985938 0.662500 0.981250 0.639062 0.976562 0.596875 0.978125 0.521875 0.971875 0.492188 0.951562 0.462500 0.921875 0.445312 0.832812 0.442188 0.824764 0.441556
0 0.968702 0.121875 0.725000 0.121875 0.703125 0.171875 0.654687 0.323437 0.639188 0.363392 0.646875 0.401562 0.690625 0.426563 0.692187 0.432812 0.900000 0.432812 0.901563 0.426563 0.923438 0.420312 0.948438 0.403125 0.968750 0.378125 0.976562 0.375000 0.976562 0.121875
0 0.562139 0.546875 0.465153 0.552217 0.452588 0.561544 0.434375 0.575000 0.420312 0.600000 0.379688 0.745313 0.371875 0.756250 0.353681 0.794981 0.355708 0.827423 0.371111 0.851206 0.395433 0.863778 0.428125 0.870313 0.441238 0.873105 0.685937 0.876563 0.706344 0.866328 0.726562 0.835938 0.726562 0.796875 0.718750 0.793750 0.673438 0.717187 0.612500 0.593750 0.593750 0.570312 0.570312 0.553125 0.570312 0.546875
0 0.649925 0.121875 0.326562 0.121875 0.323437 0.129688 0.312500 0.132812 0.064062 0.153125 0.028125 0.182812 0.032308 0.476998 0.035937 0.490625 0.040625 0.507812 0.053125 0.521875 0.093750 0.539062 0.095312 0.545312 0.157812 0.545312 0.159375 0.539062 0.198437 0.535937 0.490625 0.535937 0.523438 0.531250 0.545312 0.521875 0.560937 0.509375 0.584375 0.470313 0.615625 0.357812 0.675000 0.176563 0.675000 0.156250 0.659375 0.134375 0.657813 0.121875
5 0.246355 0.434375 0.229687 0.434375 0.228125 0.440625 0.175000 0.465625 0.157812 0.470313 0.145313 0.470313 0.126562 0.459375 0.115625 0.457813 0.115625 0.500000 0.143750 0.506250 0.148438 0.509375 0.148438 0.514062 0.190625 0.514062 0.192188 0.507812 0.229687 0.492188 0.271875 0.464062 0.271875 0.453125 0.254688 0.439063 0.254688 0.434375
7 0.518750 0.571875 0.464062 0.571875 0.443750 0.639062 0.426563 0.667188 0.417187 0.700000 0.409375 0.703125 0.409375 0.775000 0.432812 0.782813 0.459375 0.776563 0.476562 0.785937 0.495312 0.776563 0.518750 0.775000 0.556250 0.781250 0.581250 0.776563 0.590625 0.779687 0.601562 0.793750 0.618750 0.785937 0.670312 0.781250 0.670312 0.760938 0.651563 0.756250 0.639062 0.765625 0.625000 0.759375 0.634375 0.740625 0.662500 0.714063 0.656250 0.692187 0.640625 0.675000 0.628125 0.668750 0.598437 0.662500 0.567187 0.667188 0.562500 0.651563 0.581250 0.601562 0.567187 0.590625 0.532813 0.582812 0.526563 0.571875
5 0.549889 0.171875 0.335938 0.171875 0.332813 0.195312 0.317188 0.221875 0.276562 0.245312 0.260937 0.228125 0.265625 0.184375 0.178125 0.203125 0.115625 0.206250 0.115625 0.354687 0.121875 0.356250 0.123438 0.365625 0.125000 0.414062 0.157812 0.414062 0.160938 0.406250 0.210938 0.384375 0.307812 0.350000 0.414062 0.304688 0.432812 0.290625 0.454688 0.262500 0.492188 0.234375 0.525000 0.225000 0.557813 0.225000 0.557813 0.171875
5 0.605208 0.296875 0.587500 0.296875 0.585938 0.304688 0.570312 0.323437 0.559375 0.325000 0.546875 0.335938 0.535937 0.339062 0.548438 0.353125 0.512500 0.404687 0.506250 0.425000 0.489063 0.454688 0.484375 0.460938 0.478125 0.460938 0.478125 0.484375 0.501563 0.481250 0.548438 0.492188 0.560937 0.482812 0.606250 0.329688 0.609375 0.323437 0.614062 0.323437 0.614062 0.296875
3 0.731250 0.128125 0.729688 0.129688 0.729688 0.131250 0.728125 0.132812 0.728125 0.134375 0.726562 0.135937 0.726562 0.137500 0.725000 0.139063 0.725000 0.140625 0.723437 0.142187 0.723437 0.145313 0.721875 0.146875 0.721875 0.148438 0.720313 0.150000 0.720313 0.151562 0.718750 0.153125 0.718750 0.154688 0.717187 0.156250 0.717187 0.157812 0.715625 0.159375 0.715625 0.160938 0.714063 0.162500 0.714063 0.164062 0.712500 0.165625 0.712500 0.167187 0.710938 0.168750 0.710938 0.170313 0.709375 0.171875 0.709375 0.175000 0.707812 0.176563 0.707812 0.178125 0.706250 0.179688 0.706250 0.181250 0.704688 0.182812 0.704688 0.184375 0.703125 0.185938 0.703125 0.190625 0.701562 0.192188 0.701562 0.195312 0.700000 0.196875 0.700000 0.200000 0.698438 0.201563 0.698438 0.204687 0.696875 0.206250 0.696875 0.209375 0.695312 0.210938 0.695312 0.214062 0.693750 0.215625 0.693750 0.218750 0.692187 0.220312 0.692187 0.223438 0.690625 0.225000 0.690625 0.228125 0.689063 0.229687 0.689063 0.232813 0.687500 0.234375 0.687500 0.237500 0.685937 0.239063 0.685937 0.242188 0.684375 0.243750 0.684375 0.246875 0.682813 0.248438 0.682813 0.251563 0.681250 0.253125 0.681250 0.257812 0.679688 0.259375 0.679688 0.262500 0.678125 0.264062 0.678125 0.267188 0.676562 0.268750 0.676562 0.271875 0.675000 0.273438 0.675000 0.276562 0.673438 0.278125 0.673438 0.281250 0.671875 0.282813 0.671875 0.285938 0.670312 0.287500 0.670312 0.290625 0.668750 0.292187 0.668750 0.295312 0.667188 0.296875 0.667188 0.300000 0.665625 0.301563 0.665625 0.304688 0.664062 0.306250 0.664062 0.309375 0.662500 0.310937 0.662500 0.312500 0.657813 0.317188 0.656250 0.317188 0.653125 0.320312 0.653125 0.398438 0.654687 0.400000 0.656250 0.400000 0.657813 0.401562 0.659375 0.401562 0.660937 0.403125 0.662500 0.403125 0.664062 0.404687 0.665625 0.404687 0.667188 0.406250 0.668750 0.406250 0.670312 0.407813 0.671875 0.407813 0.675000 0.410938 0.676562 0.410938 0.678125 0.412500 0.679688 0.412500 0.681250 0.414062 0.682813 0.414062 0.684375 0.415625 0.685937 0.415625 0.690625 0.420312 0.690625 0.423438 0.692187 0.425000 0.887500 0.425000 0.887500 0.423438 0.889062 0.421875 0.889062 0.420312 0.892188 0.417187 0.895312 0.417187 0.896875 0.415625 0.900000 0.415625 0.901563 0.414062 0.904687 0.414062 0.906250 0.412500 0.909375 0.412500 0.910937 0.410938 0.914062 0.410938 0.915625 0.409375 0.918750 0.409375 0.920312 0.407813 0.923438 0.407813 0.925000 0.406250 0.926562 0.406250 0.928125 0.404687 0.929688 0.404687 0.945312 0.389062 0.945312 0.387500 0.948438 0.384375 0.948438 0.381250 0.950000 0.379688 0.950000 0.376563 0.951562 0.375000 0.951562 0.373437 0.953125 0.371875 0.953125 0.368750 0.954688 0.367188 0.954688 0.362500 0.953125 0.360938 0.953125 0.359375 0.951562 0.357812 0.951562 0.353125 0.950000 0.351562 0.950000 0.323437 0.951562 0.321875 0.951562 0.310937 0.950000 0.309375 0.950000 0.232813 0.948438 0.231250 0.948438 0.201563 0.950000 0.200000 0.950000 0.170313 0.951562 0.168750 0.951562 0.157812 0.953125 0.156250 0.953125 0.145313 0.954688 0.143750 0.954688 0.134375 0.953125 0.132812 0.953125 0.128125
0 0.303125 0.557813 0.301563 0.559375 0.265625 0.559375 0.264062 0.560937 0.235937 0.560937 0.234375 0.559375 0.101562 0.559375 0.100000 0.560937 0.085938 0.560937 0.084375 0.562500 0.078125 0.562500 0.076563 0.564063 0.075000 0.564063 0.073438 0.565625 0.071875 0.565625 0.070312 0.567187 0.068750 0.567187 0.067187 0.568750 0.065625 0.568750 0.062500 0.571875 0.060937 0.571875 0.054688 0.578125 0.054688 0.579688 0.050000 0.584375 0.050000 0.585938 0.048438 0.587500 0.048438 0.590625 0.046875 0.592187 0.046875 0.639062 0.048438 0.640625 0.048438 0.648438 0.046875 0.650000 0.046875 0.689063 0.048438 0.690625 0.048438 0.693750 0.050000 0.695312 0.050000 0.707812 0.051562 0.709375 0.051562 0.743750 0.053125 0.745313 0.053125 0.776563 0.054688 0.778125 0.054688 0.792188 0.056250 0.793750 0.056250 0.798438 0.057813 0.800000 0.057813 0.803125 0.059375 0.804688 0.059375 0.809375 0.060937 0.810937 0.060937 0.814063 0.062500 0.815625 0.062500 0.821875 0.064062 0.823438 0.064062 0.825000 0.067187 0.828125 0.067187 0.829688 0.070312 0.832812 0.071875 0.832812 0.075000 0.835938 0.075000 0.837500 0.090625 0.853125 0.092188 0.853125 0.093750 0.854688 0.095312 0.854688 0.096875 0.856250 0.098437 0.856250 0.100000 0.857812 0.104688 0.857812 0.106250 0.859375 0.151562 0.859375 0.153125 0.860938 0.178125 0.860938 0.179688 0.859375 0.185938 0.859375 0.187500 0.860938 0.215625 0.860938 0.217188 0.859375 0.221875 0.859375 0.223438 0.860938 0.228125 0.860938 0.229687 0.862500 0.237500 0.862500 0.239063 0.860938 0.256250 0.860938 0.257812 0.862500 0.289062 0.862500 0.290625 0.860938 0.292187 0.860938 0.293750 0.859375 0.296875 0.859375 0.298438 0.857812 0.300000 0.857812 0.303125 0.854688 0.304688 0.854688 0.306250 0.853125 0.307812 0.853125 0.309375 0.851562 0.310937 0.851562 0.314063 0.848437 0.315625 0.848437 0.326562 0.837500 0.326562 0.835938 0.328125 0.834375 0.328125 0.832812 0.329688 0.831250 0.329688 0.828125 0.331250 0.826562 0.331250 0.823438 0.332813 0.821875 0.332813 0.815625 0.334375 0.814063 0.334375 0.812500 0.335938 0.810937 0.335938 0.807813 0.337500 0.806250 0.337500 0.804688 0.339062 0.803125 0.339062 0.798438 0.340625 0.796875 0.340625 0.792188 0.342187 0.790625 0.342187 0.779687 0.343750 0.778125 0.343750 0.776563 0.345313 0.775000 0.345313 0.770312 0.346875 0.768750 0.346875 0.765625 0.348438 0.764062 0.348438 0.760938 0.350000 0.759375 0.350000 0.757812 0.351562 0.756250 0.351562 0.754687 0.353125 0.753125 0.353125 0.751563 0.354687 0.750000 0.354687 0.746875 0.356250 0.745313 0.356250 0.743750 0.357812 0.742188 0.357812 0.740625 0.359375 0.739062 0.359375 0.737500 0.360938 0.735938 0.360938 0.731250 0.362500 0.729688 0.362500 0.728125 0.364063 0.726562 0.364063 0.721875 0.365625 0.720313 0.365625 0.715625 0.367188 0.714063 0.367188 0.712500 0.368750 0.710938 0.368750 0.706250 0.370312 0.704688 0.370312 0.698438 0.371875 0.696875 0.371875 0.693750 0.373437 0.692187 0.373437 0.682813 0.375000 0.681250 0.375000 0.678125 0.376563 0.676562 0.376563 0.673438 0.378125 0.671875 0.378125 0.668750 0.379688 0.667188 0.379688 0.665625 0.381250 0.664062 0.381250 0.660937 0.382812 0.659375 0.382812 0.656250 0.384375 0.654687 0.384375 0.653125 0.385937 0.651563 0.385937 0.650000 0.387500 0.648438 0.387500 0.643750 0.389062 0.642188 0.389062 0.640625 0.390625 0.639062 0.390625 0.635938 0.392188 0.634375 0.392188 0.631250 0.393750 0.629687 0.393750 0.607812 0.392188 0.606250 0.392188 0.590625 0.390625 0.589063 0.390625 0.587500 0.389062 0.585938 0.389062 0.584375 0.387500 0.582812 0.387500 0.581250 0.375000 0.568750 0.373437 0.568750 0.370312 0.565625 0.367188 0.565625 0.364063 0.562500 0.362500 0.562500 0.360938 0.560937 0.359375 0.560937 0.357812 0.559375 0.353125 0.559375 0.351562 0.557813
