5 0.442188 0.507812 0.440625 0.526563 0.482812 0.531250 0.562500 0.570312 0.789062 0.664062 0.834375 0.653125 0.876563 0.660937 0.901563 0.626563 0.865625 0.584375 0.823438 0.553125 0.815625 0.553125 0.803125 0.534375 0.801562 0.518750 0.782813 0.506250 0.746875 0.512500 0.740625 0.507812 0.679688 0.506250 0.514062 0.514062 0.479687 0.504687
5 0.439063 0.604688 0.435937 0.614062 0.445312 0.632812 0.471875 0.656250 0.545312 0.757812 0.553125 0.759375 0.568750 0.778125 0.584375 0.776563 0.592187 0.782813 0.592187 0.817187 0.626563 0.840625 0.656250 0.873437 0.675000 0.871875 0.707812 0.832812 0.740625 0.809375 0.742188 0.800000 0.789062 0.748437 0.789062 0.734375 0.776563 0.714063 0.762500 0.704688 0.604688 0.648438 0.473438 0.593750 0.457813 0.590625
5 0.385937 0.743750 0.382812 0.771875 0.389062 0.781250 0.404687 0.775000 0.428125 0.784375 0.514062 0.781250 0.540625 0.768750 0.534375 0.740625 0.473438 0.660937 0.429688 0.615625 0.434375 0.596875 0.428125 0.582812 0.421875 0.584375
5 0.437500 0.518750 0.440625 0.526563 0.490625 0.526563 0.500000 0.517188 0.481250 0.504687 0.448437 0.500000
5 0.389062 0.825000 0.376563 0.834375 0.381250 0.843750 0.442188 0.842187 0.453125 0.834375
5 0.717187 0.828125 0.717187 0.840625 0.770312 0.834375 0.901563 0.834375 0.907813 0.814063 0.896875 0.779687 0.843750 0.770312 0.798438 0.748437
1 0.598437 0.368750 0.598437 0.407813 0.615625 0.428125 0.635938 0.437500 0.896875 0.442188 0.925000 0.434375 0.921875 0.420312 0.940625 0.403125 0.942187 0.359375 0.907813 0.282813 0.907813 0.237500 0.903125 0.215625 0.890625 0.201563 0.862500 0.184375 0.764062 0.178125 0.698438 0.164062 0.668750 0.181250 0.643750 0.246875 0.639062 0.275000
2 0.298438 0.187500 0.296875 0.210938 0.306250 0.237500 0.353125 0.331250 0.365625 0.342187 0.393750 0.414062 0.426563 0.429688 0.525000 0.428125 0.539062 0.414062 0.551562 0.368750 0.573438 0.335938 0.615625 0.234375 0.617188 0.209375 0.609375 0.190625 0.567187 0.165625 0.517188 0.165625 0.442188 0.151562 0.329688 0.154688 0.312500 0.164062
4 0.101562 0.160938 0.104688 0.181250 0.079687 0.210938 0.068750 0.273438 0.046875 0.287500 0.034375 0.307812 0.010937 0.317188 0.018750 0.332813 0.034375 0.340625 0.037500 0.376563 0.051562 0.385937 0.068750 0.428125 0.065625 0.487500 0.101562 0.515625 0.265625 0.521875 0.345313 0.512500 0.367188 0.484375 0.365625 0.431250 0.351562 0.401562 0.348438 0.375000 0.260937 0.203125 0.184375 0.150000 0.162500 0.146875
7 0.035937 0.743750 0.031250 0.757812 0.034375 0.792188 0.043750 0.828125 0.064062 0.846875 0.098437 0.856250 0.115625 0.854688 0.156250 0.832812 0.160938 0.826562 0.157812 0.793750 0.157738 0.851767 0.177083 0.844323 0.202381 0.836878 0.248512 0.771364 0.294642 0.676070 0.275298 0.585244 0.093750 0.573331 0.047619 0.631402 0.076563 0.675000 0.056250 0.695312
0 0.453125 0.460938 0.451562 0.462500 0.446875 0.462500 0.445312 0.464062 0.442188 0.464062 0.440625 0.465625 0.439063 0.465625 0.437500 0.467187 0.435937 0.467187 0.434375 0.468750 0.432812 0.468750 0.431250 0.470313 0.429688 0.470313 0.426563 0.473438 0.425000 0.473438 0.412500 0.485938 0.412500 0.487500 0.409375 0.490625 0.409375 0.492188 0.406250 0.495312 0.406250 0.496875 0.404687 0.498437 0.404687 0.501563 0.403125 0.503125 0.403125 0.504687 0.401562 0.506250 0.401562 0.510938 0.400000 0.512500 0.400000 0.518750 0.398438 0.520312 0.398438 0.521875 0.396875 0.523438 0.396875 0.526563 0.395313 0.528125 0.395313 0.531250 0.393750 0.532813 0.393750 0.535937 0.392188 0.537500 0.392188 0.539062 0.390625 0.540625 0.390625 0.543750 0.389062 0.545312 0.389062 0.551562 0.387500 0.553125 0.387500 0.560937 0.385937 0.562500 0.385937 0.564063 0.384375 0.565625 0.384375 0.567187 0.382812 0.568750 0.382812 0.570312 0.381250 0.571875 0.381250 0.573438 0.379688 0.575000 0.379688 0.579688 0.378125 0.581250 0.378125 0.587500 0.376563 0.589063 0.376563 0.601562 0.375000 0.603125 0.375000 0.610938 0.373437 0.612500 0.373437 0.617188 0.371875 0.618750 0.371875 0.623437 0.370312 0.625000 0.370312 0.628125 0.368750 0.629687 0.368750 0.653125 0.367188 0.654687 0.367188 0.660937 0.365625 0.662500 0.365625 0.687500 0.364063 0.689063 0.364063 0.693750 0.362500 0.695312 0.362500 0.704688 0.360938 0.706250 0.360938 0.715625 0.359375 0.717187 0.359375 0.723437 0.357812 0.725000 0.357812 0.729688 0.356250 0.731250 0.356250 0.737500 0.354687 0.739062 0.354687 0.743750 0.353125 0.745313 0.353125 0.756250 0.351562 0.757812 0.351562 0.801562 0.350000 0.803125 0.350000 0.857812 0.348438 0.859375 0.348438 0.868750 0.350000 0.870313 0.351562 0.870313 0.353125 0.871875 0.356250 0.871875 0.357812 0.873437 0.368750 0.873437 0.370312 0.871875 0.373437 0.871875 0.375000 0.870313 0.379688 0.870313 0.381250 0.868750 0.385937 0.868750 0.387500 0.867188 0.392188 0.867188 0.393750 0.865625 0.403125 0.865625 0.404687 0.864062 0.412500 0.864062 0.414062 0.862500 0.415625 0.862500 0.417187 0.860938 0.420312 0.860938 0.421875 0.859375 0.423438 0.860938 0.428125 0.860938 0.429688 0.862500 0.434375 0.862500 0.435937 0.864062 0.507812 0.864062 0.509375 0.862500 0.514062 0.862500 0.515625 0.860938 0.521875 0.860938 0.523438 0.859375 0.556250 0.859375 0.557813 0.857812 0.581250 0.857812 0.582812 0.856250 0.590625 0.856250 0.592187 0.854688 0.598437 0.854688 0.600000 0.853125 0.606250 0.853125 0.607812 0.851562 0.618750 0.851562 0.620313 0.850000 0.623437 0.850000 0.625000 0.851562 0.628125 0.851562 0.629687 0.850000 0.646875 0.850000 0.648438 0.851562 0.650000 0.851562 0.653125 0.854688 0.654687 0.854688 0.656250 0.856250 0.657813 0.856250 0.659375 0.857812 0.660937 0.857812 0.662500 0.859375 0.665625 0.859375 0.667188 0.860938 0.671875 0.860938 0.673438 0.862500 0.685937 0.862500 0.687500 0.864062 0.729688 0.864062 0.731250 0.865625 0.754687 0.865625 0.756250 0.867188 0.864062 0.867188 0.865625 0.865625 0.878125 0.865625 0.879687 0.864062 0.932813 0.864062 0.934375 0.862500 0.939063 0.862500 0.940625 0.860938 0.943750 0.860938 0.945312 0.859375 0.946875 0.859375 0.948438 0.857812 0.950000 0.857812 0.951562 0.856250 0.953125 0.856250 0.954688 0.854688 0.956250 0.854688 0.959375 0.851562 0.960938 0.851562 0.970313 0.842187 0.970313 0.840625 0.975000 0.835938 0.975000 0.834375 0.976562 0.832812 0.976562 0.831250 0.978125 0.829688 0.978125 0.828125 0.979688 0.826562 0.979688 0.825000 0.981250 0.823438 0.981250 0.820312 0.982812 0.818750 0.982812 0.817187 0.984375 0.815625 0.987500 0.815625 0.987500 0.800000 0.989062 0.798438 0.989062 0.779687 0.990625 0.778125 0.990625 0.690625 0.989062 0.689063 0.989062 0.684375 0.987500 0.682813 0.987500 0.678125 0.985938 0.676562 0.985938 0.671875 0.984375 0.670312 0.984375 0.667188 0.982812 0.665625 0.982812 0.662500 0.981250 0.660937 0.981250 0.657813 0.979688 0.656250 0.979688 0.653125 0.978125 0.651563 0.978125 0.646875 0.976562 0.645312 0.976562 0.640625 0.975000 0.639062 0.975000 0.634375 0.973437 0.632812 0.973437 0.629687 0.971875 0.628125 0.971875 0.625000 0.970313 0.623437 0.970313 0.617188 0.968750 0.615625 0.968750 0.607812 0.967187 0.606250 0.967187 0.596875 0.965625 0.595313 0.965625 0.582812 0.964063 0.581250 0.964063 0.575000 0.962500 0.573438 0.962500 0.568750 0.960938 0.567187 0.960938 0.562500 0.959375 0.560937 0.959375 0.554688 0.957812 0.553125 0.957812 0.550000 0.956250 0.548438 0.956250 0.545312 0.954688 0.543750 0.954688 0.542188 0.953125 0.540625 0.953125 0.539062 0.951562 0.537500 0.951562 0.534375 0.950000 0.532813 0.950000 0.529687 0.948438 0.528125 0.948438 0.525000 0.946875 0.523438 0.946875 0.520312 0.945312 0.518750 0.945312 0.517188 0.943750 0.515625 0.943750 0.514062 0.942187 0.512500 0.942187 0.510938 0.940625 0.509375 0.940625 0.507812 0.937500 0.504687 0.937500 0.503125 0.923438 0.489063 0.921875 0.489063 0.918750 0.485938 0.917188 0.485938 0.915625 0.484375 0.914062 0.484375 0.912500 0.482812 0.910937 0.482812 0.909375 0.481250 0.906250 0.481250 0.904687 0.479687 0.901563 0.479687 0.900000 0.478125 0.892188 0.478125 0.890625 0.476562 0.879687 0.476562 0.878125 0.478125 0.871875 0.478125 0.870313 0.476562 0.860938 0.476562 0.859375 0.475000 0.826562 0.475000 0.825000 0.476562 0.804688 0.476562 0.803125 0.478125 0.795312 0.478125 0.793750 0.479687 0.779687 0.479687 0.778125 0.481250 0.654687 0.481250 0.653125 0.479687 0.640625 0.479687 0.639062 0.478125 0.620313 0.478125 0.618750 0.476562 0.612500 0.476562 0.610938 0.475000 0.606250 0.475000 0.604688 0.473438 0.596875 0.473438 0.595313 0.471875 0.576562 0.471875 0.575000 0.470313 0.564063 0.470313 0.562500 0.468750 0.546875 0.468750 0.545312 0.467187 0.535937 0.467187 0.534375 0.465625 0.529687 0.465625 0.528125 0.464062 0.484375 0.464062 0.482812 0.462500 0.478125 0.462500 0.476562 0.460938
0 0.759375 0.146875 0.757812 0.148438 0.754687 0.148438 0.753125 0.150000 0.750000 0.150000 0.748437 0.151562 0.743750 0.151562 0.742188 0.153125 0.735938 0.153125 0.734375 0.154688 0.726562 0.154688 0.725000 0.156250 0.704688 0.156250 0.703125 0.157812 0.696875 0.157812 0.695312 0.159375 0.690625 0.159375 0.689063 0.160938 0.685937 0.160938 0.684375 0.162500 0.679688 0.162500 0.678125 0.164062 0.668750 0.164062 0.667188 0.165625 0.664062 0.165625 0.662500 0.167187 0.662500 0.168750 0.660937 0.170313 0.660937 0.173437 0.659375 0.175000 0.659375 0.178125 0.657813 0.179688 0.657813 0.184375 0.656250 0.185938 0.656250 0.192188 0.654687 0.193750 0.654687 0.201563 0.653125 0.203125 0.653125 0.214062 0.651563 0.215625 0.651563 0.217188 0.648438 0.220312 0.648438 0.221875 0.646875 0.223438 0.646875 0.225000 0.645312 0.226562 0.645312 0.228125 0.643750 0.229687 0.643750 0.231250 0.642188 0.232813 0.642188 0.235937 0.640625 0.237500 0.640625 0.240625 0.639062 0.242188 0.639062 0.243750 0.635938 0.246875 0.635938 0.250000 0.634375 0.251563 0.634375 0.253125 0.632812 0.254688 0.632812 0.257812 0.631250 0.259375 0.631250 0.267188 0.629687 0.268750 0.629687 0.273438 0.623437 0.279687 0.623437 0.281250 0.621875 0.282813 0.621875 0.284375 0.618750 0.287500 0.618750 0.289062 0.617188 0.290625 0.617188 0.293750 0.615625 0.295312 0.615625 0.298438 0.614062 0.300000 0.614062 0.304688 0.612500 0.306250 0.612500 0.317188 0.610938 0.318750 0.610938 0.320312 0.609375 0.321875 0.609375 0.323437 0.607812 0.325000 0.607812 0.326562 0.604688 0.329688 0.604688 0.331250 0.603125 0.332813 0.603125 0.334375 0.601562 0.335938 0.601562 0.337500 0.600000 0.339062 0.600000 0.340625 0.598437 0.342187 0.598437 0.343750 0.596875 0.345313 0.596875 0.348438 0.595313 0.350000 0.595313 0.353125 0.593750 0.354687 0.593750 0.362500 0.592187 0.364063 0.592187 0.373437 0.590625 0.375000 0.590625 0.381250 0.592187 0.382812 0.592187 0.392188 0.593750 0.393750 0.593750 0.398438 0.595313 0.400000 0.595313 0.401562 0.596875 0.403125 0.596875 0.404687 0.598437 0.406250 0.598437 0.407813 0.600000 0.409375 0.600000 0.410938 0.601562 0.412500 0.601562 0.414062 0.606250 0.418750 0.606250 0.420312 0.612500 0.426563 0.614062 0.426563 0.618750 0.431250 0.620313 0.431250 0.623437 0.434375 0.625000 0.434375 0.626563 0.435937 0.629687 0.435937 0.631250 0.437500 0.632812 0.437500 0.634375 0.439063 0.639062 0.439063 0.640625 0.440625 0.643750 0.440625 0.645312 0.442188 0.646875 0.442188 0.648438 0.443750 0.650000 0.443750 0.651563 0.445312 0.653125 0.445312 0.654687 0.446875 0.657813 0.446875 0.659375 0.448437 0.664062 0.448437 0.665625 0.450000 0.807813 0.450000 0.809375 0.448437 0.812500 0.448437 0.814063 0.450000 0.815625 0.448437 0.820312 0.448437 0.821875 0.450000 0.826562 0.450000 0.828125 0.448437 0.832812 0.448437 0.834375 0.450000 0.835938 0.448437 0.837500 0.448437 0.839063 0.450000 0.840625 0.448437 0.843750 0.448437 0.845313 0.450000 0.846875 0.448437 0.850000 0.448437 0.851562 0.450000 0.853125 0.448437 0.854688 0.450000 0.856250 0.450000 0.857812 0.448437 0.860938 0.448437 0.862500 0.450000 0.864062 0.450000 0.865625 0.448437 0.878125 0.448437 0.879687 0.446875 0.889062 0.446875 0.890625 0.445312 0.900000 0.445312 0.901563 0.446875 0.909375 0.446875 0.910937 0.445312 0.920312 0.445312 0.921875 0.443750 0.925000 0.443750 0.926562 0.442188 0.929688 0.442188 0.931250 0.440625 0.932813 0.440625 0.934375 0.439063 0.935937 0.439063 0.937500 0.437500 0.939063 0.437500 0.940625 0.435937 0.942187 0.435937 0.946875 0.431250 0.948438 0.431250 0.954688 0.425000 0.954688 0.423438 0.959375 0.418750 0.959375 0.417187 0.960938 0.415625 0.960938 0.414062 0.962500 0.412500 0.962500 0.410938 0.964063 0.409375 0.964063 0.407813 0.965625 0.406250 0.965625 0.404687 0.967187 0.403125 0.967187 0.398438 0.968750 0.396875 0.968750 0.389062 0.970313 0.387500 0.970313 0.370312 0.968750 0.368750 0.968750 0.360938 0.967187 0.359375 0.967187 0.326562 0.965625 0.325000 0.965625 0.307812 0.964063 0.306250 0.964063 0.298438 0.962500 0.296875 0.962500 0.290625 0.960938 0.289062 0.960938 0.284375 0.959375 0.282813 0.959375 0.279687 0.957812 0.278125 0.957812 0.276562 0.956250 0.275000 0.956250 0.265625 0.957812 0.264062 0.957812 0.221875 0.956250 0.220312 0.956250 0.214062 0.954688 0.212500 0.954688 0.209375 0.953125 0.207813 0.953125 0.206250 0.951562 0.204687 0.951562 0.203125 0.950000 0.201563 0.950000 0.200000 0.948438 0.198437 0.948438 0.196875 0.945312 0.193750 0.945312 0.192188 0.932813 0.179688 0.931250 0.179688 0.928125 0.176563 0.926562 0.176563 0.925000 0.175000 0.923438 0.175000 0.921875 0.173437 0.920312 0.173437 0.918750 0.171875 0.917188 0.171875 0.914062 0.168750 0.912500 0.168750 0.907813 0.164062 0.906250 0.164062 0.903125 0.160938 0.901563 0.160938 0.900000 0.159375 0.898438 0.159375 0.896875 0.157812 0.895312 0.157812 0.893750 0.156250 0.892188 0.156250 0.890625 0.154688 0.889062 0.154688 0.887500 0.153125 0.885938 0.153125 0.884375 0.151562 0.882812 0.151562 0.881250 0.150000 0.878125 0.150000 0.876563 0.148438 0.873437 0.148438 0.871875 0.146875
0 0.332813 0.137500 0.331250 0.139063 0.325000 0.139063 0.323437 0.140625 0.320312 0.140625 0.318750 0.142187 0.315625 0.142187 0.314063 0.143750 0.312500 0.143750 0.310937 0.145313 0.309375 0.145313 0.307812 0.146875 0.306250 0.146875 0.301563 0.151562 0.300000 0.151562 0.290625 0.160938 0.290625 0.162500 0.287500 0.165625 0.287500 0.170313 0.289062 0.171875 0.289062 0.173437 0.290625 0.175000 0.290625 0.178125 0.292187 0.179688 0.292187 0.184375 0.293750 0.185938 0.293750 0.187500 0.296875 0.190625 0.296875 0.214062 0.298438 0.215625 0.298438 0.220312 0.300000 0.221875 0.300000 0.225000 0.301563 0.226562 0.301563 0.228125 0.303125 0.229687 0.303125 0.231250 0.304688 0.232813 0.304688 0.234375 0.306250 0.235937 0.306250 0.237500 0.310937 0.242188 0.310937 0.243750 0.318750 0.251563 0.320312 0.251563 0.325000 0.256250 0.326562 0.256250 0.331250 0.260937 0.331250 0.265625 0.332813 0.267188 0.332813 0.273438 0.335938 0.276562 0.335938 0.279687 0.337500 0.281250 0.337500 0.282813 0.339062 0.284375 0.339062 0.287500 0.340625 0.289062 0.340625 0.290625 0.342187 0.292187 0.342187 0.301563 0.343750 0.303125 0.343750 0.306250 0.345313 0.307812 0.345313 0.310937 0.346875 0.312500 0.346875 0.314063 0.348438 0.315625 0.348438 0.317188 0.350000 0.318750 0.350000 0.321875 0.351562 0.323437 0.351562 0.325000 0.353125 0.326562 0.353125 0.329688 0.354687 0.331250 0.354687 0.335938 0.356250 0.337500 0.356250 0.339062 0.357812 0.340625 0.357812 0.345313 0.359375 0.346875 0.359375 0.348438 0.360938 0.350000 0.360938 0.351562 0.362500 0.353125 0.362500 0.354687 0.364063 0.356250 0.364063 0.357812 0.365625 0.359375 0.365625 0.360938 0.367188 0.362500 0.367188 0.364063 0.368750 0.365625 0.368750 0.367188 0.370312 0.368750 0.370312 0.384375 0.371875 0.385937 0.371875 0.390625 0.373437 0.392188 0.373437 0.393750 0.375000 0.395313 0.375000 0.398438 0.378125 0.401562 0.378125 0.403125 0.379688 0.404687 0.379688 0.406250 0.382812 0.409375 0.382812 0.410938 0.392188 0.420312 0.393750 0.420312 0.398438 0.425000 0.400000 0.425000 0.401562 0.426563 0.403125 0.426563 0.404687 0.428125 0.406250 0.428125 0.407813 0.429688 0.410938 0.429688 0.412500 0.431250 0.415625 0.431250 0.417187 0.432812 0.421875 0.432812 0.423438 0.434375 0.429688 0.434375 0.431250 0.435937 0.440625 0.435937 0.442188 0.437500 0.509375 0.437500 0.510938 0.435937 0.517188 0.435937 0.518750 0.434375 0.521875 0.434375 0.523438 0.432812 0.526563 0.432812 0.528125 0.431250 0.529687 0.431250 0.531250 0.429688 0.532813 0.429688 0.534375 0.428125 0.535937 0.428125 0.539062 0.425000 0.540625 0.425000 0.543750 0.421875 0.545312 0.421875 0.553125 0.414062 0.553125 0.412500 0.557813 0.407813 0.557813 0.406250 0.559375 0.404687 0.559375 0.403125 0.560937 0.401562 0.560937 0.400000 0.562500 0.398438 0.562500 0.396875 0.564063 0.395313 0.564063 0.392188 0.565625 0.390625 0.565625 0.387500 0.567187 0.385937 0.567187 0.378125 0.570312 0.375000 0.570312 0.373437 0.571875 0.371875 0.571875 0.370312 0.573438 0.368750 0.573438 0.367188 0.576562 0.364063 0.576562 0.362500 0.578125 0.360938 0.578125 0.359375 0.579688 0.357812 0.579688 0.356250 0.582812 0.353125 0.582812 0.351562 0.584375 0.350000 0.584375 0.346875 0.585938 0.345313 0.585938 0.343750 0.587500 0.342187 0.587500 0.340625 0.589063 0.339062 0.589063 0.335938 0.590625 0.334375 0.590625 0.332813 0.592187 0.331250 0.592187 0.329688 0.593750 0.328125 0.593750 0.326562 0.596875 0.323437 0.596875 0.321875 0.598437 0.320312 0.598437 0.318750 0.601562 0.315625 0.601562 0.314063 0.603125 0.312500 0.603125 0.310937 0.607812 0.306250 0.607812 0.304688 0.614062 0.298438 0.614062 0.296875 0.617188 0.293750 0.617188 0.292187 0.618750 0.290625 0.618750 0.289062 0.620313 0.287500 0.620313 0.285938 0.621875 0.284375 0.621875 0.281250 0.623437 0.279687 0.623437 0.276562 0.625000 0.275000 0.625000 0.273438 0.626563 0.271875 0.626563 0.268750 0.628125 0.267188 0.628125 0.264062 0.629687 0.262500 0.629687 0.259375 0.631250 0.257812 0.631250 0.254688 0.632812 0.253125 0.632812 0.248438 0.634375 0.246875 0.634375 0.209375 0.632812 0.207813 0.632812 0.203125 0.631250 0.201563 0.631250 0.198437 0.629687 0.196875 0.629687 0.195312 0.628125 0.193750 0.628125 0.192188 0.626563 0.190625 0.626563 0.189062 0.625000 0.187500 0.625000 0.185938 0.621875 0.182812 0.621875 0.181250 0.606250 0.165625 0.604688 0.165625 0.601562 0.162500 0.600000 0.162500 0.596875 0.159375 0.595313 0.159375 0.592187 0.156250 0.590625 0.156250 0.587500 0.153125 0.585938 0.153125 0.584375 0.151562 0.582812 0.151562 0.581250 0.150000 0.578125 0.150000 0.576562 0.148438 0.573438 0.148438 0.571875 0.146875 0.567187 0.146875 0.565625 0.145313 0.506250 0.145313 0.504687 0.146875 0.429688 0.146875 0.428125 0.148438 0.396875 0.148438 0.395313 0.146875 0.392188 0.146875 0.390625 0.145313 0.389062 0.145313 0.387500 0.143750 0.384375 0.143750 0.382812 0.142187 0.379688 0.142187 0.378125 0.140625 0.371875 0.140625 0.370312 0.139063 0.359375 0.139063 0.357812 0.137500
0 0.117188 0.137500 0.115625 0.139063 0.110937 0.139063 0.109375 0.140625 0.104688 0.140625 0.103125 0.142187 0.101562 0.142187 0.100000 0.143750 0.098437 0.143750 0.096875 0.145313 0.095312 0.145313 0.093750 0.146875 0.092188 0.146875 0.089063 0.150000 0.087500 0.150000 0.076563 0.160938 0.076563 0.162500 0.071875 0.167187 0.071875 0.168750 0.070312 0.170313 0.070312 0.171875 0.068750 0.173437 0.068750 0.175000 0.067187 0.176563 0.067187 0.179688 0.065625 0.181250 0.065625 0.182812 0.064062 0.184375 0.064062 0.187500 0.062500 0.189062 0.062500 0.193750 0.060937 0.195312 0.060937 0.201563 0.059375 0.203125 0.059375 0.204687 0.057813 0.206250 0.057813 0.207813 0.056250 0.209375 0.056250 0.212500 0.054688 0.214062 0.054688 0.218750 0.053125 0.220312 0.053125 0.231250 0.051562 0.232813 0.051562 0.237500 0.050000 0.239063 0.050000 0.243750 0.048438 0.245312 0.048438 0.254688 0.046875 0.256250 0.046875 0.259375 0.045312 0.260937 0.045312 0.267188 0.043750 0.268750 0.043750 0.278125 0.042188 0.279687 0.042188 0.289062 0.040625 0.290625 0.040625 0.301563 0.039062 0.303125 0.039062 0.385937 0.040625 0.387500 0.040625 0.398438 0.042188 0.400000 0.042188 0.404687 0.043750 0.406250 0.043750 0.409375 0.045312 0.410938 0.045312 0.415625 0.046875 0.417187 0.046875 0.421875 0.048438 0.423438 0.048438 0.429688 0.050000 0.431250 0.050000 0.437500 0.051562 0.439063 0.051562 0.443750 0.053125 0.445312 0.053125 0.473438 0.054688 0.475000 0.054688 0.479687 0.056250 0.481250 0.056250 0.484375 0.057813 0.485938 0.057813 0.487500 0.059375 0.489063 0.059375 0.490625 0.060937 0.492188 0.060937 0.493750 0.062500 0.495312 0.062500 0.496875 0.067187 0.501563 0.067187 0.503125 0.075000 0.510938 0.076563 0.510938 0.081250 0.515625 0.082812 0.515625 0.084375 0.517188 0.085938 0.517188 0.087500 0.518750 0.089063 0.518750 0.090625 0.520312 0.092188 0.520312 0.093750 0.521875 0.096875 0.521875 0.098437 0.523438 0.104688 0.523438 0.106250 0.525000 0.117188 0.525000 0.118750 0.523438 0.248438 0.523438 0.250000 0.525000 0.323437 0.525000 0.325000 0.526563 0.328125 0.526563 0.329688 0.525000 0.335938 0.525000 0.337500 0.523438 0.340625 0.523438 0.342187 0.521875 0.343750 0.521875 0.345313 0.520312 0.346875 0.520312 0.348438 0.518750 0.350000 0.518750 0.351562 0.517188 0.353125 0.517188 0.357812 0.512500 0.359375 0.512500 0.368750 0.503125 0.368750 0.501563 0.371875 0.498437 0.371875 0.496875 0.373437 0.495312 0.373437 0.493750 0.376563 0.490625 0.376563 0.487500 0.378125 0.485938 0.378125 0.482812 0.379688 0.481250 0.379688 0.478125 0.381250 0.476562 0.381250 0.450000 0.379688 0.448437 0.379688 0.443750 0.378125 0.442188 0.378125 0.440625 0.376563 0.439063 0.376563 0.435937 0.375000 0.434375 0.375000 0.432812 0.373437 0.431250 0.373437 0.429688 0.370312 0.426563 0.370312 0.410938 0.368750 0.409375 0.368750 0.407813 0.367188 0.406250 0.367188 0.404687 0.365625 0.403125 0.365625 0.401562 0.364063 0.400000 0.364063 0.396875 0.362500 0.395313 0.362500 0.392188 0.360938 0.390625 0.360938 0.387500 0.359375 0.385937 0.359375 0.384375 0.357812 0.382812 0.357812 0.381250 0.356250 0.379688 0.356250 0.378125 0.351562 0.373437 0.351562 0.371875 0.346875 0.367188 0.346875 0.365625 0.343750 0.362500 0.343750 0.360938 0.340625 0.357812 0.340625 0.356250 0.337500 0.353125 0.337500 0.351562 0.335938 0.350000 0.335938 0.348438 0.334375 0.346875 0.334375 0.345313 0.332813 0.343750 0.332813 0.342187 0.331250 0.340625 0.331250 0.339062 0.329688 0.337500 0.329688 0.334375 0.328125 0.332813 0.328125 0.331250 0.325000 0.328125 0.325000 0.326562 0.321875 0.323437 0.321875 0.321875 0.320312 0.320312 0.320312 0.318750 0.318750 0.317188 0.318750 0.315625 0.317188 0.314063 0.317188 0.312500 0.315625 0.310937 0.315625 0.309375 0.312500 0.306250 0.312500 0.304688 0.310937 0.303125 0.310937 0.301563 0.309375 0.300000 0.309375 0.298438 0.307812 0.296875 0.307812 0.295312 0.306250 0.293750 0.306250 0.290625 0.304688 0.289062 0.304688 0.285938 0.303125 0.284375 0.303125 0.275000 0.295312 0.267188 0.295312 0.265625 0.292187 0.262500 0.292187 0.260937 0.289062 0.257812 0.289062 0.256250 0.281250 0.248438 0.281250 0.246875 0.262500 0.228125 0.262500 0.226562 0.259375 0.223438 0.259375 0.221875 0.256250 0.218750 0.256250 0.217188 0.254688 0.215625 0.254688 0.214062 0.253125 0.212500 0.253125 0.210938 0.251563 0.209375 0.251563 0.207813 0.250000 0.206250 0.250000 0.204687 0.248438 0.203125 0.248438 0.201563 0.246875 0.200000 0.246875 0.198437 0.245312 0.196875 0.245312 0.195312 0.243750 0.193750 0.243750 0.192188 0.242188 0.190625 0.242188 0.189062 0.237500 0.184375 0.237500 0.182812 0.221875 0.167187 0.220312 0.167187 0.215625 0.162500 0.214062 0.162500 0.212500 0.160938 0.210938 0.160938 0.206250 0.156250 0.204687 0.156250 0.203125 0.154688 0.201563 0.154688 0.200000 0.153125 0.198437 0.153125 0.196875 0.151562 0.195312 0.151562 0.193750 0.150000 0.190625 0.150000 0.189062 0.148438 0.184375 0.148438 0.182812 0.146875 0.159375 0.146875 0.157812 0.145313 0.156250 0.145313 0.154688 0.143750 0.153125 0.143750 0.151562 0.142187 0.148438 0.142187 0.146875 0.140625 0.143750 0.140625 0.142187 0.139063 0.135937 0.139063 0.134375 0.137500
0 0.193750 0.543750 0.192188 0.545312 0.143750 0.545312 0.142187 0.546875 0.135937 0.546875 0.134375 0.548438 0.131250 0.548438 0.129688 0.550000 0.126562 0.550000 0.125000 0.551562 0.123438 0.551562 0.121875 0.553125 0.120313 0.553125 0.117188 0.556250 0.115625 0.556250 0.114062 0.557813 0.112500 0.556250 0.109375 0.556250 0.107813 0.554688 0.106250 0.554688 0.104688 0.553125 0.101562 0.553125 0.100000 0.551562 0.093750 0.551562 0.092188 0.550000 0.075000 0.550000 0.073438 0.551562 0.067187 0.551562 0.065625 0.553125 0.062500 0.553125 0.060937 0.554688 0.057813 0.554688 0.056250 0.556250 0.054688 0.556250 0.053125 0.557813 0.051562 0.557813 0.048438 0.560937 0.046875 0.560937 0.042188 0.565625 0.040625 0.565625 0.034375 0.571875 0.034375 0.573438 0.029687 0.578125 0.029687 0.579688 0.028125 0.581250 0.028125 0.582812 0.026562 0.584375 0.026562 0.585938 0.025000 0.587500 0.025000 0.589063 0.023438 0.590625 0.023438 0.593750 0.021875 0.595313 0.021875 0.600000 0.020313 0.601562 0.020313 0.668750 0.021875 0.670312 0.021875 0.728125 0.023438 0.729688 0.023438 0.742188 0.025000 0.743750 0.025000 0.748437 0.026562 0.750000 0.026562 0.793750 0.028125 0.795312 0.028125 0.815625 0.029687 0.817187 0.029687 0.825000 0.031250 0.826562 0.031250 0.831250 0.032813 0.832812 0.032813 0.835938 0.034375 0.837500 0.034375 0.840625 0.035937 0.842187 0.035937 0.843750 0.037500 0.845313 0.037500 0.846875 0.040625 0.850000 0.040625 0.851562 0.043750 0.854688 0.043750 0.856250 0.045312 0.856250 0.046875 0.857812 0.084375 0.857812 0.085938 0.859375 0.129688 0.859375 0.131250 0.857812 0.171875 0.857812 0.173437 0.859375 0.179688 0.859375 0.181250 0.860938 0.185938 0.860938 0.187500 0.862500 0.189062 0.862500 0.190625 0.864062 0.192188 0.864062 0.193750 0.865625 0.198437 0.865625 0.201563 0.862500 0.203125 0.862500 0.207813 0.857812 0.209375 0.857812 0.223438 0.843750 0.223438 0.842187 0.231250 0.834375 0.231250 0.832812 0.234375 0.829688 0.234375 0.828125 0.237500 0.825000 0.237500 0.823438 0.239063 0.821875 0.239063 0.820312 0.240625 0.818750 0.240625 0.817187 0.242188 0.815625 0.242188 0.814063 0.243750 0.812500 0.243750 0.809375 0.245312 0.807813 0.245312 0.804688 0.246875 0.803125 0.246875 0.801562 0.248438 0.800000 0.248438 0.798438 0.250000 0.796875 0.250000 0.795312 0.251563 0.793750 0.251563 0.790625 0.253125 0.789062 0.253125 0.785937 0.254688 0.784375 0.254688 0.782813 0.256250 0.781250 0.256250 0.778125 0.257812 0.776563 0.257812 0.775000 0.259375 0.773438 0.259375 0.771875 0.260937 0.770312 0.260937 0.768750 0.262500 0.767188 0.262500 0.765625 0.264062 0.764062 0.264062 0.760938 0.265625 0.759375 0.265625 0.757812 0.268750 0.754687 0.268750 0.753125 0.270313 0.751563 0.270313 0.750000 0.271875 0.748437 0.271875 0.746875 0.273438 0.745313 0.273438 0.742188 0.275000 0.740625 0.275000 0.739062 0.276562 0.737500 0.276562 0.735938 0.278125 0.734375 0.278125 0.732812 0.281250 0.729688 0.281250 0.728125 0.285938 0.723437 0.285938 0.721875 0.289062 0.718750 0.289062 0.717187 0.290625 0.715625 0.290625 0.714063 0.292187 0.712500 0.292187 0.709375 0.293750 0.707812 0.293750 0.704688 0.296875 0.701562 0.296875 0.700000 0.298438 0.698438 0.298438 0.696875 0.300000 0.695312 0.300000 0.692187 0.301563 0.690625 0.301563 0.689063 0.303125 0.687500 0.303125 0.685937 0.304688 0.684375 0.304688 0.682813 0.306250 0.681250 0.306250 0.679688 0.307812 0.678125 0.307812 0.676562 0.309375 0.675000 0.309375 0.671875 0.310937 0.670312 0.310937 0.668750 0.312500 0.667188 0.312500 0.664062 0.314063 0.662500 0.314063 0.660937 0.315625 0.659375 0.315625 0.657813 0.317188 0.656250 0.317188 0.654687 0.318750 0.653125 0.318750 0.651563 0.320312 0.650000 0.320312 0.648438 0.321875 0.646875 0.321875 0.645312 0.323437 0.643750 0.323437 0.642188 0.325000 0.640625 0.325000 0.637500 0.326562 0.635938 0.326562 0.629687 0.328125 0.628125 0.328125 0.600000 0.326562 0.598437 0.326562 0.593750 0.325000 0.592187 0.325000 0.589063 0.323437 0.587500 0.323437 0.584375 0.321875 0.582812 0.321875 0.581250 0.320312 0.579688 0.320312 0.578125 0.317188 0.575000 0.317188 0.573438 0.301563 0.557813 0.300000 0.557813 0.298438 0.556250 0.296875 0.556250 0.293750 0.553125 0.292187 0.553125 0.290625 0.551562 0.289062 0.551562 0.287500 0.550000 0.284375 0.550000 0.282813 0.548438 0.281250 0.548438 0.279687 0.546875 0.275000 0.546875 0.273438 0.545312 0.267188 0.545312 0.265625 0.543750
