5 0.390625 0.271875 0.387500 0.343750 0.446875 0.339062 0.462500 0.345313 0.578125 0.337500 0.590625 0.328125 0.693750 0.315625 0.615625 0.146875 0.601562 0.135937 0.575000 0.084375 0.556250 0.076563 0.539062 0.082812 0.470313 0.151562 0.445312 0.162500 0.443750 0.171875 0.434375 0.175000 0.431250 0.210938 0.437500 0.217188 0.407813 0.260937
5 0.382812 0.351562 0.382812 0.373437 0.431250 0.384375 0.703125 0.390625 0.740625 0.382812 0.751563 0.364063 0.757812 0.321875 0.595313 0.320312 0.587500 0.314063 0.570312 0.329688 0.545312 0.326562 0.539062 0.312500 0.525000 0.310937 0.503125 0.329688 0.456250 0.326562
5 0.373437 0.171875 0.375000 0.182812 0.412500 0.206250 0.454688 0.175000 0.462500 0.159375 0.510938 0.120313 0.514062 0.109375 0.526563 0.107813 0.526563 0.100000 0.510938 0.109375 0.493750 0.109375 0.459375 0.073438 0.432812 0.078125 0.418750 0.090625
5 0.437500 0.385937 0.431250 0.393750 0.415625 0.396875 0.467187 0.401562 0.476562 0.407813 0.475000 0.423438 0.648438 0.429688 0.725000 0.448437 0.737500 0.448437 0.746875 0.439063 0.746875 0.401562 0.740625 0.390625
5 0.368750 0.409375 0.368750 0.423438 0.382812 0.440625 0.400000 0.426563 0.420312 0.431250 0.428125 0.439063 0.609375 0.451562 0.612500 0.456250 0.650000 0.451562 0.660937 0.442188 0.632812 0.428125 0.406250 0.395313 0.381250 0.396875
7 0.296875 0.175000 0.293750 0.198437 0.300000 0.220312 0.323437 0.253125 0.334375 0.260937 0.368750 0.267188 0.403125 0.259375 0.407813 0.237500 0.392188 0.195312 0.373437 0.181250 0.329688 0.164062 0.314063 0.164062
7 0.165625 0.298438 0.165625 0.335938 0.193750 0.343750 0.354687 0.346875 0.376563 0.332813 0.382812 0.317188 0.382812 0.290625 0.376563 0.276562 0.315625 0.248438 0.298438 0.223438 0.289062 0.175000 0.265625 0.154688 0.253125 0.162500 0.232813 0.218750 0.182812 0.259375
7 0.198437 0.345313 0.187500 0.351562 0.204687 0.384375 0.235937 0.409375 0.275000 0.423438 0.298438 0.425000 0.315625 0.415625 0.340625 0.385937 0.360938 0.410938 0.373437 0.396875 0.359375 0.362500 0.343750 0.348438 0.317188 0.342187
1 0.196875 0.564063 0.193750 0.681250 0.198437 0.709375 0.234375 0.768750 0.275000 0.795312 0.312500 0.810937 0.382812 0.826562 0.440625 0.832812 0.476562 0.815625 0.487500 0.796875 0.493750 0.754687 0.493750 0.521875 0.476562 0.485938 0.451562 0.476562 0.410938 0.476562 0.285938 0.504687 0.215625 0.534375
2 0.515625 0.626563 0.517188 0.782813 0.528125 0.810937 0.542188 0.825000 0.557813 0.831250 0.587500 0.831250 0.650000 0.804688 0.670312 0.803125 0.701562 0.784375 0.726562 0.757812 0.742188 0.725000 0.753125 0.678125 0.750000 0.579688 0.735938 0.550000 0.715625 0.532813 0.606250 0.490625 0.559375 0.485938 0.543750 0.492188 0.526563 0.507812 0.518750 0.526563
0 0.498437 0.100000 0.496875 0.101562 0.473438 0.101562 0.471875 0.103125 0.459375 0.103125 0.457813 0.104688 0.450000 0.104688 0.448437 0.106250 0.417187 0.106250 0.415625 0.107813 0.410938 0.107813 0.409375 0.109375 0.403125 0.109375 0.401562 0.110937 0.379688 0.110937 0.378125 0.112500 0.373437 0.112500 0.371875 0.114062 0.370312 0.114062 0.368750 0.115625 0.346875 0.115625 0.345313 0.117188 0.340625 0.117188 0.339062 0.118750 0.331250 0.118750 0.329688 0.120313 0.325000 0.120313 0.323437 0.121875 0.321875 0.121875 0.320312 0.123438 0.317188 0.123438 0.315625 0.125000 0.312500 0.125000 0.310937 0.126562 0.309375 0.126562 0.307812 0.128125 0.306250 0.128125 0.304688 0.129688 0.303125 0.129688 0.301563 0.131250 0.300000 0.131250 0.296875 0.134375 0.293750 0.134375 0.292187 0.135937 0.290625 0.135937 0.287500 0.139063 0.285938 0.139063 0.284375 0.140625 0.282813 0.140625 0.281250 0.142187 0.279687 0.142187 0.276562 0.145313 0.275000 0.145313 0.265625 0.154688 0.265625 0.156250 0.260937 0.160938 0.259375 0.160938 0.257812 0.162500 0.248438 0.162500 0.246875 0.164062 0.242188 0.164062 0.240625 0.165625 0.239063 0.165625 0.237500 0.167187 0.235937 0.167187 0.234375 0.168750 0.232813 0.168750 0.221875 0.179688 0.221875 0.181250 0.220312 0.182812 0.220312 0.184375 0.218750 0.185938 0.218750 0.187500 0.217188 0.189062 0.217188 0.193750 0.215625 0.195312 0.215625 0.200000 0.209375 0.206250 0.209375 0.207813 0.206250 0.210938 0.206250 0.212500 0.204687 0.214062 0.204687 0.215625 0.203125 0.217188 0.203125 0.220312 0.201563 0.221875 0.201563 0.228125 0.200000 0.229687 0.200000 0.235937 0.198437 0.237500 0.198437 0.242188 0.196875 0.243750 0.196875 0.245312 0.195312 0.246875 0.195312 0.253125 0.193750 0.254688 0.193750 0.259375 0.192188 0.260937 0.192188 0.262500 0.190625 0.264062 0.190625 0.267188 0.189062 0.268750 0.189062 0.271875 0.187500 0.273438 0.187500 0.279687 0.185938 0.281250 0.185938 0.300000 0.184375 0.301563 0.184375 0.307812 0.181250 0.310937 0.181250 0.312500 0.179688 0.314063 0.179688 0.315625 0.178125 0.317188 0.178125 0.318750 0.176563 0.320312 0.176563 0.325000 0.175000 0.326562 0.175000 0.362500 0.173437 0.364063 0.173437 0.389062 0.175000 0.390625 0.175000 0.407813 0.176563 0.409375 0.176563 0.415625 0.178125 0.417187 0.178125 0.421875 0.179688 0.423438 0.179688 0.426563 0.181250 0.428125 0.181250 0.429688 0.182812 0.431250 0.182812 0.432812 0.184375 0.434375 0.184375 0.435937 0.185938 0.437500 0.185938 0.439063 0.189062 0.442188 0.189062 0.446875 0.190625 0.448437 0.190625 0.451562 0.192188 0.453125 0.192188 0.454688 0.193750 0.456250 0.193750 0.460938 0.195312 0.462500 0.195312 0.465625 0.196875 0.467187 0.196875 0.468750 0.198437 0.470313 0.198437 0.471875 0.201563 0.475000 0.201563 0.476562 0.209375 0.484375 0.210938 0.484375 0.214062 0.487500 0.215625 0.487500 0.217188 0.489063 0.218750 0.489063 0.220312 0.490625 0.221875 0.490625 0.223438 0.492188 0.229687 0.492188 0.231250 0.493750 0.243750 0.493750 0.245312 0.492188 0.250000 0.492188 0.251563 0.490625 0.254688 0.490625 0.256250 0.489063 0.257812 0.489063 0.259375 0.487500 0.260937 0.487500 0.262500 0.485938 0.264062 0.485938 0.265625 0.484375 0.267188 0.484375 0.268750 0.482812 0.271875 0.482812 0.273438 0.481250 0.276562 0.481250 0.278125 0.479687 0.289062 0.479687 0.290625 0.478125 0.296875 0.478125 0.298438 0.476562 0.306250 0.476562 0.307812 0.475000 0.312500 0.475000 0.314063 0.473438 0.318750 0.473438 0.320312 0.471875 0.323437 0.471875 0.325000 0.470313 0.326562 0.470313 0.328125 0.468750 0.331250 0.468750 0.332813 0.467187 0.335938 0.467187 0.337500 0.465625 0.339062 0.465625 0.340625 0.464062 0.342187 0.464062 0.343750 0.462500 0.345313 0.462500 0.346875 0.460938 0.350000 0.460938 0.351562 0.459375 0.359375 0.459375 0.360938 0.457813 0.365625 0.457813 0.367188 0.456250 0.376563 0.456250 0.378125 0.454688 0.393750 0.454688 0.395313 0.456250 0.409375 0.456250 0.410938 0.454688 0.420312 0.454688 0.421875 0.453125 0.428125 0.453125 0.429688 0.451562 0.445312 0.451562 0.446875 0.450000 0.451562 0.450000 0.453125 0.451562 0.471875 0.451562 0.473438 0.453125 0.535937 0.453125 0.537500 0.454688 0.540625 0.454688 0.542188 0.456250 0.550000 0.456250 0.551562 0.457813 0.559375 0.457813 0.560937 0.459375 0.571875 0.459375 0.573438 0.460938 0.578125 0.460938 0.579688 0.462500 0.590625 0.462500 0.592187 0.464062 0.596875 0.464062 0.598437 0.465625 0.601562 0.465625 0.603125 0.467187 0.606250 0.467187 0.607812 0.468750 0.612500 0.468750 0.614062 0.470313 0.615625 0.470313 0.617188 0.471875 0.620313 0.471875 0.621875 0.473438 0.626563 0.473438 0.628125 0.475000 0.629687 0.475000 0.631250 0.476562 0.634375 0.476562 0.635938 0.478125 0.637500 0.478125 0.639062 0.479687 0.640625 0.479687 0.642188 0.481250 0.643750 0.481250 0.645312 0.482812 0.646875 0.482812 0.648438 0.484375 0.651563 0.484375 0.653125 0.485938 0.656250 0.485938 0.657813 0.487500 0.662500 0.487500 0.664062 0.489063 0.665625 0.489063 0.667188 0.490625 0.668750 0.490625 0.670312 0.492188 0.673438 0.492188 0.675000 0.493750 0.678125 0.493750 0.679688 0.495312 0.706250 0.495312 0.707812 0.493750 0.710938 0.493750 0.712500 0.492188 0.714063 0.492188 0.715625 0.490625 0.717187 0.490625 0.718750 0.489063 0.720313 0.489063 0.721875 0.487500 0.723437 0.487500 0.725000 0.485938 0.726562 0.485938 0.728125 0.484375 0.729688 0.484375 0.731250 0.482812 0.732812 0.482812 0.734375 0.481250 0.735938 0.481250 0.740625 0.476562 0.742188 0.476562 0.743750 0.475000 0.743750 0.473438 0.748437 0.468750 0.748437 0.467187 0.750000 0.465625 0.750000 0.464062 0.751563 0.462500 0.751563 0.460938 0.753125 0.459375 0.753125 0.454688 0.754687 0.453125 0.754687 0.435937 0.753125 0.434375 0.753125 0.431250 0.751563 0.429688 0.751563 0.426563 0.750000 0.425000 0.754687 0.420312 0.754687 0.418750 0.756250 0.417187 0.756250 0.407813 0.757812 0.406250 0.757812 0.403125 0.756250 0.401562 0.756250 0.396875 0.754687 0.395313 0.754687 0.356250 0.756250 0.354687 0.756250 0.314063 0.754687 0.312500 0.754687 0.304688 0.753125 0.303125 0.753125 0.296875 0.751563 0.295312 0.751563 0.271875 0.750000 0.270313 0.750000 0.267188 0.748437 0.265625 0.748437 0.262500 0.746875 0.260937 0.746875 0.254688 0.745313 0.253125 0.745313 0.250000 0.743750 0.248438 0.743750 0.239063 0.742188 0.237500 0.742188 0.225000 0.740625 0.223438 0.740625 0.220312 0.739062 0.218750 0.739062 0.215625 0.737500 0.214062 0.737500 0.212500 0.735938 0.210938 0.735938 0.209375 0.734375 0.207813 0.734375 0.206250 0.732812 0.204687 0.732812 0.203125 0.717187 0.187500 0.715625 0.187500 0.710938 0.182812 0.709375 0.182812 0.707812 0.181250 0.706250 0.181250 0.703125 0.178125 0.701562 0.178125 0.696875 0.173437 0.696875 0.171875 0.682813 0.157812 0.681250 0.157812 0.679688 0.156250 0.678125 0.156250 0.676562 0.154688 0.675000 0.154688 0.673438 0.153125 0.671875 0.153125 0.670312 0.151562 0.668750 0.151562 0.667188 0.150000 0.665625 0.150000 0.664062 0.148438 0.662500 0.148438 0.660937 0.146875 0.659375 0.146875 0.654687 0.142187 0.653125 0.142187 0.650000 0.139063 0.648438 0.139063 0.646875 0.137500 0.643750 0.137500 0.642188 0.135937 0.639062 0.135937 0.637500 0.134375 0.629687 0.134375 0.620313 0.125000 0.618750 0.125000 0.615625 0.121875 0.614062 0.121875 0.612500 0.120313 0.610938 0.120313 0.609375 0.118750 0.606250 0.118750 0.604688 0.117188 0.600000 0.117188 0.598437 0.115625 0.593750 0.115625 0.592187 0.114062 0.590625 0.114062 0.589063 0.112500 0.585938 0.112500 0.584375 0.110937 0.582812 0.110937 0.581250 0.109375 0.579688 0.109375 0.578125 0.107813 0.575000 0.107813 0.573438 0.106250 0.568750 0.106250 0.567187 0.104688 0.562500 0.104688 0.560937 0.103125 0.510938 0.103125 0.509375 0.101562 0.500000 0.101562
0 0.431250 0.473438 0.429688 0.475000 0.426563 0.475000 0.425000 0.476562 0.421875 0.476562 0.420312 0.478125 0.407813 0.478125 0.406250 0.479687 0.400000 0.479687 0.398438 0.481250 0.384375 0.481250 0.382812 0.482812 0.371875 0.482812 0.370312 0.484375 0.362500 0.484375 0.360938 0.485938 0.359375 0.484375 0.357812 0.484375 0.356250 0.485938 0.350000 0.485938 0.348438 0.487500 0.340625 0.487500 0.339062 0.489063 0.332813 0.489063 0.331250 0.490625 0.325000 0.490625 0.323437 0.492188 0.320312 0.492188 0.318750 0.493750 0.314063 0.493750 0.312500 0.495312 0.309375 0.495312 0.307812 0.496875 0.304688 0.496875 0.303125 0.498437 0.300000 0.498437 0.298438 0.500000 0.295312 0.500000 0.293750 0.501563 0.289062 0.501563 0.287500 0.503125 0.271875 0.503125 0.270313 0.504687 0.267188 0.504687 0.265625 0.506250 0.264062 0.506250 0.262500 0.507812 0.260937 0.507812 0.256250 0.512500 0.251563 0.512500 0.250000 0.514062 0.246875 0.514062 0.245312 0.515625 0.240625 0.515625 0.239063 0.517188 0.235937 0.517188 0.234375 0.518750 0.232813 0.518750 0.231250 0.520312 0.229687 0.520312 0.228125 0.521875 0.226562 0.521875 0.225000 0.523438 0.223438 0.523438 0.221875 0.525000 0.220312 0.525000 0.217188 0.528125 0.215625 0.528125 0.209375 0.534375 0.207813 0.534375 0.200000 0.542188 0.200000 0.543750 0.196875 0.546875 0.196875 0.548438 0.193750 0.551562 0.193750 0.553125 0.192188 0.554688 0.192188 0.556250 0.190625 0.557813 0.190625 0.560937 0.189062 0.562500 0.189062 0.565625 0.187500 0.567187 0.187500 0.593750 0.189062 0.595313 0.189062 0.596875 0.187500 0.598437 0.187500 0.601562 0.185938 0.603125 0.185938 0.607812 0.184375 0.609375 0.184375 0.634375 0.182812 0.635938 0.182812 0.645312 0.184375 0.646875 0.184375 0.676562 0.182812 0.678125 0.182812 0.685937 0.184375 0.687500 0.184375 0.695312 0.185938 0.696875 0.185938 0.718750 0.187500 0.720313 0.187500 0.723437 0.189062 0.725000 0.189062 0.726562 0.190625 0.728125 0.190625 0.732812 0.192188 0.734375 0.192188 0.737500 0.193750 0.739062 0.193750 0.742188 0.195312 0.743750 0.195312 0.745313 0.198437 0.748437 0.198437 0.750000 0.207813 0.759375 0.207813 0.760938 0.212500 0.765625 0.214062 0.765625 0.217188 0.768750 0.217188 0.770312 0.221875 0.775000 0.223438 0.775000 0.225000 0.776563 0.225000 0.778125 0.229687 0.782813 0.231250 0.782813 0.235937 0.787500 0.237500 0.787500 0.240625 0.790625 0.242188 0.790625 0.243750 0.792188 0.245312 0.792188 0.246875 0.793750 0.251563 0.793750 0.253125 0.795312 0.254688 0.795312 0.257812 0.798438 0.259375 0.798438 0.262500 0.801562 0.264062 0.801562 0.265625 0.803125 0.267188 0.803125 0.270313 0.806250 0.271875 0.806250 0.273438 0.807813 0.275000 0.807813 0.278125 0.810937 0.279687 0.810937 0.281250 0.812500 0.284375 0.812500 0.285938 0.814063 0.287500 0.814063 0.289062 0.815625 0.292187 0.815625 0.293750 0.817187 0.296875 0.817187 0.298438 0.818750 0.306250 0.818750 0.309375 0.821875 0.310937 0.821875 0.312500 0.823438 0.314063 0.823438 0.315625 0.825000 0.318750 0.825000 0.320312 0.826562 0.325000 0.826562 0.326562 0.828125 0.332813 0.828125 0.334375 0.829688 0.335938 0.829688 0.337500 0.831250 0.342187 0.831250 0.343750 0.832812 0.346875 0.832812 0.348438 0.834375 0.353125 0.834375 0.354687 0.835938 0.357812 0.835938 0.359375 0.837500 0.370312 0.837500 0.371875 0.839063 0.378125 0.839063 0.379688 0.840625 0.384375 0.840625 0.385937 0.842187 0.392188 0.842187 0.393750 0.843750 0.396875 0.843750 0.398438 0.845313 0.404687 0.845313 0.406250 0.846875 0.423438 0.846875 0.425000 0.848437 0.448437 0.848437 0.450000 0.846875 0.457813 0.846875 0.459375 0.845313 0.462500 0.845313 0.464062 0.843750 0.465625 0.843750 0.467187 0.842187 0.468750 0.842187 0.478125 0.832812 0.478125 0.831250 0.481250 0.828125 0.481250 0.826562 0.482812 0.825000 0.484375 0.825000 0.489063 0.820312 0.490625 0.820312 0.490625 0.818750 0.493750 0.815625 0.493750 0.814063 0.495312 0.812500 0.495312 0.810937 0.496875 0.809375 0.496875 0.804688 0.498437 0.803125 0.498437 0.796875 0.496875 0.795312 0.496875 0.760938 0.498437 0.759375 0.498437 0.743750 0.500000 0.742188 0.500000 0.728125 0.501563 0.726562 0.501563 0.704688 0.500000 0.703125 0.500000 0.695312 0.498437 0.693750 0.498437 0.679688 0.496875 0.678125 0.496875 0.623437 0.498437 0.621875 0.498437 0.590625 0.496875 0.589063 0.496875 0.554688 0.495312 0.553125 0.495312 0.546875 0.493750 0.545312 0.493750 0.534375 0.492188 0.532813 0.492188 0.525000 0.490625 0.523438 0.490625 0.517188 0.489063 0.515625 0.489063 0.512500 0.487500 0.510938 0.487500 0.503125 0.485938 0.501563 0.485938 0.498437 0.482812 0.495312 0.482812 0.493750 0.468750 0.479687 0.467187 0.479687 0.465625 0.478125 0.464062 0.478125 0.462500 0.476562 0.459375 0.476562 0.457813 0.475000 0.453125 0.475000 0.451562 0.473438
0 0.560937 0.482812 0.559375 0.484375 0.557813 0.484375 0.556250 0.485938 0.554688 0.485938 0.551562 0.489063 0.548438 0.489063 0.546875 0.490625 0.545312 0.490625 0.543750 0.492188 0.540625 0.492188 0.539062 0.493750 0.537500 0.493750 0.535937 0.495312 0.534375 0.495312 0.532813 0.496875 0.531250 0.496875 0.523438 0.504687 0.523438 0.506250 0.521875 0.507812 0.521875 0.509375 0.520312 0.510938 0.520312 0.512500 0.518750 0.514062 0.518750 0.515625 0.517188 0.517188 0.517188 0.523438 0.515625 0.525000 0.515625 0.560937 0.514062 0.562500 0.514062 0.571875 0.515625 0.573438 0.515625 0.584375 0.514062 0.585938 0.514062 0.592187 0.512500 0.593750 0.512500 0.615625 0.510938 0.617188 0.510938 0.626563 0.512500 0.628125 0.512500 0.650000 0.514062 0.651563 0.514062 0.668750 0.515625 0.670312 0.515625 0.676562 0.517188 0.678125 0.517188 0.679688 0.515625 0.681250 0.515625 0.709375 0.514062 0.710938 0.514062 0.770312 0.515625 0.771875 0.515625 0.796875 0.517188 0.798438 0.517188 0.801562 0.518750 0.803125 0.518750 0.806250 0.520312 0.807813 0.520312 0.809375 0.521875 0.810937 0.521875 0.812500 0.523438 0.814063 0.523438 0.815625 0.525000 0.817187 0.525000 0.818750 0.534375 0.828125 0.535937 0.828125 0.537500 0.829688 0.539062 0.829688 0.540625 0.831250 0.542188 0.831250 0.543750 0.832812 0.545312 0.832812 0.546875 0.834375 0.548438 0.834375 0.550000 0.835938 0.559375 0.835938 0.560937 0.837500 0.568750 0.837500 0.570312 0.839063 0.578125 0.839063 0.579688 0.837500 0.584375 0.837500 0.585938 0.835938 0.587500 0.835938 0.589063 0.834375 0.590625 0.834375 0.592187 0.832812 0.593750 0.832812 0.595313 0.831250 0.598437 0.831250 0.600000 0.829688 0.601562 0.829688 0.603125 0.828125 0.606250 0.828125 0.607812 0.826562 0.612500 0.826562 0.614062 0.825000 0.617188 0.825000 0.618750 0.823438 0.621875 0.823438 0.623437 0.821875 0.626563 0.821875 0.629687 0.818750 0.632812 0.818750 0.634375 0.817187 0.642188 0.817187 0.643750 0.815625 0.646875 0.815625 0.648438 0.814063 0.650000 0.814063 0.651563 0.812500 0.653125 0.812500 0.656250 0.809375 0.657813 0.809375 0.659375 0.807813 0.660937 0.807813 0.662500 0.806250 0.664062 0.806250 0.665625 0.804688 0.667188 0.804688 0.668750 0.803125 0.670312 0.803125 0.671875 0.801562 0.675000 0.801562 0.682813 0.793750 0.684375 0.793750 0.687500 0.790625 0.689063 0.790625 0.690625 0.789062 0.692187 0.789062 0.695312 0.785937 0.696875 0.785937 0.703125 0.779687 0.704688 0.779687 0.706250 0.778125 0.707812 0.778125 0.715625 0.770312 0.717187 0.770312 0.731250 0.756250 0.731250 0.754687 0.735938 0.750000 0.735938 0.748437 0.740625 0.743750 0.740625 0.742188 0.742188 0.740625 0.742188 0.739062 0.743750 0.737500 0.743750 0.735938 0.745313 0.734375 0.745313 0.732812 0.746875 0.731250 0.746875 0.720313 0.748437 0.718750 0.748437 0.712500 0.750000 0.710938 0.750000 0.701562 0.751563 0.700000 0.751563 0.637500 0.750000 0.635938 0.750000 0.593750 0.748437 0.592187 0.748437 0.568750 0.746875 0.567187 0.746875 0.562500 0.745313 0.560937 0.745313 0.559375 0.743750 0.557813 0.743750 0.556250 0.740625 0.553125 0.740625 0.551562 0.731250 0.542188 0.729688 0.542188 0.728125 0.540625 0.726562 0.540625 0.721875 0.535937 0.720313 0.535937 0.718750 0.534375 0.717187 0.534375 0.715625 0.532813 0.714063 0.532813 0.712500 0.531250 0.710938 0.531250 0.709375 0.529687 0.707812 0.529687 0.704688 0.526563 0.703125 0.526563 0.701562 0.525000 0.700000 0.525000 0.698438 0.523438 0.696875 0.523438 0.695312 0.521875 0.693750 0.521875 0.692187 0.520312 0.690625 0.520312 0.689063 0.518750 0.685937 0.518750 0.684375 0.517188 0.682813 0.517188 0.681250 0.515625 0.679688 0.515625 0.678125 0.514062 0.676562 0.514062 0.675000 0.512500 0.670312 0.512500 0.668750 0.510938 0.665625 0.510938 0.664062 0.509375 0.662500 0.509375 0.660937 0.507812 0.657813 0.507812 0.654687 0.504687 0.653125 0.504687 0.648438 0.500000 0.646875 0.500000 0.645312 0.498437 0.642188 0.498437 0.640625 0.496875 0.639062 0.496875 0.637500 0.495312 0.634375 0.495312 0.632812 0.493750 0.626563 0.493750 0.625000 0.492188 0.623437 0.492188 0.621875 0.490625 0.617188 0.490625 0.615625 0.489063 0.609375 0.489063 0.607812 0.490625 0.606250 0.490625 0.604688 0.489063 0.601562 0.489063 0.600000 0.487500 0.598437 0.487500 0.596875 0.485938 0.592187 0.485938 0.590625 0.484375 0.587500 0.484375 0.585938 0.482812
