7 0.663839 0.634375 0.615625 0.634375 0.614062 0.640625 0.584375 0.659375 0.584375 0.784375 0.592187 0.787500 0.603125 0.835938 0.617188 0.867188 0.626563 0.875000 0.653125 0.882812 0.654687 0.889062 0.675000 0.889062 0.676562 0.882812 0.709375 0.859375 0.745313 0.864062 0.784375 0.864062 0.800000 0.859375 0.820312 0.842187 0.839063 0.801562 0.862500 0.765625 0.870313 0.762500 0.870313 0.743750 0.753125 0.671875 0.696875 0.659375 0.675000 0.642188 0.671875 0.634375
0 0.512736 0.566303 0.495091 0.565798 0.457813 0.579688 0.443750 0.587500 0.246875 0.685937 0.192188 0.718750 0.173437 0.739062 0.164862 0.773011 0.164358 0.794691 0.164862 0.863761 0.183516 0.893002 0.202675 0.900061 0.232813 0.900000 0.473438 0.898438 0.509375 0.895312 0.532813 0.882812 0.550000 0.857812 0.557813 0.831250 0.557813 0.771875 0.551562 0.734375 0.548438 0.615625 0.526563 0.571875
4 0.489063 0.584375 0.485938 0.592187 0.468750 0.598437 0.407813 0.607812 0.321875 0.654687 0.267188 0.678125 0.196875 0.739062 0.196875 0.871875 0.220312 0.884375 0.245312 0.885938 0.259375 0.895312 0.259375 0.901563 0.281250 0.901563 0.282813 0.895312 0.306250 0.887500 0.342187 0.884375 0.382812 0.893750 0.429688 0.895312 0.526563 0.871875 0.542188 0.853125 0.554688 0.826562 0.556250 0.762500 0.545312 0.721875 0.539062 0.617188 0.525000 0.595313 0.498437 0.590625 0.496875 0.584375
0 0.759681 0.118344 0.554567 0.124517 0.509238 0.130973 0.479550 0.154411 0.482413 0.478287 0.487362 0.502848 0.496737 0.529411 0.526425 0.552848 0.598300 0.571598 0.760800 0.624723 0.807675 0.634098 0.846738 0.612223 0.840488 0.493473 0.841822 0.462575 0.837363 0.421598 0.827988 0.387223 0.810800 0.268473 0.798300 0.155973 0.783422 0.131639
0 0.415431 0.126167 0.248438 0.134375 0.232813 0.148438 0.221875 0.168750 0.212253 0.325817 0.224858 0.337413 0.260937 0.353125 0.384375 0.393750 0.408373 0.402450 0.431250 0.396875 0.451562 0.381250 0.459375 0.364063 0.464062 0.296875 0.459375 0.165625 0.454688 0.150000 0.439063 0.128125
0 0.654297 0.603125 0.625695 0.595480 0.596875 0.603125 0.571875 0.628125 0.571875 0.840625 0.585938 0.865625 0.607812 0.889062 0.653125 0.900000 0.818750 0.893750 0.839063 0.887500 0.862500 0.865625 0.870313 0.845313 0.870313 0.737500 0.857812 0.687500 0.843750 0.670312 0.821875 0.657813 0.667628 0.611102
5 0.662500 0.253125 0.623437 0.253125 0.604688 0.279687 0.543750 0.340625 0.500000 0.409375 0.490625 0.414062 0.490625 0.453125 0.540625 0.496875 0.557813 0.501563 0.560937 0.507812 0.589063 0.521875 0.618750 0.529687 0.714063 0.529687 0.773438 0.518750 0.801562 0.507812 0.831250 0.468750 0.845313 0.460938 0.845313 0.434375 0.837500 0.431250 0.768750 0.346875 0.675000 0.262500 0.670312 0.253125
5 0.720313 0.134375 0.696875 0.134375 0.696875 0.139063 0.684375 0.146875 0.607812 0.167187 0.564063 0.187500 0.529687 0.190625 0.503125 0.181250 0.484375 0.182812 0.484375 0.209375 0.492188 0.212500 0.496875 0.223438 0.514062 0.215625 0.525000 0.201563 0.546875 0.204687 0.551562 0.209375 0.542188 0.242188 0.518750 0.265625 0.512500 0.282813 0.495312 0.304688 0.484375 0.310937 0.484375 0.351562 0.490625 0.351562 0.514062 0.370312 0.521875 0.367188 0.617188 0.265625 0.626563 0.257812 0.650000 0.254688 0.676562 0.265625 0.701562 0.284375 0.767188 0.348438 0.784375 0.370312 0.784375 0.376563 0.826562 0.376563 0.826562 0.332813 0.817187 0.329688 0.787500 0.287500 0.759375 0.203125 0.728125 0.134375
0 0.282813 0.371875 0.244520 0.363125 0.220312 0.371875 0.203178 0.387828 0.196875 0.407813 0.185938 0.498437 0.184375 0.506250 0.183012 0.546136 0.178125 0.648438 0.214062 0.675000 0.235937 0.676562 0.284375 0.656250 0.423438 0.579688 0.450000 0.557813 0.462500 0.532813 0.464062 0.518750 0.464062 0.504687 0.460938 0.457813 0.443750 0.434375 0.387500 0.407813 0.293750 0.379688 0.290625 0.371875
3 0.311123 0.404956 0.248623 0.404956 0.234561 0.422144 0.232998 0.447144 0.222061 0.475269 0.214344 0.526527 0.205878 0.551155 0.201259 0.594255 0.205878 0.641203 0.213189 0.658134 0.225119 0.669680 0.248623 0.672144 0.292373 0.647144 0.412686 0.584644 0.431436 0.572144 0.449467 0.560006 0.461397 0.535762 0.459472 0.484197 0.439248 0.458081 0.429873 0.448706 0.403311 0.436206 0.320498 0.412769 0.318936 0.404956
1 0.237500 0.181250 0.240625 0.210938 0.225000 0.306250 0.237500 0.337500 0.401562 0.396875 0.423438 0.396875 0.446875 0.385937 0.456250 0.368750 0.462500 0.251563 0.457813 0.243750 0.454688 0.168750 0.442188 0.150000 0.398438 0.145313 0.268750 0.154688 0.246875 0.167187
