7 0.610000 0.628125 0.575000 0.628125 0.571875 0.635938 0.553125 0.651563 0.546875 0.651563 0.546875 0.815625 0.551562 0.815625 0.565625 0.834375 0.585938 0.845313 0.587500 0.851562 0.601562 0.851562 0.603125 0.845313 0.621875 0.837500 0.665625 0.834375 0.695312 0.823438 0.731250 0.782813 0.759375 0.729688 0.782813 0.712500 0.782813 0.701562 0.729688 0.667188 0.640625 0.643750 0.621875 0.635938 0.618750 0.628125
4 0.483333 0.590625 0.439063 0.590625 0.435937 0.598437 0.393750 0.621875 0.282813 0.659375 0.245312 0.678125 0.203125 0.706250 0.184375 0.726562 0.178125 0.726562 0.178125 0.781250 0.184375 0.782813 0.206250 0.825000 0.253125 0.864062 0.275000 0.868750 0.446875 0.864062 0.465625 0.860938 0.493750 0.842187 0.514062 0.810937 0.520312 0.725000 0.526563 0.723437 0.526563 0.710938 0.520312 0.709375 0.517188 0.626563 0.501563 0.603125 0.492188 0.596875 0.492188 0.590625
2 0.252344 0.378125 0.209375 0.378125 0.190625 0.418750 0.184375 0.420312 0.184375 0.640625 0.190625 0.640625 0.210938 0.656250 0.214062 0.664062 0.245312 0.664062 0.246875 0.657813 0.406250 0.579688 0.428125 0.559375 0.437500 0.528125 0.435937 0.471875 0.421875 0.451562 0.398438 0.435937 0.293750 0.400000 0.264062 0.385937 0.260937 0.378125
0 0.429688 0.592187 0.364063 0.626563 0.240625 0.679688 0.220312 0.696875 0.182812 0.717187 0.165625 0.739062 0.158817 0.818408 0.169788 0.847225 0.192188 0.867188 0.212500 0.873437 0.245312 0.875000 0.378125 0.876563 0.425000 0.876563 0.470313 0.876563 0.501563 0.865625 0.518750 0.840625 0.526563 0.837500 0.526563 0.623437 0.518750 0.620313 0.510938 0.603125 0.496875 0.590625
0 0.594736 0.618056 0.540625 0.648438 0.536114 0.658150 0.534375 0.842187 0.568750 0.871875 0.600000 0.879687 0.745313 0.879687 0.779687 0.868750 0.793481 0.859100 0.807813 0.842187 0.801562 0.712500 0.795312 0.698438 0.778125 0.681250 0.670312 0.645312 0.632812 0.629687
0 0.409316 0.090625 0.212500 0.090625 0.193263 0.109092 0.181127 0.131908 0.176570 0.296786 0.197850 0.330198 0.237500 0.350000 0.371875 0.400000 0.384380 0.405394 0.403125 0.407813 0.415914 0.402061 0.419666 0.391373 0.417859 0.370983 0.437500 0.307812 0.445312 0.237500 0.447588 0.126472 0.422998 0.096628
0 0.740625 0.090625 0.493586 0.095578 0.473438 0.114062 0.464062 0.137500 0.460938 0.289062 0.464062 0.423438 0.462500 0.495312 0.476562 0.539062 0.489063 0.551562 0.539062 0.576562 0.665625 0.618750 0.701562 0.637500 0.776563 0.645312 0.798680 0.618398 0.801562 0.568750 0.793750 0.254688 0.795312 0.246875 0.795312 0.223438 0.795312 0.146875 0.782813 0.115625 0.748437 0.090625
5 0.605938 0.190625 0.573438 0.190625 0.568750 0.198437 0.504687 0.220312 0.468750 0.243750 0.467187 0.259375 0.539062 0.406250 0.553125 0.425000 0.582812 0.440625 0.603125 0.457813 0.612500 0.475000 0.609375 0.489063 0.720313 0.489063 0.720313 0.329688 0.714063 0.328125 0.707812 0.312500 0.695312 0.317188 0.673438 0.296875 0.637500 0.246875 0.614062 0.203125 0.614062 0.190625
5 0.476562 0.278125 0.467187 0.278125 0.467187 0.284375 0.434375 0.321875 0.428125 0.340625 0.415625 0.348438 0.415625 0.382812 0.431250 0.392188 0.487500 0.462500 0.500000 0.471875 0.503125 0.484375 0.512500 0.490625 0.518750 0.503125 0.518750 0.526563 0.526563 0.546875 0.632812 0.584375 0.640625 0.595313 0.659375 0.595313 0.668750 0.581250 0.693750 0.570312 0.707812 0.546875 0.723437 0.468750 0.732812 0.460938 0.732812 0.429688 0.723437 0.429688 0.714063 0.439063 0.709375 0.420312 0.682813 0.401562 0.681250 0.426563 0.693750 0.434375 0.696875 0.445312 0.701562 0.443750 0.706250 0.453125 0.706250 0.464062 0.695312 0.470313 0.698438 0.478125 0.687500 0.482812 0.553125 0.421875 0.517188 0.357812 0.485938 0.278125
1 0.407500 0.103125 0.293750 0.103125 0.292187 0.109375 0.284375 0.110937 0.240625 0.110937 0.215625 0.121875 0.196875 0.145313 0.190625 0.145313 0.190625 0.307812 0.195312 0.307812 0.210938 0.328125 0.370312 0.395313 0.387500 0.400000 0.409375 0.395313 0.409375 0.368750 0.437500 0.307812 0.443750 0.225000 0.442188 0.140625 0.435937 0.123438 0.418750 0.110937 0.415625 0.103125
5 0.626563 0.109375 0.609375 0.115625 0.587500 0.137500 0.582812 0.150000 0.584375 0.185938 0.620313 0.200000 0.637500 0.184375 0.645312 0.160938 0.653125 0.160938 0.664062 0.178125 0.667188 0.198437 0.682813 0.214062 0.682813 0.228125 0.676562 0.234375 0.681250 0.240625 0.673438 0.246875 0.679688 0.259375 0.685937 0.259375 0.689063 0.245312 0.684375 0.239063 0.690625 0.232813 0.685937 0.228125 0.689063 0.220312 0.684375 0.215625 0.684375 0.200000 0.695312 0.181250 0.703125 0.189062 0.706250 0.201563 0.723437 0.378125 0.718750 0.390625 0.704688 0.403125 0.690625 0.396875 0.678125 0.403125 0.657813 0.403125 0.629687 0.432812 0.639062 0.451562 0.664062 0.460938 0.693750 0.446875 0.701562 0.453125 0.692187 0.471875 0.707812 0.498437 0.706250 0.515625 0.678125 0.539062 0.665625 0.539062 0.675000 0.559375 0.662500 0.564063 0.628125 0.553125 0.603125 0.535937 0.584375 0.532813 0.529687 0.501563 0.503125 0.479687 0.492188 0.484375 0.506250 0.500000 0.507812 0.515625 0.517188 0.520312 0.518750 0.532813 0.529687 0.532813 0.523438 0.539062 0.532813 0.551562 0.600000 0.573438 0.710938 0.618750 0.714063 0.626563 0.751563 0.626563 0.773438 0.493750 0.793750 0.298438 0.795312 0.290625 0.801562 0.289062 0.801562 0.259375 0.778125 0.256250 0.773438 0.250000 0.759375 0.193750 0.768750 0.132812 0.757812 0.118750 0.728125 0.110937 0.687500 0.110937 0.671875 0.115625 0.673438 0.120313 0.660937 0.132812 0.662500 0.140625 0.651563 0.145313 0.645312 0.140625 0.648438 0.115625 0.628125 0.109375
0 0.218750 0.365625 0.217188 0.367188 0.214062 0.367188 0.212500 0.368750 0.210938 0.368750 0.209375 0.370312 0.207813 0.370312 0.204687 0.373437 0.203125 0.373437 0.201563 0.375000 0.200000 0.375000 0.196875 0.378125 0.195312 0.378125 0.187500 0.385937 0.187500 0.387500 0.184375 0.390625 0.184375 0.392188 0.182812 0.393750 0.182812 0.395313 0.181250 0.396875 0.181250 0.403125 0.179688 0.404687 0.179688 0.409375 0.178125 0.410938 0.178125 0.417187 0.176563 0.418750 0.176563 0.468750 0.175000 0.470313 0.175000 0.579688 0.173437 0.581250 0.173437 0.640625 0.175000 0.642188 0.175000 0.645312 0.176563 0.646875 0.176563 0.648438 0.179688 0.651563 0.179688 0.653125 0.190625 0.664062 0.192188 0.664062 0.195312 0.667188 0.196875 0.667188 0.198437 0.668750 0.201563 0.668750 0.203125 0.670312 0.207813 0.670312 0.209375 0.671875 0.215625 0.671875 0.217188 0.673438 0.237500 0.673438 0.239063 0.671875 0.242188 0.671875 0.243750 0.670312 0.245312 0.670312 0.246875 0.668750 0.250000 0.668750 0.251563 0.667188 0.253125 0.667188 0.254688 0.665625 0.256250 0.665625 0.257812 0.664062 0.260937 0.664062 0.262500 0.662500 0.264062 0.662500 0.265625 0.660937 0.268750 0.660937 0.270313 0.659375 0.271875 0.659375 0.273438 0.657813 0.276562 0.657813 0.278125 0.656250 0.279687 0.656250 0.281250 0.654687 0.282813 0.654687 0.284375 0.653125 0.287500 0.653125 0.289062 0.651563 0.290625 0.651563 0.292187 0.650000 0.293750 0.650000 0.296875 0.646875 0.298438 0.646875 0.300000 0.645312 0.301563 0.645312 0.303125 0.643750 0.304688 0.643750 0.307812 0.640625 0.309375 0.640625 0.310937 0.639062 0.312500 0.639062 0.314063 0.637500 0.315625 0.637500 0.318750 0.634375 0.320312 0.634375 0.321875 0.632812 0.323437 0.632812 0.325000 0.631250 0.326562 0.631250 0.328125 0.629687 0.329688 0.629687 0.332813 0.626563 0.334375 0.626563 0.337500 0.623437 0.339062 0.623437 0.340625 0.621875 0.342187 0.621875 0.343750 0.620313 0.345313 0.620313 0.346875 0.618750 0.348438 0.618750 0.350000 0.617188 0.351562 0.617188 0.354687 0.614062 0.356250 0.614062 0.357812 0.612500 0.359375 0.612500 0.360938 0.610938 0.362500 0.610938 0.364063 0.609375 0.365625 0.609375 0.367188 0.607812 0.368750 0.607812 0.371875 0.604688 0.373437 0.604688 0.375000 0.603125 0.376563 0.603125 0.379688 0.600000 0.381250 0.600000 0.382812 0.598437 0.384375 0.598437 0.387500 0.595313 0.393750 0.595313 0.395313 0.593750 0.396875 0.593750 0.401562 0.589063 0.403125 0.589063 0.404687 0.587500 0.406250 0.587500 0.409375 0.584375 0.412500 0.584375 0.415625 0.581250 0.417187 0.581250 0.418750 0.579688 0.420312 0.579688 0.426563 0.573438 0.428125 0.573438 0.429688 0.571875 0.429688 0.570312 0.432812 0.567187 0.432812 0.565625 0.434375 0.564063 0.434375 0.562500 0.435937 0.560937 0.435937 0.559375 0.437500 0.557813 0.437500 0.551562 0.439063 0.550000 0.439063 0.545312 0.440625 0.543750 0.440625 0.542188 0.442188 0.540625 0.442188 0.535937 0.443750 0.534375 0.443750 0.512500 0.442188 0.510938 0.442188 0.470313 0.440625 0.468750 0.440625 0.467187 0.439063 0.465625 0.439063 0.462500 0.437500 0.460938 0.437500 0.459375 0.435937 0.457813 0.435937 0.456250 0.426563 0.446875 0.425000 0.446875 0.421875 0.443750 0.420312 0.443750 0.418750 0.442188 0.417187 0.442188 0.414062 0.439063 0.410938 0.439063 0.409375 0.437500 0.406250 0.437500 0.404687 0.435937 0.403125 0.435937 0.401562 0.434375 0.400000 0.434375 0.398438 0.432812 0.395313 0.432812 0.393750 0.431250 0.389062 0.431250 0.387500 0.429688 0.384375 0.429688 0.378125 0.423438 0.376563 0.423438 0.375000 0.421875 0.373437 0.421875 0.371875 0.420312 0.370312 0.420312 0.368750 0.418750 0.367188 0.418750 0.365625 0.417187 0.364063 0.417187 0.362500 0.415625 0.357812 0.415625 0.356250 0.414062 0.353125 0.414062 0.351562 0.412500 0.348438 0.412500 0.346875 0.410938 0.345313 0.410938 0.343750 0.409375 0.342187 0.409375 0.340625 0.407813 0.337500 0.407813 0.335938 0.406250 0.332813 0.406250 0.331250 0.404687 0.329688 0.404687 0.328125 0.403125 0.323437 0.403125 0.321875 0.401562 0.318750 0.401562 0.317188 0.400000 0.315625 0.400000 0.314063 0.398438 0.312500 0.398438 0.307812 0.393750 0.306250 0.393750 0.304688 0.392188 0.301563 0.392188 0.300000 0.390625 0.298438 0.390625 0.296875 0.389062 0.293750 0.389062 0.292187 0.387500 0.290625 0.387500 0.289062 0.385937 0.285938 0.385937 0.284375 0.384375 0.282813 0.384375 0.281250 0.382812 0.276562 0.382812 0.275000 0.381250 0.273438 0.381250 0.271875 0.379688 0.268750 0.379688 0.267188 0.378125 0.265625 0.378125 0.264062 0.376563 0.260937 0.376563 0.259375 0.375000 0.257812 0.375000 0.256250 0.373437 0.253125 0.373437 0.251563 0.371875 0.250000 0.371875 0.248438 0.370312 0.245312 0.370312 0.243750 0.368750 0.242188 0.368750 0.240625 0.367188 0.234375 0.367188 0.232813 0.365625
