1 0.378020 0.003125 0.148438 0.003125 0.137500 0.020313 0.128125 0.021875 0.128125 0.273438 0.167187 0.293750 0.170313 0.301563 0.184375 0.301563 0.189062 0.293750 0.259375 0.273438 0.365625 0.264062 0.390625 0.248438 0.401562 0.228125 0.407813 0.226562 0.405089 0.161141 0.401562 0.076563 0.398438 0.031250 0.385937 0.003125
4 0.827864 0.259375 0.739062 0.259375 0.737500 0.265625 0.709375 0.278125 0.645312 0.290625 0.621875 0.310937 0.621875 0.665625 0.628125 0.667188 0.648438 0.693750 0.701562 0.717187 0.782813 0.718750 0.807813 0.703125 0.843750 0.695312 0.876563 0.678125 0.876563 0.295312 0.840625 0.268750 0.835938 0.259375
0 0.837133 0.259375 0.706250 0.259375 0.704688 0.265625 0.642188 0.292187 0.629687 0.309375 0.621875 0.312500 0.621875 0.673438 0.626563 0.673438 0.657813 0.709375 0.698438 0.725000 0.735938 0.732812 0.737500 0.739062 0.792188 0.739062 0.793750 0.732812 0.832812 0.726562 0.876563 0.709375 0.876563 0.281250 0.848437 0.267188 0.845313 0.259375
7 0.808437 0.028125 0.773438 0.028125 0.771875 0.034375 0.751563 0.048438 0.689063 0.042188 0.659375 0.059375 0.659375 0.200000 0.667188 0.203125 0.670312 0.214062 0.682813 0.228125 0.704688 0.239063 0.706250 0.245312 0.725000 0.245312 0.731250 0.237500 0.815625 0.235937 0.831250 0.223438 0.846875 0.201563 0.851562 0.185938 0.857812 0.184375 0.857812 0.162500 0.851562 0.160938 0.840625 0.121875 0.829688 0.109375 0.837500 0.085938 0.835938 0.062500 0.817187 0.028125
0 0.792091 0.003125 0.673438 0.003125 0.668750 0.015625 0.659375 0.020313 0.659375 0.206250 0.700000 0.240625 0.723437 0.245312 0.767188 0.243750 0.787500 0.237500 0.842187 0.242188 0.876563 0.226562 0.876563 0.079687 0.874953 0.068203 0.862748 0.042259 0.826136 0.012753 0.803125 0.010937 0.800000 0.003125
0 0.383784 0.288517 0.330900 0.285973 0.246875 0.298438 0.170313 0.326562 0.121875 0.356250 0.121875 0.650000 0.128125 0.650000 0.137500 0.662500 0.170313 0.685937 0.240625 0.710938 0.267188 0.712500 0.285027 0.716297 0.391039 0.717562 0.406250 0.712500 0.482812 0.695312 0.578125 0.684375 0.598437 0.667188 0.606250 0.651563 0.614062 0.648438 0.614062 0.378125 0.607812 0.376563 0.596875 0.340625 0.579688 0.323437 0.560937 0.314063 0.464062 0.306250 0.425000 0.298438 0.412769 0.293095
0 0.700011 0.750644 0.673438 0.781250 0.669320 0.793994 0.669681 0.926011 0.671875 0.940625 0.681250 0.960938 0.698645 0.978213 0.709348 0.981677 0.777978 0.980416 0.806531 0.976223 0.829688 0.965625 0.861055 0.945156 0.875136 0.924927 0.875000 0.785937 0.871875 0.767188 0.853531 0.743134 0.778922 0.749119
0 0.200027 0.710623 0.159223 0.712791 0.148438 0.720313 0.128125 0.734375 0.128125 0.975000 0.134375 0.976562 0.145313 0.998437 0.409375 0.998437 0.418750 0.978125 0.426563 0.975000 0.424981 0.799422 0.420312 0.779687 0.407813 0.753125 0.382812 0.735938 0.273438 0.729688 0.221875 0.717187 0.214470 0.713152
5 0.283483 0.328125 0.231250 0.328125 0.228125 0.335938 0.165625 0.350000 0.165625 0.357812 0.171875 0.357812 0.446875 0.528125 0.473438 0.526563 0.495312 0.532813 0.496875 0.539062 0.532813 0.539062 0.543750 0.385937 0.545312 0.371875 0.551562 0.370312 0.551562 0.350000 0.545312 0.348438 0.540625 0.335938 0.526563 0.334375 0.525000 0.328125 0.398438 0.328125 0.396875 0.334375 0.318750 0.337500 0.293750 0.334375 0.292187 0.328125
6 0.845066 0.746875 0.700000 0.746875 0.679688 0.773438 0.671875 0.775000 0.671875 0.937500 0.678125 0.937500 0.696875 0.953125 0.718750 0.957812 0.720313 0.964063 0.750000 0.964063 0.753125 0.956250 0.793750 0.951562 0.853125 0.907813 0.867188 0.881250 0.876563 0.876563 0.876563 0.773438 0.871875 0.773438 0.853125 0.753125 0.853125 0.746875
0 0.562538 0.703464 0.483264 0.708855 0.468750 0.714063 0.440625 0.737500 0.440625 0.971875 0.449520 0.988878 0.462500 0.998437 0.587500 0.998437 0.622350 0.990138 0.644388 0.974075 0.654461 0.961477 0.657813 0.951562 0.655720 0.767217 0.648905 0.742555 0.634375 0.728125 0.615625 0.717187 0.605666 0.710392
0 0.609308 0.000000 0.435937 0.000000 0.431250 0.014063 0.421875 0.018750 0.422892 0.228433 0.428125 0.240625 0.442188 0.267188 0.460938 0.282813 0.496875 0.292187 0.567187 0.290625 0.618750 0.271875 0.637500 0.253125 0.645312 0.223438 0.645312 0.193750 0.648158 0.178088 0.647141 0.088044 0.645312 0.070312 0.643072 0.032373 0.629852 0.003886
5 0.165625 0.421875 0.165625 0.671875 0.170313 0.671875 0.178125 0.684375 0.190625 0.687500 0.193750 0.695312 0.218750 0.695312 0.220312 0.689063 0.285938 0.671875 0.332813 0.650000 0.393750 0.606250 0.417187 0.579688 0.421875 0.568750 0.412500 0.557813 0.209375 0.448437 0.176563 0.429688 0.173437 0.421875
0 0.388970 0.003125 0.128125 0.003125 0.128125 0.276562 0.150008 0.290981 0.168314 0.296578 0.189670 0.298613 0.201563 0.293750 0.245981 0.278772 0.302933 0.270123 0.347173 0.268089 0.378191 0.263511 0.393750 0.248438 0.401562 0.237500 0.407813 0.207813 0.407309 0.048700 0.402733 0.018177
1 0.591875 0.709375 0.478125 0.709375 0.476562 0.715625 0.440625 0.739062 0.440625 0.967187 0.451562 0.975000 0.454688 0.989062 0.568750 0.989062 0.568750 0.982812 0.581250 0.975000 0.609375 0.976562 0.632812 0.970313 0.607812 0.960938 0.603125 0.945312 0.612500 0.932813 0.640625 0.931250 0.643750 0.926562 0.642188 0.751563 0.632812 0.732812 0.601562 0.715625 0.600000 0.709375
2 0.561452 0.022345 0.447591 0.016650 0.434375 0.031250 0.428020 0.064350 0.429444 0.213742 0.432812 0.251563 0.454688 0.276562 0.490625 0.287500 0.503097 0.291155 0.537967 0.291511 0.551562 0.289062 0.601562 0.275000 0.625000 0.257812 0.629411 0.229928 0.629411 0.217112 0.628344 0.203583 0.628344 0.060647 0.621875 0.040625 0.613756 0.034805 0.596677 0.028397 0.579242 0.026261
6 0.190625 0.712500 0.189062 0.714063 0.175000 0.714063 0.173437 0.715625 0.167187 0.715625 0.164062 0.718750 0.162500 0.718750 0.159375 0.721875 0.157812 0.721875 0.154688 0.725000 0.153125 0.725000 0.150000 0.728125 0.148438 0.728125 0.146875 0.729688 0.146875 0.731250 0.139063 0.739062 0.139063 0.740625 0.137500 0.742188 0.135937 0.742188 0.126562 0.751563 0.126562 0.754687 0.125000 0.756250 0.125000 0.776563 0.126562 0.778125 0.126562 0.798438 0.128125 0.800000 0.129688 0.800000 0.131250 0.801562 0.142187 0.801562 0.145313 0.804688 0.145313 0.806250 0.146875 0.807813 0.146875 0.826562 0.148438 0.828125 0.148438 0.831250 0.146875 0.832812 0.146875 0.839063 0.148438 0.840625 0.148438 0.843750 0.150000 0.845313 0.148438 0.846875 0.148438 0.848437 0.146875 0.850000 0.146875 0.868750 0.145313 0.870313 0.145313 0.873437 0.139063 0.879687 0.139063 0.893750 0.137500 0.895312 0.137500 0.901563 0.135937 0.903125 0.135937 0.904687 0.134375 0.906250 0.134375 0.909375 0.132812 0.910937 0.132812 0.917188 0.131250 0.918750 0.131250 0.920312 0.129688 0.921875 0.131250 0.923438 0.131250 0.925000 0.129688 0.926562 0.129688 0.928125 0.128125 0.929688 0.128125 0.939063 0.126562 0.940625 0.126562 0.945312 0.128125 0.946875 0.128125 0.954688 0.129688 0.956250 0.129688 0.959375 0.132812 0.962500 0.132812 0.964063 0.134375 0.965625 0.134375 0.967187 0.135937 0.968750 0.135937 0.970313 0.137500 0.971875 0.137500 0.973437 0.142187 0.978125 0.142187 0.979688 0.143750 0.981250 0.143750 0.982812 0.145313 0.984375 0.145313 0.985938 0.146875 0.987500 0.146875 0.989062 0.154688 0.996875 0.157812 0.996875 0.159375 0.998437 0.382812 0.998437 0.382812 0.996875 0.385937 0.993750 0.385937 0.987500 0.382812 0.984375 0.382812 0.979688 0.385937 0.976562 0.389062 0.976562 0.392188 0.973437 0.393750 0.973437 0.392188 0.971875 0.392188 0.965625 0.390625 0.965625 0.389062 0.964063 0.389062 0.962500 0.390625 0.960938 0.393750 0.960938 0.393750 0.953125 0.392188 0.951562 0.389062 0.951562 0.389062 0.953125 0.387500 0.954688 0.384375 0.954688 0.382812 0.953125 0.382812 0.951562 0.381250 0.950000 0.381250 0.945312 0.382812 0.943750 0.384375 0.943750 0.384375 0.942187 0.387500 0.939063 0.387500 0.935937 0.390625 0.932813 0.390625 0.931250 0.396875 0.925000 0.398438 0.925000 0.400000 0.923438 0.403125 0.923438 0.404687 0.921875 0.409375 0.921875 0.410938 0.920312 0.414062 0.920312 0.417187 0.917188 0.417187 0.915625 0.418750 0.914062 0.418750 0.909375 0.420312 0.907813 0.420312 0.876563 0.418750 0.875000 0.418750 0.862500 0.417187 0.860938 0.417187 0.856250 0.415625 0.854688 0.415625 0.851562 0.417187 0.850000 0.417187 0.846875 0.415625 0.845313 0.415625 0.834375 0.414062 0.832812 0.414062 0.826562 0.415625 0.825000 0.415625 0.809375 0.417187 0.807813 0.417187 0.801562 0.418750 0.800000 0.418750 0.798438 0.417187 0.796875 0.417187 0.790625 0.418750 0.789062 0.418750 0.784375 0.417187 0.782813 0.417187 0.775000 0.415625 0.773438 0.415625 0.771875 0.414062 0.770312 0.414062 0.767188 0.409375 0.762500 0.409375 0.760938 0.407813 0.759375 0.407813 0.757812 0.400000 0.750000 0.398438 0.750000 0.392188 0.743750 0.389062 0.743750 0.387500 0.742188 0.385937 0.742188 0.384375 0.740625 0.382812 0.740625 0.381250 0.739062 0.379688 0.739062 0.378125 0.737500 0.367188 0.737500 0.365625 0.735938 0.364063 0.735938 0.362500 0.737500 0.357812 0.737500 0.356250 0.735938 0.340625 0.735938 0.339062 0.734375 0.334375 0.734375 0.332813 0.735938 0.331250 0.735938 0.329688 0.737500 0.325000 0.737500 0.323437 0.735938 0.317188 0.735938 0.315625 0.737500 0.312500 0.737500 0.310937 0.735938 0.295312 0.735938 0.293750 0.734375 0.290625 0.734375 0.289062 0.735938 0.285938 0.735938 0.284375 0.734375 0.275000 0.734375 0.273438 0.732812 0.270313 0.732812 0.268750 0.731250 0.265625 0.731250 0.264062 0.729688 0.257812 0.729688 0.256250 0.728125 0.246875 0.728125 0.245312 0.726562 0.242188 0.726562 0.240625 0.725000 0.234375 0.725000 0.232813 0.723437 0.229687 0.723437 0.228125 0.721875 0.225000 0.721875 0.223438 0.720313 0.217188 0.720313 0.215625 0.718750 0.212500 0.718750 0.210938 0.717187 0.209375 0.717187 0.207813 0.715625 0.203125 0.715625 0.201563 0.714063 0.193750 0.714063 0.192188 0.712500
2 0.443750 0.745313 0.445312 0.953125 0.464062 0.964063 0.628125 0.965625 0.643750 0.959375 0.643750 0.756250 0.635938 0.735938 0.621875 0.721875 0.581250 0.707812 0.507812 0.706250 0.464062 0.721875
