1 0.412416 0.003125 0.128125 0.003125 0.128125 0.221875 0.134375 0.223438 0.143750 0.251563 0.162500 0.271875 0.181250 0.281250 0.184375 0.289062 0.217188 0.289062 0.220312 0.281250 0.285938 0.260937 0.325000 0.254688 0.385937 0.253125 0.414062 0.232813 0.426563 0.200000 0.420312 0.003125
0 0.649941 0.003125 0.453125 0.003125 0.459375 0.221875 0.476562 0.257812 0.489063 0.268750 0.510938 0.276562 0.600000 0.275000 0.640625 0.256250 0.656250 0.239063 0.664062 0.220312 0.670312 0.218750 0.662500 0.104688 0.657813 0.003125
0 0.874739 0.709375 0.832812 0.715625 0.820312 0.718750 0.751563 0.720313 0.734375 0.726562 0.709375 0.746875 0.711978 0.931994 0.730844 0.950434 0.762423 0.952073 0.812500 0.945312 0.845313 0.934375 0.865625 0.920312 0.890625 0.890625 0.900000 0.871875 0.906250 0.842187 0.907813 0.756250 0.900000 0.731250 0.882812 0.709375
2 0.631250 0.696875 0.545312 0.696875 0.543750 0.703125 0.518750 0.714063 0.490625 0.739062 0.490625 0.893750 0.512500 0.904687 0.548438 0.900000 0.562500 0.909375 0.578125 0.906250 0.590625 0.915625 0.600000 0.932813 0.585938 0.950000 0.512500 0.948438 0.506250 0.951562 0.506250 0.964063 0.600000 0.964063 0.606250 0.953125 0.601562 0.932813 0.615625 0.910937 0.675000 0.906250 0.681250 0.901563 0.670312 0.732812 0.664062 0.718750 0.642188 0.704688 0.639062 0.696875
8 0.874219 0.715625 0.814063 0.715625 0.814063 0.720313 0.806250 0.723437 0.746875 0.725000 0.732812 0.734375 0.714063 0.756250 0.709375 0.756250 0.709375 0.857812 0.717187 0.860938 0.723437 0.876563 0.739062 0.893750 0.771875 0.901563 0.859375 0.885938 0.878125 0.876563 0.885938 0.862500 0.901563 0.790625 0.907813 0.789062 0.907813 0.771875 0.900000 0.767188 0.896875 0.746875 0.882812 0.715625
7 0.782422 0.015625 0.725000 0.015625 0.721875 0.023438 0.707812 0.029687 0.690625 0.045312 0.684375 0.045312 0.684375 0.187500 0.689063 0.187500 0.701562 0.204687 0.717187 0.214062 0.718750 0.220312 0.726562 0.220312 0.726562 0.215625 0.737500 0.207813 0.762500 0.206250 0.782813 0.195312 0.803125 0.215625 0.803125 0.220312 0.812500 0.220312 0.814063 0.214062 0.829688 0.207813 0.842187 0.196875 0.842187 0.173437 0.829688 0.151562 0.817187 0.114062 0.823438 0.057813 0.790625 0.037500 0.790625 0.015625
0 0.285938 0.285938 0.246875 0.296875 0.196875 0.320312 0.140625 0.364063 0.140625 0.498437 0.145313 0.498437 0.148438 0.506250 0.157812 0.632812 0.170313 0.664062 0.198437 0.687500 0.231250 0.701562 0.276562 0.712500 0.373437 0.720313 0.410938 0.720313 0.476562 0.704688 0.521875 0.682813 0.582812 0.676562 0.612500 0.667188 0.625000 0.659375 0.643750 0.631250 0.652586 0.627998 0.645312 0.526563 0.643750 0.381250 0.632812 0.331250 0.607812 0.304688 0.589063 0.296875 0.498437 0.292187 0.471875 0.285938 0.467187 0.278125 0.464995 0.278203
0 0.426406 0.003125 0.115625 0.003125 0.121875 0.190625 0.123438 0.215625 0.137500 0.259375 0.171875 0.287500 0.187500 0.293750 0.210938 0.293750 0.290625 0.271875 0.382812 0.260937 0.417187 0.246875 0.431250 0.229687 0.442188 0.196875 0.434375 0.003125
4 0.813839 0.240625 0.765625 0.240625 0.760938 0.248438 0.707812 0.264062 0.665625 0.298438 0.659375 0.298438 0.659375 0.610938 0.665625 0.612500 0.668750 0.643750 0.676562 0.664062 0.689063 0.675000 0.742188 0.693750 0.798438 0.692187 0.831250 0.682813 0.867188 0.639062 0.884375 0.589063 0.895312 0.581250 0.895312 0.543750 0.889062 0.542188 0.878125 0.495312 0.881250 0.417187 0.887500 0.395313 0.875000 0.357812 0.871875 0.281250 0.859375 0.262500 0.825000 0.248438 0.821875 0.240625
5 0.321094 0.303125 0.312500 0.303125 0.310937 0.309375 0.276562 0.312500 0.239063 0.323437 0.165625 0.354687 0.165625 0.406250 0.173437 0.412500 0.181250 0.468750 0.181250 0.590625 0.175000 0.607812 0.175000 0.635938 0.181250 0.646875 0.206250 0.656250 0.209375 0.664062 0.237500 0.664062 0.237500 0.657813 0.260937 0.635938 0.470313 0.464062 0.495312 0.439063 0.514062 0.398438 0.542188 0.367188 0.589063 0.340625 0.589063 0.314063 0.582812 0.314063 0.578125 0.303125 0.493750 0.303125 0.492188 0.309375 0.417187 0.315625 0.342187 0.310937 0.331250 0.309375 0.329688 0.303125
3 0.634309 0.000000 0.453125 0.000000 0.453125 0.157812 0.459375 0.159375 0.467187 0.232813 0.476562 0.251563 0.490625 0.264062 0.537500 0.276562 0.539062 0.282813 0.556250 0.282813 0.557813 0.276562 0.615625 0.264062 0.635938 0.253125 0.646875 0.240625 0.656250 0.209375 0.664062 0.204687 0.664062 0.128125 0.657813 0.126562 0.653125 0.109375 0.651563 0.029687 0.642188 0.000000
0 0.734375 0.242188 0.685937 0.262500 0.653125 0.287500 0.659375 0.545312 0.662500 0.642188 0.670312 0.667188 0.682813 0.679688 0.740625 0.700000 0.776563 0.701562 0.846875 0.695312 0.881250 0.678125 0.893750 0.664062 0.901563 0.637500 0.901563 0.585938 0.895312 0.487500 0.892188 0.293750 0.884375 0.267188 0.857812 0.246875
0 0.215625 0.728125 0.214062 0.734375 0.203125 0.737500 0.172739 0.764912 0.171875 0.968750 0.176331 0.996783 0.185938 0.998437 0.467294 0.998437 0.467187 0.978125 0.475000 0.926562 0.476562 0.885938 0.470313 0.792188 0.459375 0.760938 0.423438 0.740625 0.303125 0.735938 0.296875 0.734375
0 0.840328 0.003125 0.678125 0.003125 0.685937 0.182812 0.695312 0.203125 0.707812 0.215625 0.723437 0.220312 0.729688 0.220312 0.789062 0.214062 0.820312 0.220312 0.842187 0.220312 0.865625 0.214062 0.881250 0.198437 0.889062 0.175000 0.889062 0.093750 0.882812 0.060937 0.848437 0.003125
5 0.576042 0.465625 0.556250 0.465625 0.553125 0.473438 0.534375 0.476562 0.512500 0.490625 0.456250 0.546875 0.409375 0.584375 0.368750 0.626563 0.364063 0.637500 0.334375 0.651563 0.334375 0.675000 0.382812 0.675000 0.445312 0.665625 0.531250 0.667188 0.564063 0.664062 0.576562 0.657813 0.589063 0.639062 0.593750 0.615625 0.585938 0.465625
0 0.639972 0.693900 0.566559 0.693900 0.528125 0.704688 0.490625 0.731250 0.496875 0.953125 0.506809 0.976662 0.536339 0.986088 0.570312 0.987500 0.634375 0.979688 0.675000 0.956250 0.689063 0.942187 0.695312 0.926562 0.695312 0.875000 0.692187 0.857812 0.689063 0.743750 0.676562 0.717187 0.657813 0.701562
4 0.263170 0.728125 0.210938 0.728125 0.181250 0.765625 0.171875 0.770312 0.171875 0.890625 0.207813 0.900000 0.215625 0.910937 0.215625 0.939063 0.193750 0.956250 0.203125 0.998437 0.409375 0.998437 0.429688 0.962500 0.423438 0.943750 0.423438 0.920312 0.448437 0.900000 0.476562 0.893750 0.476562 0.840625 0.470313 0.839063 0.464062 0.775000 0.450000 0.759375 0.420312 0.742188 0.303125 0.740625 0.276562 0.735938 0.271875 0.728125
