7 0.176406 0.078125 0.104688 0.078125 0.075000 0.112500 0.067187 0.135937 0.028125 0.165625 0.028125 0.250000 0.032813 0.250000 0.053125 0.273438 0.107813 0.279687 0.139063 0.271875 0.165625 0.282813 0.167187 0.289062 0.198437 0.289062 0.200000 0.282813 0.229687 0.278125 0.251563 0.259375 0.257812 0.259375 0.257812 0.190625 0.251563 0.189062 0.257812 0.187500 0.257812 0.162500 0.251563 0.160938 0.235937 0.125000 0.195312 0.093750 0.184375 0.078125
0 0.248277 0.303125 0.043683 0.293908 0.009497 0.315431 0.000000 0.328125 0.000000 0.506250 0.039062 0.521875 0.109375 0.526563 0.248438 0.526563 0.271875 0.521875 0.290625 0.510938 0.301563 0.495312 0.312741 0.475602 0.317173 0.418623 0.308309 0.362280 0.297547 0.326827 0.280455 0.310367
0 0.223477 0.540808 0.032288 0.537642 0.003125 0.546875 0.003125 0.843750 0.065625 0.862500 0.237500 0.860938 0.275000 0.850000 0.300000 0.829688 0.312500 0.803125 0.312500 0.779687 0.292187 0.706250 0.284375 0.606250 0.273438 0.570312 0.253125 0.546875
0 0.548286 0.071875 0.327934 0.061567 0.309375 0.071875 0.292187 0.103125 0.284375 0.106250 0.284375 0.243750 0.292187 0.248438 0.314063 0.304688 0.329688 0.321875 0.364063 0.334375 0.573438 0.342187 0.612500 0.345313 0.673438 0.345313 0.706250 0.339062 0.729688 0.325000 0.741969 0.311633 0.757812 0.276562 0.757812 0.126562 0.735637 0.096386 0.715380 0.084991 0.556250 0.071875
0 0.671837 0.359375 0.370984 0.348984 0.345028 0.374941 0.339062 0.398438 0.331250 0.500000 0.323437 0.528125 0.301978 0.655395 0.304511 0.683884 0.317173 0.730098 0.332813 0.762500 0.343750 0.792188 0.359375 0.821875 0.382812 0.845313 0.423438 0.856250 0.642188 0.851562 0.667188 0.840625 0.696875 0.806250 0.734375 0.718750 0.743750 0.656250 0.745313 0.650000 0.737537 0.551570 0.715625 0.454688 0.714063 0.404687 0.701562 0.379688 0.689423 0.366078
0 0.193089 0.048905 0.106358 0.047006 0.068372 0.063466 0.053125 0.075000 0.032813 0.098437 0.009375 0.154688 0.003125 0.156250 0.003125 0.250000 0.031250 0.270313 0.056250 0.281250 0.139063 0.282813 0.229687 0.282813 0.243750 0.278125 0.257812 0.264062 0.268750 0.240625 0.268750 0.104688 0.262500 0.084375 0.245312 0.065625 0.231250 0.053125
0 0.959114 0.328125 0.773438 0.328125 0.754437 0.341828 0.743750 0.364063 0.739041 0.378609 0.730487 0.417956 0.728125 0.460938 0.733481 0.482964 0.740625 0.496875 0.756250 0.520312 0.779687 0.534375 0.798438 0.539062 0.979688 0.537500 0.998437 0.534375 0.998437 0.348438 0.987955 0.335841 0.967187 0.328125
0 0.835180 0.086927 0.795312 0.096875 0.783539 0.111025 0.771875 0.125000 0.771875 0.276562 0.776563 0.276562 0.801562 0.303125 0.831250 0.310937 0.953125 0.314063 0.971875 0.310937 0.998437 0.287500 0.998437 0.198437 0.990625 0.165625 0.960938 0.128125 0.943750 0.114062 0.941900 0.106894 0.918750 0.096875
8 0.918359 0.109375 0.828125 0.109375 0.828125 0.114062 0.815625 0.121875 0.778125 0.128125 0.778125 0.281250 0.784375 0.281250 0.801562 0.300000 0.818750 0.306250 0.821875 0.314063 0.964063 0.314063 0.967187 0.306250 0.989062 0.292187 0.989062 0.240625 0.982812 0.239063 0.967187 0.175000 0.926562 0.109375
4 0.526383 0.071875 0.326562 0.071875 0.326562 0.076563 0.301563 0.096875 0.290625 0.120313 0.284375 0.121875 0.284375 0.228125 0.292187 0.231250 0.300000 0.264062 0.317188 0.303125 0.337500 0.321875 0.368750 0.332813 0.657813 0.343750 0.685937 0.342187 0.707812 0.334375 0.728125 0.317188 0.739062 0.287500 0.745313 0.206250 0.751563 0.179688 0.742188 0.143750 0.726562 0.126562 0.676562 0.098437 0.567187 0.084375 0.535937 0.078125 0.534375 0.071875
0 0.996294 0.559081 0.948786 0.553745 0.848261 0.550303 0.801441 0.554433 0.786983 0.562008 0.767703 0.577155 0.761506 0.598498 0.761506 0.623286 0.763572 0.653581 0.761506 0.683188 0.751867 0.719680 0.737409 0.769941 0.738786 0.807122 0.758064 0.834662 0.784228 0.854630 0.835867 0.853941 0.980458 0.851187 0.998437 0.843614
1 0.010937 0.562500 0.000000 0.571875 0.000000 0.817187 0.031250 0.837500 0.070312 0.850000 0.254688 0.850000 0.287500 0.832812 0.303125 0.807813 0.304688 0.778125 0.284375 0.695312 0.282813 0.606250 0.262500 0.567187 0.225000 0.554688 0.056250 0.553125
2 0.010937 0.368750 0.006250 0.481250 0.010937 0.503125 0.021875 0.514062 0.045312 0.520312 0.257812 0.523438 0.292187 0.507812 0.307812 0.484375 0.312500 0.423438 0.303125 0.368750 0.289062 0.337500 0.268750 0.320312 0.040625 0.314063 0.025000 0.328125
2 0.732812 0.417187 0.732812 0.460938 0.742188 0.500000 0.770312 0.528125 0.793750 0.534375 0.968750 0.535937 0.987500 0.523438 0.982812 0.395313 0.978125 0.382812 0.950000 0.362500 0.760938 0.356250 0.750000 0.362500 0.739062 0.382812
6 0.993778 0.567584 0.818539 0.565641 0.798780 0.570498 0.783880 0.579569 0.768331 0.599975 0.764062 0.660937 0.748437 0.735938 0.741423 0.760345 0.737484 0.783138 0.740625 0.806250 0.750000 0.810937 0.759375 0.828125 0.771875 0.835938 0.787500 0.837500 0.870313 0.835938 0.895312 0.828125 0.957812 0.834375 0.979688 0.825000 0.998437 0.792188 0.998437 0.568880
5 0.345313 0.737500 0.346875 0.776563 0.351562 0.787500 0.360938 0.787500 0.385937 0.737500 0.550000 0.493750 0.546875 0.459375 0.479687 0.487500 0.440625 0.521875 0.368750 0.645312
5 0.429688 0.781250 0.420312 0.806250 0.520312 0.810937 0.618750 0.825000 0.670312 0.806250 0.692969 0.775000 0.710938 0.768750 0.696875 0.635938 0.689063 0.390625 0.671875 0.390625 0.671875 0.421875 0.640625 0.479687 0.584375 0.518750
5 0.331250 0.582812 0.331250 0.696875 0.332813 0.723437 0.337500 0.726562 0.381250 0.604688 0.403125 0.562500 0.462500 0.498437 0.509375 0.470313 0.546875 0.456250 0.575000 0.403125 0.553125 0.395313 0.490625 0.390625 0.362500 0.395313 0.353125 0.404687
