1 0.487395 0.484375 0.402645 0.487892 0.370312 0.492188 0.289062 0.504687 0.173437 0.543750 0.121875 0.570312 0.127022 0.866489 0.128125 0.871875 0.175270 0.930339 0.208194 0.960034 0.212500 0.973437 0.275000 0.998437 0.517188 0.998437 0.535937 0.975000 0.548438 0.950000 0.540625 0.889062 0.542188 0.864062 0.550000 0.853125 0.557813 0.853125 0.557813 0.818750 0.551562 0.818750 0.543750 0.807813 0.539062 0.776563 0.540625 0.554688 0.528125 0.518750 0.507812 0.495312 0.495312 0.489063 0.495312 0.484375
0 0.485817 0.478125 0.390625 0.478125 0.384375 0.485938 0.298438 0.501563 0.232813 0.520312 0.162500 0.546875 0.123570 0.570394 0.127023 0.912803 0.151184 0.942488 0.189153 0.968030 0.210938 0.975000 0.265625 0.998437 0.518750 0.998437 0.535937 0.971875 0.545312 0.940625 0.543750 0.870313 0.548438 0.856250 0.543750 0.843750 0.539062 0.776563 0.540625 0.554688 0.520312 0.506250 0.493750 0.482812 0.493750 0.478125
5 0.562109 0.059375 0.471875 0.059375 0.468750 0.070312 0.470313 0.128125 0.459375 0.265625 0.440625 0.357812 0.434375 0.359375 0.434375 0.367188 0.440625 0.368750 0.434375 0.371875 0.434375 0.445312 0.450000 0.453125 0.607812 0.462500 0.635938 0.453125 0.700000 0.417187 0.765625 0.364063 0.795312 0.354687 0.818750 0.331250 0.843750 0.282813 0.862500 0.204687 0.870313 0.201563 0.870313 0.162500 0.839063 0.146875 0.835938 0.132812 0.840625 0.114062 0.832812 0.109375 0.770312 0.098437 0.689063 0.092188 0.576562 0.067187 0.570312 0.059375
0 0.551409 0.024663 0.464164 0.020431 0.367188 0.029687 0.243750 0.064062 0.209375 0.084375 0.182812 0.109375 0.164062 0.137500 0.145313 0.184375 0.129688 0.290625 0.123169 0.360525 0.121875 0.473438 0.134003 0.493387 0.157812 0.507812 0.182812 0.512500 0.315625 0.476562 0.454688 0.462500 0.548438 0.465625 0.634375 0.476562 0.767188 0.506250 0.814063 0.525000 0.835938 0.521875 0.864062 0.496875 0.870313 0.496875 0.870313 0.254688 0.864062 0.253125 0.862500 0.207813 0.856250 0.201563 0.850000 0.176563 0.851562 0.167187 0.846875 0.142187 0.837500 0.125000 0.804688 0.107813 0.762962 0.088528 0.727039 0.070850 0.693395 0.062297 0.657813 0.053125 0.571875 0.029687
5 0.338369 0.115625 0.270313 0.115625 0.268750 0.145313 0.218750 0.257812 0.190625 0.379688 0.178125 0.415625 0.171875 0.417187 0.171875 0.465625 0.203125 0.470313 0.204687 0.476562 0.231250 0.476562 0.232813 0.470313 0.235937 0.476562 0.265625 0.476562 0.264062 0.464062 0.268750 0.459375 0.256250 0.440625 0.256250 0.425000 0.271875 0.364063 0.320312 0.235937 0.350000 0.134375 0.357812 0.131250 0.346875 0.115625
0 0.655444 0.498291 0.632606 0.496739 0.607812 0.503125 0.590625 0.514062 0.575177 0.528003 0.565625 0.542188 0.565625 0.954688 0.579169 0.984773 0.600000 0.998437 0.710938 0.998437 0.790625 0.962500 0.823438 0.940625 0.850000 0.912500 0.864062 0.890625 0.873437 0.842187 0.876563 0.679688 0.871875 0.589063 0.853125 0.571875 0.826562 0.557813 0.756250 0.526563 0.679688 0.504687 0.670522 0.502061
5 0.372656 0.084375 0.364063 0.084375 0.351562 0.142187 0.323437 0.228125 0.289062 0.325000 0.276562 0.348438 0.268750 0.382812 0.259375 0.389062 0.259375 0.437500 0.276562 0.440625 0.287500 0.457813 0.365625 0.457813 0.370312 0.439063 0.364063 0.415625 0.365625 0.364063 0.400000 0.160938 0.398438 0.103125 0.384375 0.095312 0.381250 0.084375
5 0.443489 0.065625 0.403125 0.065625 0.393750 0.203125 0.373437 0.321875 0.365625 0.328125 0.365625 0.434375 0.384375 0.446875 0.398438 0.450000 0.431250 0.440625 0.443750 0.310937 0.459375 0.259375 0.468750 0.087500 0.465625 0.078125 0.454688 0.073438 0.451562 0.065625
7 0.615625 0.534375 0.596875 0.534375 0.596875 0.539062 0.579688 0.551562 0.578125 0.579688 0.565625 0.590625 0.565625 0.660937 0.573438 0.664062 0.578125 0.684375 0.578125 0.725000 0.571875 0.746875 0.565625 0.748437 0.565625 0.875000 0.573438 0.878125 0.579688 0.906250 0.595313 0.918750 0.646875 0.931250 0.695312 0.931250 0.714063 0.921875 0.726562 0.906250 0.748437 0.901563 0.759375 0.909375 0.768750 0.885938 0.790625 0.870313 0.814063 0.821875 0.832812 0.806250 0.840625 0.773438 0.851562 0.764062 0.845313 0.745313 0.856250 0.725000 0.864062 0.689063 0.870313 0.687500 0.870313 0.656250 0.864062 0.654687 0.850000 0.621875 0.828125 0.601562 0.793750 0.581250 0.784375 0.565625 0.757812 0.573438 0.742188 0.559375 0.709375 0.542188 0.706250 0.534375 0.679688 0.534375 0.676562 0.542188 0.667188 0.545312 0.629687 0.542188 0.625000 0.534375
7 0.615105 0.534375 0.595313 0.534375 0.595313 0.540625 0.581250 0.550000 0.578125 0.579688 0.565625 0.590625 0.565625 0.660937 0.573438 0.664062 0.578125 0.684375 0.578125 0.721875 0.571875 0.746875 0.565625 0.748437 0.565625 0.875000 0.573438 0.878125 0.581250 0.907813 0.596875 0.918750 0.643750 0.931250 0.696875 0.931250 0.714063 0.921875 0.728125 0.904687 0.748437 0.901563 0.760938 0.909375 0.768750 0.885938 0.790625 0.870313 0.814063 0.821875 0.834375 0.804688 0.840625 0.776563 0.854688 0.764062 0.846875 0.745313 0.864062 0.698438 0.870313 0.696875 0.870313 0.654687 0.864062 0.653125 0.851562 0.623437 0.828125 0.601562 0.798438 0.584375 0.784375 0.564063 0.757812 0.573438 0.742188 0.559375 0.709375 0.542188 0.707812 0.534375 0.678125 0.534375 0.675000 0.542188 0.664062 0.545312 0.631250 0.542188 0.625000 0.534375
