0 0.863750 0.196875 0.750000 0.196875 0.734375 0.215625 0.723437 0.239063 0.693750 0.351562 0.683486 0.399806 0.706250 0.428125 0.732812 0.435937 0.807813 0.439063 0.810937 0.439063 0.818750 0.439063 0.821875 0.439063 0.887500 0.428125 0.907531 0.411420 0.914062 0.384375 0.907813 0.284375 0.900617 0.232166 0.884587 0.210183 0.871072 0.197934
4 0.818750 0.459375 0.725000 0.459375 0.725000 0.464062 0.712500 0.471875 0.659375 0.482812 0.659375 0.525000 0.667188 0.526563 0.715625 0.628125 0.737500 0.634375 0.725000 0.645312 0.789062 0.751563 0.818750 0.770312 0.865625 0.775000 0.903125 0.756250 0.910937 0.734375 0.923438 0.717187 0.921875 0.596875 0.901563 0.482812 0.879687 0.467187 0.876563 0.459375 0.840625 0.459375 0.839063 0.465625 0.828125 0.465625 0.826562 0.459375
7 0.807292 0.221875 0.790625 0.221875 0.771875 0.248438 0.742188 0.248438 0.728125 0.264062 0.692187 0.359375 0.684375 0.364063 0.684375 0.409375 0.690625 0.409375 0.706250 0.421875 0.735938 0.426563 0.737500 0.432812 0.750000 0.432812 0.751563 0.426563 0.764062 0.425000 0.826562 0.423438 0.868750 0.417187 0.882812 0.409375 0.882812 0.389062 0.870313 0.351562 0.878125 0.328125 0.889062 0.317188 0.895312 0.317188 0.895312 0.293750 0.889062 0.292187 0.881250 0.262500 0.865625 0.235937 0.856250 0.235937 0.823438 0.254688 0.809375 0.254688 0.804688 0.245312 0.815625 0.221875
2 0.625000 0.534375 0.531250 0.534375 0.531250 0.540625 0.518750 0.553125 0.460938 0.715625 0.453125 0.720313 0.453125 0.757812 0.475000 0.776563 0.485938 0.781250 0.514062 0.775000 0.596875 0.781250 0.703125 0.779687 0.721875 0.773438 0.745313 0.753125 0.745313 0.715625 0.737500 0.712500 0.653125 0.562500 0.632812 0.534375
0 0.889005 0.446875 0.698813 0.448111 0.684375 0.451562 0.661097 0.474492 0.653553 0.514062 0.660937 0.525000 0.676562 0.550000 0.714063 0.631250 0.762500 0.707812 0.789062 0.760938 0.801562 0.776563 0.825000 0.789062 0.906250 0.789062 0.928125 0.779687 0.940625 0.764062 0.939063 0.651563 0.937500 0.639062 0.929688 0.523438 0.920312 0.479687 0.910989 0.462575 0.896875 0.446875
0 0.665598 0.203125 0.220087 0.206017 0.195547 0.227578 0.182008 0.249139 0.174816 0.480764 0.184375 0.492188 0.203125 0.509375 0.220312 0.514062 0.410938 0.510938 0.410967 0.511189 0.481250 0.512500 0.518750 0.514062 0.520312 0.515625 0.528125 0.512500 0.604688 0.501563 0.617188 0.490625 0.631250 0.465625 0.693537 0.281825 0.701562 0.260937 0.701562 0.232813 0.692027 0.221172 0.673438 0.203125
1 0.446875 0.534375 0.235937 0.534375 0.234375 0.540625 0.206250 0.550000 0.192188 0.565625 0.179688 0.596875 0.165625 0.604688 0.165625 0.651563 0.175000 0.653125 0.182812 0.664062 0.185938 0.742188 0.192188 0.760938 0.221875 0.775000 0.262500 0.776563 0.264062 0.782813 0.268750 0.776563 0.285938 0.776563 0.287500 0.782813 0.312500 0.782813 0.314063 0.776563 0.320312 0.776563 0.321875 0.782813 0.368750 0.782813 0.373437 0.775000 0.406250 0.765625 0.417187 0.751563 0.435937 0.704688 0.475000 0.590625 0.482812 0.587500 0.482812 0.565625 0.475000 0.562500 0.454688 0.534375
0 0.453078 0.534375 0.201563 0.534375 0.182812 0.556250 0.174473 0.569638 0.165625 0.582812 0.165625 0.745313 0.171684 0.761431 0.182812 0.776563 0.195570 0.786869 0.206250 0.795312 0.384375 0.795312 0.393895 0.790637 0.407813 0.776563 0.432812 0.737500 0.471875 0.632812 0.482812 0.590625 0.481250 0.567187 0.460938 0.534375
5 0.568489 0.246875 0.479687 0.246875 0.478125 0.256250 0.467187 0.265625 0.439063 0.270313 0.395313 0.298438 0.335938 0.323437 0.332813 0.320312 0.340625 0.304688 0.339062 0.296875 0.307812 0.335938 0.304688 0.356250 0.320312 0.357812 0.382812 0.425000 0.475000 0.500000 0.512500 0.517188 0.529687 0.517188 0.551562 0.503125 0.564063 0.484375 0.571875 0.414062 0.589063 0.342187 0.589063 0.270313 0.576562 0.246875
5 0.290625 0.221875 0.290625 0.228125 0.239063 0.289062 0.210938 0.348438 0.203125 0.350000 0.203125 0.412500 0.250000 0.446875 0.339062 0.495312 0.428125 0.512500 0.454688 0.512500 0.470313 0.504687 0.470313 0.493750 0.404687 0.443750 0.360938 0.400000 0.350000 0.384375 0.342187 0.357812 0.343750 0.320312 0.353125 0.312500 0.365625 0.312500 0.390625 0.300000 0.434375 0.268750 0.443750 0.259375 0.440625 0.245312 0.426563 0.221875 0.398438 0.221875 0.398438 0.226562 0.376563 0.243750 0.365625 0.242188 0.350000 0.229687 0.348438 0.221875 0.331250 0.221875 0.328125 0.229687 0.315625 0.231250 0.303125 0.228125 0.301563 0.221875
0 0.632552 0.528125 0.543750 0.528125 0.510938 0.567187 0.475000 0.645312 0.454688 0.717187 0.446867 0.754556 0.453125 0.768750 0.484375 0.793750 0.546875 0.793750 0.710938 0.792188 0.731250 0.784375 0.757812 0.760938 0.754759 0.729747 0.750000 0.720313 0.662500 0.557813 0.640625 0.528125
