2 0.245052 0.365625 0.204687 0.365625 0.189062 0.390625 0.184375 0.409375 0.178125 0.410938 0.178125 0.626563 0.184375 0.628125 0.193750 0.643750 0.210938 0.651563 0.212500 0.657813 0.231250 0.657813 0.232813 0.651563 0.264062 0.634375 0.309375 0.617188 0.407813 0.564063 0.423438 0.551562 0.432812 0.529687 0.439063 0.528125 0.439063 0.464062 0.432812 0.462500 0.420312 0.439063 0.400000 0.426563 0.271875 0.381250 0.254688 0.371875 0.253125 0.365625
4 0.480730 0.571875 0.439063 0.571875 0.435937 0.579688 0.307812 0.639062 0.290625 0.657813 0.229687 0.679688 0.175000 0.715625 0.167187 0.732812 0.159375 0.735938 0.159375 0.784375 0.173437 0.793750 0.198437 0.853125 0.245312 0.864062 0.267188 0.875000 0.290625 0.876563 0.329688 0.868750 0.364063 0.868750 0.381250 0.860938 0.423438 0.868750 0.440625 0.856250 0.492188 0.846875 0.510938 0.828125 0.517188 0.810937 0.518750 0.743750 0.526563 0.739062 0.526563 0.656250 0.518750 0.650000 0.514062 0.601562 0.489063 0.571875
7 0.597395 0.615625 0.579688 0.615625 0.560937 0.664062 0.553125 0.668750 0.553125 0.809375 0.584375 0.821875 0.650000 0.820312 0.703125 0.787500 0.742188 0.818750 0.753125 0.818750 0.760938 0.798438 0.789062 0.778125 0.782813 0.773438 0.779687 0.739062 0.770312 0.720313 0.714063 0.667188 0.695312 0.656250 0.667188 0.650000 0.621875 0.631250 0.609375 0.625000 0.606250 0.615625
0 0.446875 0.567187 0.318750 0.639062 0.281250 0.651563 0.184375 0.700000 0.164062 0.726562 0.148219 0.742820 0.151562 0.835938 0.176563 0.865625 0.209375 0.876563 0.238608 0.878252 0.246875 0.875000 0.335938 0.871875 0.465625 0.876563 0.509375 0.865625 0.523438 0.850000 0.532813 0.821875 0.528125 0.620313 0.515625 0.587500 0.485938 0.565625
0 0.564063 0.609375 0.540625 0.628125 0.545312 0.835938 0.568750 0.864062 0.595313 0.876563 0.748437 0.876563 0.775000 0.875000 0.801562 0.865625 0.826562 0.832812 0.826562 0.712500 0.815625 0.682813 0.789062 0.660937 0.643750 0.612500
5 0.489063 0.221875 0.489063 0.226562 0.479687 0.235937 0.457813 0.253125 0.453125 0.253125 0.453125 0.307812 0.459375 0.307812 0.478125 0.328125 0.492188 0.335938 0.503125 0.346875 0.551562 0.370312 0.567187 0.373437 0.571875 0.382812 0.595313 0.382812 0.598437 0.370312 0.596875 0.356250 0.568750 0.300000 0.554688 0.284375 0.532813 0.271875 0.518750 0.257812 0.501563 0.221875
5 0.503125 0.346875 0.495312 0.346875 0.495312 0.353125 0.470313 0.376563 0.465625 0.376563 0.465625 0.406250 0.470313 0.406250 0.482812 0.420312 0.515625 0.439063 0.575000 0.482812 0.614062 0.501563 0.615625 0.507812 0.650000 0.507812 0.653125 0.500000 0.670312 0.490625 0.662500 0.485938 0.607812 0.382812 0.528125 0.365625 0.512500 0.357812 0.510938 0.346875
0 0.492188 0.078125 0.478125 0.084375 0.453125 0.106250 0.453125 0.500000 0.470313 0.528125 0.490625 0.543750 0.534375 0.554688 0.665625 0.601562 0.710938 0.618750 0.761380 0.633556 0.800000 0.626563 0.820312 0.596875 0.814063 0.468750 0.812500 0.456250 0.792188 0.117188 0.782813 0.096875 0.757812 0.071875
0 0.247852 0.353125 0.189062 0.353125 0.167187 0.387500 0.159375 0.390625 0.159375 0.634375 0.168750 0.639062 0.184375 0.670312 0.228125 0.670312 0.231250 0.662500 0.267188 0.642188 0.360938 0.598437 0.423438 0.560937 0.442188 0.529687 0.440625 0.456250 0.425000 0.428125 0.404687 0.415625 0.265625 0.364063 0.256250 0.353125
5 0.507292 0.446875 0.465625 0.446875 0.465625 0.504687 0.498437 0.531250 0.698438 0.595313 0.745313 0.596875 0.757812 0.589063 0.754687 0.570312 0.748437 0.562500 0.709375 0.554688 0.670312 0.509375 0.610938 0.500000 0.521875 0.459375 0.515625 0.446875
0 0.407572 0.078125 0.206250 0.078125 0.178125 0.112500 0.171875 0.132812 0.171311 0.297517 0.193750 0.323437 0.367188 0.385937 0.409375 0.387500 0.426563 0.379688 0.437500 0.364063 0.439063 0.235937 0.439063 0.221875 0.437500 0.112500 0.429688 0.096875 0.415625 0.084375
6 0.386458 0.084375 0.368750 0.084375 0.367188 0.092188 0.353125 0.100000 0.232813 0.103125 0.215625 0.112500 0.195312 0.132812 0.192188 0.176563 0.184375 0.181250 0.184375 0.300000 0.217188 0.323437 0.373437 0.381250 0.376563 0.389062 0.398438 0.389062 0.400000 0.382812 0.421875 0.371875 0.431250 0.354687 0.432812 0.334375 0.439063 0.332813 0.439063 0.306250 0.432812 0.304688 0.432812 0.254688 0.439063 0.253125 0.439063 0.200000 0.432812 0.198437 0.429688 0.176563 0.432812 0.145313 0.439063 0.143750 0.439063 0.137500 0.432812 0.135937 0.426563 0.118750 0.398438 0.095312 0.395313 0.084375
5 0.741797 0.078125 0.684375 0.078125 0.681250 0.085938 0.623437 0.106250 0.553125 0.159375 0.553125 0.176563 0.571875 0.185938 0.587500 0.204687 0.595313 0.221875 0.600000 0.262500 0.609375 0.289062 0.667188 0.382812 0.733730 0.498752 0.751563 0.382812 0.756250 0.337500 0.764062 0.331250 0.764062 0.235937 0.754687 0.231250 0.748437 0.207813 0.751563 0.187500 0.745313 0.128125 0.750000 0.078125
