4 0.344792 0.059375 0.328125 0.059375 0.292187 0.107813 0.284375 0.110937 0.284375 0.225000 0.293750 0.232813 0.314063 0.287500 0.331250 0.303125 0.354687 0.310937 0.406250 0.312500 0.412500 0.314063 0.414062 0.320312 0.490625 0.320312 0.492188 0.314063 0.509375 0.312500 0.678125 0.309375 0.698438 0.303125 0.714063 0.287500 0.723437 0.265625 0.729688 0.203125 0.715625 0.159375 0.725000 0.098437 0.707812 0.078125 0.684375 0.070312 0.604688 0.071875 0.542188 0.084375 0.507812 0.084375 0.482812 0.076563 0.468750 0.065625 0.468750 0.059375 0.403125 0.059375 0.395313 0.068750 0.357812 0.067187 0.353125 0.059375
8 0.152864 0.140625 0.112500 0.140625 0.112500 0.145313 0.093750 0.160938 0.085938 0.173437 0.078125 0.176563 0.078125 0.225000 0.085938 0.228125 0.095312 0.245312 0.107813 0.257812 0.134375 0.268750 0.146875 0.267188 0.164062 0.259375 0.182812 0.240625 0.193750 0.218750 0.201563 0.215625 0.201563 0.196875 0.195312 0.195312 0.193750 0.185938 0.185938 0.170313 0.176563 0.157812 0.160938 0.145313 0.160938 0.140625
3 0.945459 0.325694 0.756250 0.321875 0.742188 0.343750 0.732477 0.385072 0.734167 0.440378 0.749373 0.474997 0.767188 0.484375 0.798438 0.495312 0.964063 0.492188 0.991291 0.480380 0.986686 0.431091 0.982884 0.415470 0.977563 0.388598 0.965312 0.349758 0.955173 0.334981
0 0.703094 0.059375 0.332953 0.055061 0.298438 0.084375 0.284375 0.115625 0.280584 0.126950 0.280584 0.205064 0.283628 0.217858 0.285938 0.226562 0.290625 0.251563 0.308595 0.288528 0.334172 0.308631 0.371875 0.317188 0.670312 0.314063 0.710938 0.306250 0.730175 0.295838 0.747834 0.268423 0.757812 0.203125 0.761231 0.189834 0.760623 0.155108 0.757812 0.132812 0.747225 0.088703 0.725912 0.064944 0.710938 0.059375
7 0.840178 0.090625 0.790625 0.090625 0.790625 0.095312 0.778125 0.107813 0.771875 0.107813 0.771875 0.245312 0.776563 0.245312 0.792188 0.260937 0.814063 0.268750 0.889062 0.270313 0.890625 0.276562 0.948438 0.276562 0.948438 0.271875 0.962500 0.260937 0.948438 0.220312 0.920312 0.187500 0.912500 0.171875 0.900000 0.160938 0.878125 0.120313 0.851562 0.098437 0.848437 0.090625
0 0.668750 0.321875 0.379688 0.321875 0.379688 0.326562 0.346875 0.357812 0.337500 0.385937 0.332813 0.468750 0.323437 0.504687 0.315625 0.507812 0.315625 0.643750 0.323437 0.650000 0.332813 0.698438 0.359375 0.776563 0.378125 0.803125 0.401562 0.817187 0.421875 0.823438 0.457813 0.825000 0.571875 0.825000 0.635938 0.818750 0.682813 0.803125 0.709375 0.773438 0.737500 0.690625 0.750000 0.614062 0.750000 0.550000 0.734375 0.485938 0.724606 0.440728 0.717187 0.370312 0.707927 0.351730 0.695694 0.337269 0.676562 0.321875
0 0.990495 0.503125 0.814691 0.506448 0.799095 0.511909 0.792188 0.515625 0.775000 0.531250 0.764062 0.559375 0.760938 0.635938 0.753125 0.687500 0.746875 0.706250 0.743727 0.727575 0.745675 0.759953 0.751134 0.766975 0.771875 0.795312 0.787500 0.800000 0.804944 0.802863 0.883317 0.802863 0.893750 0.801562 0.901563 0.800000 0.998437 0.792188 0.998437 0.503125
0 0.260937 0.521875 0.050000 0.521875 0.026562 0.539062 0.009375 0.559375 0.003125 0.790625 0.021886 0.810808 0.055256 0.836561 0.259375 0.832812 0.284375 0.826562 0.317188 0.801562 0.332813 0.779687 0.332813 0.737500 0.328136 0.728483 0.306250 0.671875 0.296875 0.562500 0.289062 0.545312 0.268750 0.521875
6 0.957725 0.528125 0.823438 0.528125 0.821875 0.534375 0.771875 0.559375 0.765625 0.581250 0.760938 0.664062 0.754687 0.692187 0.746875 0.696875 0.746875 0.764062 0.785937 0.795312 0.787500 0.801562 0.889062 0.801562 0.889062 0.796875 0.898438 0.792188 0.953125 0.792188 0.978125 0.784375 0.998437 0.765625 0.998437 0.543750 0.970313 0.535937 0.965625 0.528125
0 0.233644 0.057320 0.129672 0.054539 0.110937 0.059375 0.060937 0.089063 0.046875 0.103125 0.028125 0.135937 0.022920 0.159669 0.017361 0.239211 0.037377 0.263686 0.070736 0.277592 0.176375 0.276480 0.192500 0.274811 0.228083 0.273142 0.248655 0.265355 0.268750 0.240625 0.275342 0.220298 0.269227 0.174131 0.270313 0.162500 0.270313 0.126562 0.272006 0.114058 0.272006 0.107939 0.270313 0.101562 0.268670 0.078458 0.258106 0.067333 0.248098 0.061770
0 0.234375 0.284375 0.062500 0.284375 0.048497 0.294775 0.035937 0.309375 0.010689 0.335381 0.003125 0.345313 0.003125 0.481250 0.039062 0.507812 0.056837 0.510597 0.179156 0.510597 0.210938 0.507812 0.276562 0.503125 0.300000 0.490625 0.318750 0.464062 0.326562 0.429688 0.327606 0.423267 0.328719 0.401017 0.326562 0.382812 0.315625 0.342187 0.302586 0.309794 0.283683 0.294219 0.261442 0.288100 0.242188 0.284375
0 0.904375 0.059375 0.790625 0.059375 0.790625 0.065625 0.766203 0.085814 0.767553 0.219917 0.771875 0.240625 0.782813 0.256250 0.804688 0.268750 0.814823 0.273289 0.948530 0.272952 0.979256 0.266533 0.998437 0.248438 0.998437 0.176563 0.993780 0.158766 0.985712 0.127156 0.965625 0.100000 0.939063 0.078125 0.929914 0.067970 0.912500 0.059375
0 0.963927 0.284375 0.789062 0.284375 0.776480 0.288789 0.768750 0.295312 0.751563 0.307812 0.735938 0.342187 0.730469 0.373048 0.730859 0.428050 0.735148 0.444434 0.740625 0.460938 0.751563 0.476562 0.776563 0.493750 0.796755 0.497064 0.974948 0.493942 0.985938 0.495312 0.998437 0.492188 0.998437 0.301563 0.984306 0.290112 0.971875 0.284375
5 0.364063 0.440625 0.353125 0.521875 0.346875 0.523438 0.346875 0.682813 0.364063 0.682813 0.370312 0.659375 0.407813 0.571875 0.442188 0.523438 0.451562 0.518750 0.451562 0.506250 0.445312 0.506250 0.400000 0.481250 0.376563 0.453125 0.373437 0.440625
1 0.265703 0.316741 0.068436 0.318852 0.045312 0.331250 0.036670 0.366559 0.030333 0.486881 0.045963 0.503345 0.250000 0.501563 0.270313 0.500000 0.292187 0.489063 0.304688 0.475000 0.314063 0.448437 0.312500 0.373437 0.298438 0.332813 0.289062 0.321875 0.275000 0.315625
5 0.437500 0.503125 0.429688 0.503125 0.429688 0.507812 0.442188 0.515625 0.431250 0.548438 0.407813 0.578125 0.376563 0.648438 0.365625 0.656250 0.365625 0.707812 0.373437 0.710938 0.381250 0.725000 0.385937 0.759375 0.395313 0.784375 0.415625 0.789062 0.639062 0.785937 0.639062 0.760938 0.620313 0.745313 0.564063 0.660937 0.445312 0.503125
5 0.682617 0.409375 0.626563 0.409375 0.623437 0.417187 0.564063 0.437500 0.514062 0.473438 0.496875 0.475000 0.496875 0.500000 0.515625 0.514062 0.582812 0.604688 0.670312 0.706250 0.692187 0.745313 0.703125 0.745313 0.712500 0.709375 0.714063 0.639062 0.720313 0.637500 0.720313 0.500000 0.714063 0.498437 0.707812 0.431250 0.690625 0.415625 0.690625 0.409375
1 0.263506 0.544105 0.056523 0.547481 0.037092 0.557614 0.021463 0.580594 0.017188 0.765625 0.043750 0.800000 0.079687 0.818750 0.092006 0.820075 0.251563 0.820312 0.273438 0.818750 0.292187 0.810937 0.318750 0.779687 0.322222 0.750130 0.318750 0.725000 0.303636 0.699467 0.295609 0.657248 0.290541 0.582945 0.287500 0.557813
