8 0.288889 0.021875 0.225000 0.021875 0.220312 0.031250 0.209375 0.035937 0.209375 0.162500 0.215625 0.164062 0.220312 0.179688 0.226562 0.185938 0.279687 0.187500 0.295312 0.189062 0.296875 0.195312 0.328125 0.195312 0.329688 0.189062 0.345313 0.182812 0.362500 0.160938 0.370312 0.157812 0.370312 0.067187 0.364063 0.065625 0.356250 0.045312 0.345313 0.032813 0.337500 0.029687 0.306250 0.031250 0.298438 0.028125 0.296875 0.021875
7 0.321680 0.659375 0.265625 0.659375 0.264062 0.665625 0.237500 0.673438 0.218750 0.695312 0.215625 0.721875 0.168750 0.753125 0.146875 0.779687 0.140625 0.781250 0.140625 0.846875 0.145313 0.846875 0.162500 0.871875 0.176563 0.882812 0.198437 0.889062 0.200000 0.895312 0.223438 0.895312 0.225000 0.889062 0.240625 0.882812 0.265625 0.885938 0.276562 0.881250 0.282813 0.882812 0.290625 0.895312 0.298438 0.895312 0.301563 0.884375 0.343750 0.846875 0.354687 0.804688 0.357812 0.710938 0.350000 0.685937 0.329688 0.665625 0.329688 0.659375
0 0.716927 0.228125 0.579688 0.228125 0.575000 0.235937 0.553125 0.240625 0.456250 0.250000 0.428125 0.271875 0.421875 0.271875 0.421875 0.568750 0.440625 0.582812 0.468750 0.593750 0.537500 0.593750 0.620313 0.606250 0.625000 0.614062 0.687500 0.614062 0.689063 0.607812 0.737500 0.601562 0.798438 0.579688 0.835938 0.559375 0.865625 0.528125 0.870313 0.528125 0.870313 0.401562 0.862500 0.395313 0.860938 0.340625 0.851562 0.303125 0.840625 0.284375 0.807813 0.260937 0.764062 0.242188 0.729688 0.235937 0.725000 0.228125
0 0.538542 0.603125 0.446875 0.603125 0.445312 0.609375 0.401562 0.626563 0.376563 0.654687 0.371875 0.654687 0.371875 0.887500 0.378125 0.887500 0.398438 0.909375 0.428125 0.920312 0.429688 0.926562 0.546875 0.926562 0.548438 0.920312 0.571875 0.907813 0.587500 0.884375 0.595313 0.881250 0.595313 0.704688 0.589063 0.703125 0.582812 0.643750 0.571875 0.626563 0.550000 0.610938 0.546875 0.603125
0 0.557275 0.000000 0.401186 0.000736 0.384375 0.015625 0.384375 0.198437 0.404687 0.215625 0.437500 0.231250 0.473438 0.237500 0.535937 0.234375 0.556250 0.226562 0.567187 0.215625 0.581250 0.184375 0.579688 0.034375 0.570312 0.003125
4 0.340625 0.228125 0.321875 0.228125 0.321875 0.232813 0.303125 0.246875 0.254688 0.248438 0.207813 0.260937 0.189062 0.281250 0.179688 0.310937 0.143750 0.359375 0.137500 0.406250 0.146875 0.473438 0.139063 0.485938 0.128125 0.492188 0.128125 0.557813 0.134375 0.557813 0.146875 0.578125 0.173437 0.600000 0.179688 0.620313 0.192188 0.629687 0.215625 0.635938 0.271875 0.635938 0.332813 0.625000 0.370312 0.604688 0.393750 0.559375 0.398438 0.539062 0.400000 0.398438 0.401562 0.390625 0.407813 0.389062 0.407813 0.337500 0.400000 0.332813 0.376563 0.253125 0.356250 0.239063 0.350000 0.228125
0 0.800302 0.000000 0.600411 0.000000 0.590625 0.010937 0.590625 0.184375 0.612500 0.206250 0.632812 0.215625 0.751563 0.231250 0.787338 0.243539 0.814063 0.237500 0.832812 0.228125 0.846875 0.210938 0.851562 0.089063 0.837500 0.046875 0.810937 0.003125
0 0.843056 0.596875 0.775000 0.596875 0.771875 0.604688 0.748437 0.614062 0.639062 0.625000 0.603125 0.646875 0.603125 0.882812 0.609375 0.884375 0.628125 0.909375 0.653125 0.920312 0.654687 0.926562 0.800000 0.926562 0.801562 0.920312 0.846875 0.900000 0.870313 0.876563 0.875000 0.857812 0.875000 0.635938 0.871875 0.623437 0.851562 0.603125 0.851562 0.596875
0 0.354375 0.003125 0.200000 0.003125 0.178125 0.029687 0.160938 0.060937 0.154603 0.095973 0.152452 0.164208 0.172738 0.184802 0.190625 0.192188 0.332813 0.192188 0.346875 0.185938 0.365625 0.165625 0.370312 0.150000 0.370312 0.128125 0.370312 0.115625 0.373445 0.027433 0.362500 0.003125
1 0.816250 0.603125 0.781250 0.603125 0.778125 0.610938 0.715625 0.628125 0.643750 0.631250 0.609375 0.650000 0.609375 0.848437 0.615625 0.850000 0.621875 0.867188 0.632812 0.879687 0.653125 0.887500 0.695312 0.890625 0.776563 0.887500 0.803125 0.878125 0.834375 0.853125 0.857812 0.807813 0.853125 0.643750 0.825000 0.603125
0 0.296541 0.196875 0.188208 0.200312 0.159375 0.221875 0.146875 0.248438 0.135937 0.406250 0.129811 0.609884 0.160625 0.642009 0.189053 0.652711 0.217188 0.651563 0.296875 0.645312 0.350000 0.628125 0.376563 0.612500 0.398438 0.584375 0.406250 0.323437 0.403125 0.260937 0.396875 0.245312 0.378125 0.226562 0.309375 0.204687
6 0.772016 0.000147 0.607812 0.000000 0.596875 0.007812 0.603125 0.185938 0.617188 0.203125 0.632812 0.210938 0.701562 0.221875 0.731250 0.221875 0.767188 0.231250 0.770312 0.239063 0.815625 0.239063 0.815625 0.232813 0.831250 0.214062 0.837500 0.192188 0.842187 0.065625 0.817394 0.047883 0.790873 0.037864
0 0.326350 0.659375 0.157812 0.659375 0.128125 0.693750 0.121875 0.693750 0.121875 0.856250 0.134375 0.862500 0.151562 0.887500 0.196875 0.912500 0.200000 0.920312 0.310937 0.920312 0.310937 0.915625 0.343750 0.885938 0.354687 0.851562 0.357812 0.768750 0.364063 0.767188 0.364063 0.700000 0.357812 0.698438 0.351562 0.681250 0.334375 0.659375
2 0.382812 0.659375 0.382812 0.848437 0.393750 0.870313 0.410938 0.882812 0.434375 0.887500 0.548438 0.887500 0.565625 0.879687 0.581250 0.854688 0.582812 0.800000 0.581250 0.657813 0.570312 0.632812 0.543750 0.615625 0.459375 0.610938 0.396875 0.635938
5 0.442188 0.479687 0.442188 0.515625 0.551562 0.581250 0.612500 0.592187 0.681250 0.585938 0.765625 0.559375 0.814063 0.514062 0.839063 0.498437 0.848437 0.484375 0.839063 0.402344 0.851562 0.389062 0.831250 0.368750 0.828125 0.351562 0.817187 0.343750 0.768750 0.331250 0.734375 0.329688 0.718750 0.318750 0.648438 0.304688 0.571875 0.278125 0.554688 0.278125 0.545312 0.285938 0.523438 0.340625
2 0.393750 0.079687 0.392188 0.184375 0.401562 0.210938 0.445312 0.229687 0.475000 0.234375 0.525000 0.234375 0.553125 0.225000 0.565625 0.212500 0.573438 0.192188 0.568750 0.050000 0.553125 0.026562 0.531250 0.015625 0.490625 0.020313 0.439063 0.015625 0.418750 0.021875 0.396875 0.045312
