8 0.323333 0.096875 0.212500 0.096875 0.204687 0.146875 0.201563 0.153125 0.196875 0.153125 0.196875 0.196875 0.321875 0.240625 0.356250 0.242188 0.378125 0.232813 0.390625 0.220312 0.395313 0.204687 0.401562 0.203125 0.401562 0.118750 0.381250 0.109375 0.332813 0.103125 0.331250 0.096875
0 0.633855 0.521875 0.599472 0.514738 0.567620 0.528622 0.551286 0.543322 0.534134 0.565373 0.534375 0.946875 0.540625 0.948438 0.565625 0.998437 0.876563 0.998437 0.876563 0.623437 0.648438 0.531250
0 0.839330 0.000141 0.441870 0.000000 0.440625 0.267188 0.475000 0.290625 0.515625 0.292187 0.842187 0.145313 0.864062 0.126562 0.864062 0.034375 0.848437 0.003125
0 0.403081 0.000000 0.124642 0.001183 0.125694 0.174736 0.325000 0.243750 0.362500 0.245312 0.389062 0.231250 0.404687 0.212500 0.410938 0.193750 0.414062 0.151562 0.420312 0.010937 0.410938 0.000000
0 0.209245 0.221875 0.146061 0.203967 0.126441 0.209962 0.121875 0.221875 0.121875 0.998437 0.493750 0.998437 0.514062 0.967187 0.517188 0.937500 0.509375 0.359375 0.496875 0.339062 0.470313 0.320312 0.232813 0.235937 0.218750 0.229687
4 0.818639 0.000000 0.493750 0.000000 0.478125 0.009375 0.451562 0.032813 0.445312 0.045312 0.450128 0.141748 0.440625 0.259375 0.467187 0.282813 0.489063 0.289062 0.490625 0.295312 0.503125 0.295312 0.504687 0.289062 0.556250 0.271875 0.826562 0.146875 0.845313 0.121875 0.857812 0.115625 0.857812 0.067187 0.848437 0.059375 0.826562 0.000000
0 0.781250 0.192188 0.562500 0.292187 0.534375 0.318750 0.534375 0.443750 0.560937 0.470313 0.595313 0.489063 0.802227 0.572998 0.820312 0.582812 0.856250 0.582812 0.870250 0.576372 0.871875 0.560937 0.875000 0.517188 0.873437 0.335938 0.868750 0.284375 0.851562 0.220312 0.826562 0.198437 0.792188 0.192188
7 0.266517 0.321875 0.215625 0.321875 0.215625 0.337500 0.220312 0.337500 0.231250 0.351562 0.239063 0.378125 0.235937 0.417187 0.226562 0.446875 0.228125 0.465625 0.253125 0.510938 0.278125 0.512500 0.281250 0.539062 0.300000 0.564063 0.332813 0.584375 0.360938 0.593750 0.364063 0.601562 0.375000 0.601562 0.376563 0.595313 0.429688 0.573438 0.460938 0.543750 0.470313 0.521875 0.479687 0.475000 0.475000 0.437500 0.462500 0.412500 0.439063 0.392188 0.428125 0.387500 0.354687 0.389062 0.317188 0.346875 0.276562 0.328125 0.275000 0.321875
1 0.543750 0.575000 0.550000 0.917188 0.559375 0.932813 0.601562 0.932813 0.598437 0.964063 0.578125 0.964063 0.578125 0.973437 0.612500 0.984375 0.645312 0.984375 0.675000 0.976562 0.768750 0.985938 0.862500 0.981250 0.871875 0.970313 0.873437 0.951562 0.870313 0.632812 0.848437 0.631250 0.793750 0.610938 0.615625 0.532813 0.578125 0.535937 0.556250 0.553125
3 0.543750 0.329688 0.543750 0.435937 0.546875 0.448437 0.565625 0.468750 0.803125 0.570312 0.848437 0.573438 0.865625 0.556250 0.868750 0.490625 0.857812 0.346875 0.843750 0.318750 0.834375 0.260937 0.818750 0.240625 0.773438 0.225000 0.684375 0.270313 0.553125 0.320312
5 0.268750 0.543750 0.264062 0.543750 0.265625 0.559375 0.295312 0.629687 0.309375 0.684375 0.404687 0.917188 0.428125 0.920312 0.432812 0.915625 0.459375 0.925000 0.495312 0.914062 0.496875 0.857812 0.487500 0.796875 0.432812 0.665625 0.379688 0.615625 0.303125 0.573438
5 0.137500 0.529687 0.125000 0.600000 0.126562 0.984375 0.198437 0.973437 0.192188 0.960938 0.182812 0.960938 0.176563 0.921875 0.181250 0.918750 0.275000 0.921875 0.309375 0.914062 0.185938 0.523438 0.170313 0.507812 0.143750 0.514062
