2 0.781250 0.240625 0.734375 0.240625 0.731250 0.248438 0.671875 0.271875 0.654687 0.284375 0.620313 0.296875 0.532813 0.343750 0.517188 0.365625 0.509375 0.368750 0.509375 0.484375 0.546875 0.510938 0.750000 0.593750 0.754687 0.601562 0.775000 0.601562 0.776563 0.595313 0.798438 0.584375 0.817187 0.553125 0.831250 0.470313 0.818750 0.448437 0.818750 0.432812 0.826562 0.425000 0.839063 0.431250 0.839063 0.400000 0.826562 0.398438 0.820312 0.385937 0.815625 0.362500 0.815625 0.281250 0.789062 0.240625
4 0.735897 0.000000 0.437500 0.000000 0.431250 0.014063 0.403125 0.035937 0.403125 0.282813 0.410938 0.285938 0.431250 0.315625 0.445312 0.323437 0.465625 0.326562 0.509375 0.318750 0.746875 0.204687 0.815625 0.157812 0.825000 0.142187 0.832812 0.139063 0.821875 0.060937 0.798438 0.029687 0.781250 0.025000 0.743750 0.000000
1 0.573750 0.559375 0.537500 0.559375 0.534375 0.567187 0.503125 0.590625 0.503125 0.920312 0.534375 0.925000 0.551562 0.942187 0.568750 0.931250 0.609375 0.931250 0.635938 0.954688 0.751563 0.954688 0.787500 0.943750 0.807813 0.920312 0.817187 0.881250 0.818750 0.690625 0.812500 0.673438 0.796875 0.653125 0.734375 0.621875 0.632812 0.587500 0.585938 0.567187 0.582812 0.559375
0 0.803031 0.003125 0.415625 0.003125 0.409375 0.023438 0.403944 0.034886 0.403125 0.293750 0.440625 0.325000 0.459375 0.331250 0.490625 0.329688 0.796875 0.182812 0.825000 0.157812 0.831250 0.142187 0.832812 0.046875 0.810937 0.003125
0 0.790342 0.222859 0.769225 0.220397 0.731250 0.235937 0.523438 0.339062 0.510938 0.356250 0.503125 0.359375 0.503125 0.490625 0.540625 0.515625 0.717187 0.585938 0.762500 0.606250 0.796875 0.609375 0.817187 0.595313 0.832812 0.575000 0.839063 0.528125 0.837500 0.426563 0.839063 0.390625 0.838562 0.333289 0.838914 0.278073 0.829762 0.249939 0.807813 0.228125
0 0.568213 0.556470 0.529687 0.559375 0.496875 0.595313 0.496875 0.943750 0.506267 0.948794 0.535128 0.970598 0.784375 0.976562 0.803125 0.967187 0.818750 0.956250 0.845313 0.912500 0.845313 0.696875 0.837500 0.693750 0.820312 0.660937 0.801562 0.646875 0.595313 0.559375
0 0.364063 0.000000 0.124178 0.000420 0.124883 0.217331 0.139063 0.220312 0.182812 0.243750 0.306250 0.281250 0.329688 0.282813 0.357812 0.270313 0.375000 0.253125 0.384375 0.229687 0.387500 0.071875 0.389062 0.050000 0.389419 0.031397 0.383083 0.010647
5 0.407639 0.603125 0.128125 0.603125 0.128125 0.926562 0.159375 0.926562 0.164062 0.918750 0.195312 0.910937 0.231250 0.912500 0.276562 0.885938 0.289062 0.867188 0.282813 0.857812 0.346875 0.781250 0.373437 0.739062 0.382812 0.717187 0.378125 0.693750 0.400000 0.660937 0.400000 0.640625 0.415625 0.620313 0.423438 0.620313 0.415625 0.603125
8 0.302233 0.103125 0.250000 0.103125 0.250000 0.109375 0.239063 0.120313 0.234375 0.120313 0.234375 0.179688 0.239063 0.179688 0.259375 0.200000 0.271875 0.206250 0.290625 0.207813 0.307812 0.204687 0.321875 0.196875 0.328125 0.190625 0.332813 0.178125 0.339062 0.176563 0.339062 0.139063 0.332813 0.137500 0.323437 0.120313 0.310937 0.107813 0.310937 0.103125
7 0.220312 0.321875 0.157812 0.321875 0.154688 0.329688 0.128125 0.342187 0.128125 0.450000 0.134375 0.450000 0.151562 0.468750 0.176563 0.482812 0.200000 0.489063 0.226562 0.489063 0.267188 0.545312 0.312500 0.557813 0.315625 0.570312 0.339062 0.570312 0.339062 0.556250 0.346875 0.557813 0.359375 0.551562 0.401562 0.514062 0.401562 0.435937 0.396875 0.435937 0.368750 0.398438 0.315625 0.350000 0.267188 0.334375 0.237500 0.332813 0.228125 0.321875
0 0.159375 0.253125 0.126936 0.240973 0.125842 0.984523 0.423225 0.983772 0.468284 0.940250 0.471875 0.514062 0.476562 0.467187 0.475000 0.400000 0.464062 0.379688 0.442188 0.360938 0.412500 0.346875 0.195337 0.269269 0.168750 0.259375
5 0.431250 0.621875 0.407813 0.621875 0.407813 0.631250 0.390625 0.664062 0.403125 0.676562 0.403125 0.689063 0.353125 0.775000 0.329688 0.804688 0.253125 0.867188 0.212500 0.887500 0.178125 0.895312 0.178125 0.920312 0.245312 0.920312 0.248438 0.912500 0.309375 0.878125 0.348438 0.840625 0.393750 0.785937 0.418750 0.732812 0.442188 0.698438 0.443750 0.689063 0.429688 0.673438 0.439063 0.621875
