0 0.837406 0.195647 0.809534 0.195647 0.779687 0.214062 0.762500 0.226562 0.576562 0.326562 0.540625 0.354687 0.540625 0.489063 0.561097 0.520473 0.609375 0.540625 0.810937 0.614062 0.851562 0.614062 0.851562 0.609375 0.864062 0.601562 0.871875 0.590625 0.873437 0.573438 0.873437 0.270313 0.873475 0.240753 0.873475 0.222711
4 0.868644 0.003125 0.409375 0.003125 0.409375 0.181250 0.415625 0.182812 0.429688 0.276562 0.439063 0.296875 0.471875 0.328125 0.471875 0.332813 0.514062 0.332813 0.517188 0.325000 0.640625 0.267188 0.843750 0.146875 0.876563 0.118750 0.876563 0.003125
2 0.791742 0.226550 0.727892 0.265644 0.578334 0.341531 0.545986 0.364206 0.545986 0.466258 0.546875 0.475000 0.555327 0.493473 0.573733 0.513020 0.599619 0.523944 0.785989 0.586608 0.823438 0.593750 0.853125 0.578125 0.865625 0.551562 0.864220 0.524925 0.864220 0.401897 0.865625 0.367188 0.862500 0.340625 0.860938 0.312500 0.861344 0.282891 0.850000 0.243750 0.826562 0.221875
0 0.121875 0.271875 0.121875 0.995313 0.514062 0.995313 0.531625 0.981827 0.541403 0.951933 0.532813 0.754687 0.529898 0.741069 0.516669 0.433292 0.510917 0.395923 0.487333 0.375803 0.464062 0.365625 0.373437 0.337500 0.304688 0.321875 0.179688 0.279687 0.126094 0.262533
0 0.374394 0.000600 0.125805 0.000000 0.125416 0.233734 0.263667 0.280717 0.291677 0.288502 0.303125 0.295312 0.342187 0.295312 0.355478 0.288502 0.371428 0.280328 0.384655 0.267484 0.393214 0.249970 0.395313 0.237500 0.392619 0.132706 0.391841 0.082889 0.390344 0.065595 0.388788 0.004102
0 0.868644 0.003125 0.404072 0.000000 0.411209 0.225653 0.415625 0.246875 0.421875 0.285938 0.431250 0.307812 0.448437 0.326562 0.475000 0.339062 0.485439 0.339189 0.503997 0.340617 0.510938 0.339062 0.543750 0.326562 0.848437 0.151562 0.870148 0.133539 0.876563 0.121875 0.876563 0.003125
0 0.634108 0.568755 0.598039 0.569575 0.575086 0.582697 0.549673 0.622062 0.555411 0.813969 0.557870 0.851695 0.562500 0.934297 0.566887 0.967664 0.589063 0.987422 0.607056 0.993088 0.743750 0.993672 0.788220 0.983009 0.875148 0.970964 0.876563 0.659297 0.834375 0.637422 0.667717 0.581877 0.656241 0.574497
8 0.185491 0.040625 0.135937 0.040625 0.128125 0.064062 0.121875 0.065625 0.121875 0.217188 0.276562 0.245312 0.323437 0.250000 0.343750 0.246875 0.362500 0.123438 0.360938 0.084375 0.342187 0.075000 0.303125 0.065625 0.198437 0.048438 0.193750 0.040625
7 0.197656 0.321875 0.187500 0.321875 0.184375 0.329688 0.162500 0.334375 0.151562 0.346875 0.140625 0.350000 0.140625 0.396875 0.151562 0.396875 0.164062 0.406250 0.168750 0.389062 0.176563 0.382812 0.190625 0.382812 0.207813 0.375000 0.237500 0.382812 0.251563 0.401562 0.267188 0.439063 0.271875 0.492188 0.301563 0.539062 0.332813 0.560937 0.356250 0.567187 0.395313 0.568750 0.442188 0.540625 0.464062 0.507812 0.475000 0.476562 0.473438 0.439063 0.453125 0.407813 0.418750 0.390625 0.392188 0.389062 0.353125 0.395313 0.323437 0.410938 0.306250 0.371875 0.289062 0.354687 0.271875 0.345313 0.210938 0.329688 0.207813 0.321875
0 0.675000 0.581250 1.000000 0.581250 1.000000 1.000000 0.675000 1.000000
1 0.603125 0.578125 0.601562 0.579688 0.598437 0.579688 0.596875 0.581250 0.593750 0.581250 0.592187 0.582812 0.590625 0.582812 0.589063 0.584375 0.587500 0.584375 0.585938 0.585938 0.584375 0.585938 0.582812 0.587500 0.581250 0.587500 0.567187 0.601562 0.567187 0.603125 0.564063 0.606250 0.564063 0.607812 0.562500 0.609375 0.562500 0.614062 0.560937 0.615625 0.560937 0.625000 0.562500 0.626563 0.562500 0.632812 0.560937 0.634375 0.560937 0.642188 0.559375 0.643750 0.559375 0.648438 0.560937 0.650000 0.560937 0.657813 0.562500 0.659375 0.562500 0.671875 0.564063 0.673438 0.564063 0.693750 0.565625 0.695312 0.565625 0.754687 0.564063 0.756250 0.564063 0.775000 0.565625 0.776563 0.565625 0.790625 0.567187 0.792188 0.567187 0.800000 0.568750 0.801562 0.568750 0.804688 0.570312 0.806250 0.570312 0.812500 0.571875 0.814063 0.571875 0.817187 0.573438 0.818750 0.573438 0.846875 0.575000 0.848437 0.575000 0.864062 0.576562 0.865625 0.576562 0.875000 0.578125 0.876563 0.578125 0.898438 0.579688 0.900000 0.579688 0.910937 0.581250 0.912500 0.581250 0.929688 0.582812 0.931250 0.582812 0.935937 0.584375 0.937500 0.584375 0.939063 0.585938 0.940625 0.585938 0.942187 0.595313 0.951562 0.596875 0.951562 0.598437 0.953125 0.600000 0.953125 0.603125 0.956250 0.606250 0.956250 0.607812 0.957812 0.623437 0.957812 0.625000 0.959375 0.631250 0.959375 0.632812 0.960938 0.645312 0.960938 0.646875 0.959375 0.656250 0.959375 0.657813 0.957812 0.664062 0.957812 0.665625 0.956250 0.673438 0.956250 0.675000 0.954688 0.682813 0.954688 0.684375 0.953125 0.689063 0.953125 0.690625 0.951562 0.700000 0.951562 0.701562 0.950000 0.718750 0.950000 0.720313 0.948438 0.725000 0.948438 0.726562 0.946875 0.729688 0.946875 0.731250 0.945312 0.751563 0.945312 0.753125 0.943750 0.760938 0.943750 0.762500 0.942187 0.765625 0.942187 0.767188 0.940625 0.771875 0.940625 0.773438 0.939063 0.784375 0.939063 0.785937 0.937500 0.792188 0.937500 0.793750 0.935937 0.798438 0.935937 0.800000 0.934375 0.803125 0.934375 0.804688 0.932813 0.823438 0.932813 0.825000 0.931250 0.829688 0.931250 0.831250 0.929688 0.839063 0.929688 0.840625 0.928125 0.854688 0.928125 0.856250 0.926562 0.859375 0.926562 0.860938 0.925000 0.862500 0.925000 0.864062 0.923438 0.865625 0.923438 0.871875 0.917188 0.871875 0.915625 0.873437 0.914062 0.873437 0.912500 0.875000 0.910937 0.875000 0.906250 0.876563 0.904687 0.876563 0.901563 0.875000 0.900000 0.875000 0.887500 0.873437 0.885938 0.873437 0.878125 0.871875 0.876563 0.871875 0.846875 0.870313 0.845313 0.870313 0.829688 0.868750 0.828125 0.868750 0.826562 0.870313 0.825000 0.870313 0.790625 0.871875 0.789062 0.871875 0.782813 0.873437 0.781250 0.873437 0.773438 0.871875 0.771875 0.871875 0.764062 0.870313 0.762500 0.870313 0.723437 0.868750 0.721875 0.868750 0.682813 0.867188 0.681250 0.867188 0.676562 0.865625 0.675000 0.865625 0.673438 0.864062 0.671875 0.864062 0.670312 0.862500 0.668750 0.862500 0.667188 0.854688 0.659375 0.853125 0.659375 0.850000 0.656250 0.848437 0.656250 0.846875 0.654687 0.845313 0.654687 0.843750 0.653125 0.840625 0.653125 0.835938 0.648438 0.834375 0.648438 0.831250 0.645312 0.828125 0.645312 0.826562 0.643750 0.815625 0.643750 0.814063 0.642188 0.807813 0.642188 0.806250 0.640625 0.800000 0.640625 0.798438 0.639062 0.795312 0.639062 0.793750 0.637500 0.789062 0.637500 0.787500 0.635938 0.782813 0.635938 0.781250 0.634375 0.778125 0.634375 0.776563 0.632812 0.771875 0.632812 0.770312 0.631250 0.767188 0.631250 0.765625 0.629687 0.760938 0.629687 0.759375 0.628125 0.751563 0.628125 0.750000 0.626563 0.748437 0.626563 0.746875 0.625000 0.745313 0.625000 0.743750 0.623437 0.742188 0.623437 0.740625 0.621875 0.737500 0.621875 0.734375 0.618750 0.732812 0.618750 0.731250 0.617188 0.729688 0.617188 0.728125 0.615625 0.726562 0.615625 0.725000 0.614062 0.721875 0.614062 0.720313 0.612500 0.718750 0.612500 0.717187 0.610938 0.714063 0.610938 0.712500 0.609375 0.709375 0.609375 0.707812 0.607812 0.704688 0.607812 0.703125 0.606250 0.700000 0.606250 0.698438 0.604688 0.696875 0.604688 0.695312 0.603125 0.690625 0.603125 0.689063 0.601562 0.681250 0.601562 0.679688 0.600000 0.667188 0.600000 0.665625 0.598437 0.660937 0.598437 0.656250 0.593750 0.654687 0.593750 0.651563 0.590625 0.648438 0.590625 0.646875 0.589063 0.635938 0.589063 0.629687 0.582812 0.628125 0.582812 0.626563 0.581250 0.625000 0.581250 0.623437 0.579688 0.618750 0.579688 0.617188 0.578125
5 0.126562 0.818750 0.125000 0.937500 0.132812 0.956250 0.146875 0.960938 0.170313 0.998437 0.365625 0.998437 0.428125 0.962500 0.442188 0.928125 0.482812 0.923438 0.498437 0.914062 0.492188 0.832812 0.506250 0.659375 0.496875 0.623437 0.473438 0.606250 0.460938 0.567187 0.445312 0.557813 0.354687 0.593750 0.250000 0.671875 0.204687 0.698438 0.160938 0.753125
