4 0.784375 0.000000 0.471559 0.004928 0.471875 0.168750 0.473438 0.179688 0.473438 0.245312 0.482812 0.262500 0.514062 0.284375 0.548438 0.285938 0.681250 0.235937 0.840625 0.165625 0.857812 0.142187 0.864062 0.114062 0.870313 0.112500 0.870313 0.062500 0.864062 0.060937 0.854688 0.039062 0.839063 0.021875 0.801562 0.010937 0.792188 0.000000
0 0.820034 0.000000 0.476888 0.001731 0.468363 0.000666 0.471875 0.262500 0.503125 0.285938 0.521875 0.292187 0.539062 0.293750 0.573438 0.285938 0.728125 0.223438 0.851562 0.167187 0.876563 0.145313 0.876563 0.053125 0.859997 0.025709 0.832812 0.003125
5 0.218750 0.521875 0.215625 0.531250 0.165625 0.579688 0.137500 0.623437 0.128125 0.628125 0.128125 0.881250 0.135937 0.885938 0.142187 0.921875 0.148438 0.932813 0.154688 0.932813 0.162500 0.923438 0.179688 0.926562 0.204687 0.920312 0.243750 0.925000 0.317188 0.921875 0.348438 0.910937 0.395313 0.884375 0.395313 0.871875 0.385937 0.864062 0.310937 0.689063 0.229687 0.521875
8 0.268230 0.046875 0.226562 0.046875 0.226562 0.053125 0.206250 0.076563 0.184375 0.115625 0.178125 0.123438 0.171875 0.123438 0.171875 0.153125 0.350000 0.225000 0.353125 0.232813 0.365625 0.232813 0.414062 0.146875 0.420312 0.145313 0.420312 0.137500 0.348438 0.085938 0.279687 0.054688 0.276562 0.046875
0 0.660781 0.521875 0.589063 0.521875 0.571875 0.546875 0.559375 0.567187 0.559375 0.934375 0.585938 0.967187 0.614062 0.982812 0.790625 0.981250 0.839063 0.976562 0.876563 0.967187 0.876563 0.617188 0.687500 0.537500 0.671875 0.529687
7 0.298438 0.315625 0.259375 0.315625 0.259375 0.343750 0.267188 0.346875 0.279687 0.381250 0.271875 0.435937 0.276562 0.454688 0.331250 0.467187 0.381250 0.500000 0.384375 0.507812 0.389062 0.507812 0.392188 0.500000 0.420312 0.489063 0.432812 0.489063 0.446875 0.498437 0.471875 0.487500 0.484375 0.475000 0.501563 0.437500 0.507812 0.435937 0.507812 0.423438 0.501563 0.421875 0.484375 0.384375 0.468750 0.367188 0.456250 0.359375 0.440625 0.357812 0.392188 0.325000 0.387500 0.315625 0.323437 0.315625 0.321875 0.321875 0.309375 0.325000 0.306250 0.315625
0 0.196528 0.184375 0.131250 0.184375 0.128125 0.200000 0.121875 0.201563 0.121875 0.995313 0.478125 0.995313 0.481250 0.987500 0.503125 0.981250 0.518750 0.968750 0.539062 0.920312 0.537500 0.590625 0.543750 0.518750 0.542188 0.354687 0.529687 0.334375 0.503125 0.314063 0.276562 0.217188 0.210938 0.193750 0.204687 0.184375
0 0.447581 0.000000 0.126283 0.000133 0.128125 0.135937 0.251563 0.190625 0.373517 0.237778 0.403125 0.232813 0.423438 0.225000 0.435937 0.212500 0.450000 0.178125 0.451562 0.117188
0 0.861595 0.221792 0.835486 0.205275 0.812575 0.203677 0.756250 0.225000 0.598437 0.290625 0.562142 0.321433 0.565625 0.450000 0.593750 0.473438 0.772080 0.554816 0.834420 0.583056 0.860938 0.582812 0.871875 0.567187 0.873437 0.551562 0.873437 0.285938 0.870313 0.243750
5 0.421875 0.490625 0.410938 0.490625 0.407813 0.498437 0.390625 0.507812 0.353125 0.515625 0.334375 0.535937 0.315625 0.543750 0.315625 0.553125 0.323437 0.556250 0.450000 0.817187 0.462500 0.839063 0.473438 0.839063 0.500000 0.803125 0.507812 0.800000 0.507812 0.754687 0.500000 0.750000 0.456250 0.548438 0.432812 0.490625
2 0.572936 0.343777 0.587091 0.325931 0.628630 0.305314 0.756250 0.245312 0.793864 0.233620 0.832942 0.250544 0.847712 0.282238 0.848019 0.344392 0.844634 0.379470 0.853250 0.473934 0.860634 0.506858 0.860020 0.539781 0.846875 0.556250 0.839063 0.564063 0.806250 0.557813 0.764062 0.543750 0.585938 0.460938 0.575000 0.445312
1 0.568750 0.571875 0.575000 0.729688 0.567187 0.862500 0.570312 0.920312 0.584375 0.931250 0.640625 0.931250 0.650000 0.948438 0.653125 0.943750 0.700000 0.946875 0.718750 0.937500 0.837500 0.940625 0.864062 0.929688 0.873437 0.906250 0.873437 0.676562 0.871875 0.650000 0.862500 0.632812 0.696875 0.564063 0.690625 0.556250 0.631250 0.535937 0.604688 0.535937 0.581250 0.545312
