1 0.854625 0.003125 0.468750 0.003125 0.459375 0.087500 0.453125 0.089063 0.453125 0.264062 0.492188 0.281250 0.532813 0.279687 0.726562 0.192188 0.876563 0.134375 0.876563 0.017188 0.870313 0.017188 0.862500 0.003125
0 0.176563 0.196875 0.121875 0.196875 0.121875 0.998437 0.489063 0.998437 0.487500 0.954688 0.495312 0.932813 0.498437 0.895312 0.495312 0.843750 0.501563 0.789062 0.512500 0.489063 0.514062 0.467187 0.512500 0.350000 0.506250 0.335938 0.490625 0.320312 0.471875 0.309375 0.187500 0.204687
0 0.865569 0.003125 0.440625 0.003125 0.446875 0.253125 0.465625 0.275000 0.487500 0.285938 0.525000 0.287500 0.685937 0.217188 0.737812 0.195463 0.870313 0.140625 0.876563 0.115625 0.873437 0.003125
0 0.865625 0.171875 0.815625 0.179688 0.784375 0.195312 0.603125 0.273438 0.567187 0.293750 0.540625 0.326562 0.540625 0.462500 0.560937 0.482812 0.593750 0.503125 0.732812 0.567187 0.848437 0.612500 0.871875 0.620313 0.875000 0.581250 0.873437 0.171875
2 0.868608 0.215625 0.789062 0.215625 0.785937 0.223438 0.756250 0.239063 0.648438 0.278125 0.576562 0.315625 0.562500 0.331250 0.553125 0.368750 0.546875 0.370312 0.546875 0.456250 0.553125 0.457813 0.573438 0.485938 0.615625 0.507812 0.707812 0.540625 0.767188 0.570312 0.846875 0.600000 0.851562 0.607812 0.876563 0.607812 0.876563 0.215625
0 0.643750 0.546875 0.600858 0.543325 0.573438 0.553125 0.553125 0.571875 0.539062 0.598437 0.529687 0.645312 0.529687 0.759375 0.521875 0.998437 0.876563 0.998437 0.876563 0.640625 0.829688 0.628125 0.746875 0.593750 0.720313 0.587500 0.692187 0.568750 0.653125 0.553125
4 0.640105 0.546875 0.620313 0.546875 0.620313 0.553125 0.604688 0.564063 0.575000 0.565625 0.548438 0.600000 0.521875 0.617188 0.521875 0.631250 0.528125 0.632812 0.535937 0.656250 0.540625 0.695312 0.539062 0.740625 0.528125 0.798438 0.521875 0.800000 0.521875 0.920312 0.528125 0.920312 0.542188 0.932813 0.543750 0.948438 0.535937 0.971875 0.543750 0.998437 0.876563 0.998437 0.876563 0.642188 0.832812 0.623437 0.800000 0.617188 0.753125 0.600000 0.731250 0.585938 0.651563 0.554688 0.650000 0.546875
0 0.418709 0.003125 0.128125 0.003125 0.128125 0.162500 0.151562 0.167187 0.325000 0.231250 0.354687 0.231250 0.378125 0.221875 0.401562 0.200000 0.412500 0.176563 0.420312 0.107813 0.426563 0.003125
5 0.131250 0.734375 0.121875 0.734375 0.121875 0.885938 0.154688 0.912500 0.248438 0.923438 0.381250 0.918750 0.420312 0.921875 0.434375 0.914062 0.439063 0.900000 0.445312 0.898438 0.414062 0.893750 0.392188 0.876563 0.290625 0.843750 0.223438 0.812500 0.175000 0.778125 0.140625 0.740625 0.140625 0.734375
7 0.230859 0.278125 0.173437 0.278125 0.170313 0.285938 0.128125 0.318750 0.121875 0.318750 0.121875 0.445312 0.156250 0.475000 0.187500 0.492188 0.253125 0.498437 0.282813 0.531250 0.320312 0.548438 0.371875 0.551562 0.398438 0.546875 0.423438 0.535937 0.470313 0.504687 0.490625 0.471875 0.493750 0.428125 0.484375 0.406250 0.465625 0.382812 0.390625 0.342187 0.304688 0.340625 0.273438 0.306250 0.240625 0.284375 0.239063 0.278125
5 0.268750 0.578125 0.128125 0.578125 0.128125 0.728125 0.142187 0.737500 0.170313 0.771875 0.209375 0.803125 0.285938 0.840625 0.359375 0.864062 0.412500 0.890625 0.407813 0.896875 0.371875 0.903125 0.365625 0.909375 0.365625 0.920312 0.431250 0.920312 0.431250 0.910937 0.443750 0.887500 0.435937 0.707812 0.437500 0.634375 0.431250 0.601562 0.420312 0.589063 0.398438 0.584375 0.396875 0.578125 0.395313 0.584375 0.384375 0.585938 0.278125 0.584375 0.276562 0.578125
8 0.398230 0.003125 0.165625 0.003125 0.165625 0.009375 0.143750 0.026562 0.134375 0.050000 0.128125 0.051562 0.128125 0.159375 0.318750 0.225000 0.321875 0.232813 0.350000 0.232813 0.351562 0.226562 0.381250 0.214062 0.398438 0.196875 0.404687 0.181250 0.417187 0.050000 0.417187 0.025000 0.406250 0.003125
