1 0.652864 0.528125 0.612500 0.528125 0.612500 0.532813 0.578125 0.562500 0.578125 0.853125 0.585938 0.857812 0.590625 0.909375 0.621875 0.931250 0.623437 0.939063 0.643750 0.939063 0.643750 0.934375 0.657813 0.925000 0.706250 0.926562 0.834375 0.914062 0.862500 0.903125 0.876563 0.890625 0.876563 0.634375 0.870313 0.634375 0.843750 0.614062 0.771875 0.585938 0.734375 0.562500 0.664062 0.535937 0.660937 0.528125
4 0.588392 0.009375 0.537500 0.009375 0.529687 0.020313 0.498437 0.029687 0.471875 0.053125 0.471875 0.278125 0.479687 0.281250 0.492188 0.306250 0.515625 0.320312 0.517188 0.326562 0.556250 0.326562 0.557813 0.320312 0.615625 0.293750 0.678125 0.271875 0.726562 0.240625 0.815625 0.195312 0.864062 0.153125 0.864062 0.098437 0.857812 0.096875 0.848437 0.062500 0.820312 0.032813 0.759375 0.031250 0.746875 0.025000 0.737500 0.009375 0.717187 0.009375 0.717187 0.015625 0.700000 0.026562 0.615625 0.028125 0.601562 0.021875 0.596875 0.009375
2 0.821094 0.240625 0.778125 0.240625 0.776563 0.246875 0.748437 0.256250 0.670312 0.300000 0.612500 0.320312 0.590625 0.337500 0.585938 0.348438 0.578125 0.351562 0.578125 0.467187 0.618750 0.493750 0.806250 0.562500 0.809375 0.570312 0.843750 0.570312 0.864062 0.546875 0.870313 0.526563 0.876563 0.525000 0.876563 0.506250 0.870313 0.504687 0.867188 0.487500 0.868750 0.451562 0.876563 0.446875 0.876563 0.393750 0.868750 0.390625 0.862500 0.362500 0.854688 0.281250 0.829688 0.240625
0 0.835352 0.228125 0.776563 0.228125 0.773438 0.235937 0.617188 0.310937 0.571875 0.343750 0.571875 0.467187 0.578125 0.467187 0.596875 0.489063 0.617188 0.500000 0.823438 0.575000 0.826562 0.582812 0.850000 0.582812 0.850000 0.578125 0.870313 0.562500 0.873437 0.546875 0.873437 0.326562 0.867188 0.265625 0.843750 0.228125
0 0.653645 0.528125 0.609375 0.528125 0.584375 0.557813 0.578125 0.557813 0.578125 0.896875 0.585938 0.900000 0.596875 0.921875 0.609375 0.932813 0.643750 0.943750 0.667188 0.945312 0.668750 0.951562 0.696875 0.951562 0.703125 0.943750 0.843750 0.935937 0.876563 0.929688 0.876563 0.614062 0.667188 0.535937 0.662500 0.528125
0 0.539062 0.009375 0.537500 0.015625 0.500000 0.025000 0.471875 0.048438 0.471875 0.282813 0.476562 0.282813 0.482812 0.296875 0.509375 0.318750 0.531250 0.325000 0.551562 0.323437 0.626563 0.292187 0.712500 0.243750 0.746875 0.231250 0.764062 0.218750 0.818750 0.193750 0.842187 0.176563 0.859375 0.153125 0.864062 0.153125 0.864062 0.082812 0.857812 0.081250 0.848437 0.054688 0.826562 0.037500 0.785937 0.029687 0.740625 0.028125 0.732812 0.023438 0.607812 0.025000 0.598437 0.021875 0.592187 0.009375 0.573438 0.009375 0.570312 0.017188 0.543750 0.015625 0.542188 0.009375
8 0.377952 0.053125 0.242188 0.053125 0.240625 0.059375 0.217188 0.068750 0.198437 0.095312 0.190625 0.134375 0.184375 0.135937 0.184375 0.210938 0.295312 0.256250 0.360938 0.276562 0.409375 0.279687 0.435937 0.265625 0.448437 0.243750 0.450000 0.221875 0.443750 0.087500 0.432812 0.071875 0.389062 0.060937 0.385937 0.053125
0 0.254403 0.259375 0.173437 0.259375 0.151562 0.301563 0.142187 0.387500 0.135937 0.601562 0.134375 0.610938 0.128125 0.612500 0.128125 0.918750 0.153125 0.940625 0.189062 0.951562 0.190625 0.957812 0.412500 0.957812 0.417187 0.950000 0.479687 0.948438 0.523438 0.939063 0.540625 0.923438 0.550000 0.906250 0.557813 0.903125 0.557813 0.568750 0.550000 0.564063 0.546875 0.528125 0.550000 0.409375 0.545312 0.385937 0.525000 0.359375 0.501563 0.346875 0.320312 0.290625 0.265625 0.267188 0.262500 0.259375
5 0.443750 0.521875 0.389062 0.521875 0.387500 0.528125 0.326562 0.543750 0.257812 0.550000 0.240625 0.557813 0.221875 0.559375 0.223438 0.564063 0.215625 0.568750 0.201563 0.567187 0.189062 0.576562 0.165625 0.664062 0.154688 0.740625 0.146875 0.745313 0.146875 0.857812 0.193750 0.885938 0.239063 0.885938 0.257812 0.881250 0.303125 0.865625 0.364063 0.834375 0.428125 0.787500 0.443750 0.785937 0.456250 0.765625 0.470313 0.764062 0.459375 0.764062 0.456250 0.757812 0.496875 0.678125 0.534375 0.559375 0.535937 0.537500 0.528125 0.521875 0.492188 0.521875 0.490625 0.528125 0.457813 0.539062 0.451562 0.534375 0.451562 0.521875
0 0.409375 0.015625 0.206250 0.015625 0.203125 0.023438 0.179688 0.039062 0.165625 0.059375 0.159375 0.059375 0.159375 0.196875 0.165625 0.196875 0.185938 0.214062 0.276562 0.251563 0.376563 0.281250 0.381250 0.289062 0.412500 0.289062 0.412500 0.282813 0.445312 0.256250 0.451562 0.232813 0.457813 0.231250 0.457813 0.062500 0.450000 0.059375 0.443750 0.043750 0.417187 0.020313 0.417187 0.015625
7 0.312500 0.334375 0.257812 0.334375 0.254688 0.342187 0.246875 0.342187 0.246875 0.362500 0.251563 0.362500 0.259375 0.373437 0.310937 0.473438 0.346875 0.504687 0.400000 0.506250 0.418750 0.500000 0.445312 0.500000 0.470313 0.490625 0.495312 0.456250 0.501563 0.454688 0.501563 0.431250 0.493750 0.428125 0.482812 0.404687 0.470313 0.390625 0.437500 0.379688 0.420312 0.362500 0.396875 0.350000 0.376563 0.343750 0.331250 0.345313 0.323437 0.342187 0.320312 0.334375
