8 0.265625 0.198437 0.262500 0.221875 0.268750 0.234375 0.292187 0.254688 0.334375 0.270313 0.357812 0.254688 0.385937 0.185938 0.378125 0.162500 0.368750 0.154688 0.343750 0.140625 0.295312 0.129688
4 0.448437 0.121875 0.454688 0.165625 0.451562 0.220938 0.442188 0.237500 0.450000 0.243750 0.451562 0.276562 0.479687 0.320312 0.501563 0.328125 0.525000 0.328125 0.795312 0.181250 0.807813 0.143750 0.803125 0.115625 0.812500 0.090625 0.801562 0.056250 0.790625 0.056250 0.775000 0.035937 0.690625 0.031250 0.650000 0.040625 0.518750 0.040625 0.493750 0.050000 0.467187 0.071875
3 0.550000 0.367188 0.551562 0.446875 0.557813 0.460938 0.578125 0.476562 0.693750 0.510938 0.784375 0.546875 0.806250 0.546875 0.831250 0.528125 0.840625 0.496875 0.831250 0.425000 0.834375 0.343750 0.818750 0.321875 0.810937 0.264062 0.798438 0.254688 0.798438 0.243750 0.751563 0.242188 0.695312 0.271875 0.685937 0.282813 0.584375 0.326562 0.562500 0.342187
1 0.564063 0.560937 0.573438 0.825000 0.592187 0.862500 0.621875 0.876563 0.645312 0.876563 0.684375 0.870313 0.779687 0.870313 0.837500 0.859375 0.854688 0.837500 0.860938 0.806250 0.851562 0.646875 0.845313 0.618750 0.831250 0.595313 0.614062 0.521875 0.576562 0.535937
5 0.201563 0.657813 0.198437 0.815625 0.201563 0.843750 0.212500 0.848437 0.268750 0.812500 0.312500 0.773438 0.345313 0.732812 0.396875 0.642188 0.371875 0.564063 0.367188 0.556250 0.359375 0.556250 0.242188 0.568750 0.220312 0.576562 0.204687 0.603125
5 0.429688 0.540625 0.431250 0.576562 0.451562 0.642188 0.468750 0.690625 0.481250 0.698438 0.510938 0.621875 0.512500 0.560937 0.485938 0.537500
5 0.335938 0.750000 0.332813 0.762500 0.323437 0.764062 0.325000 0.768750 0.306250 0.782813 0.307812 0.790625 0.264062 0.820312 0.259375 0.834375 0.248438 0.834375 0.248438 0.845313 0.257812 0.851562 0.276562 0.845313 0.278125 0.834375 0.295312 0.829688 0.314063 0.839063 0.331250 0.831250 0.329688 0.817187 0.335938 0.807813 0.340625 0.810937 0.346875 0.800000 0.389062 0.775000 0.400000 0.776563 0.414062 0.731250 0.414062 0.693750 0.406250 0.690625 0.396875 0.723437 0.378125 0.721875 0.343750 0.751563
7 0.231250 0.409375 0.229687 0.440625 0.235937 0.457813 0.265625 0.485938 0.290625 0.498437 0.331250 0.498437 0.342187 0.490625 0.343750 0.475000 0.300000 0.351562 0.278125 0.354687 0.259375 0.365625 0.239063 0.389062
7 0.373437 0.378125 0.370312 0.385937 0.396875 0.471875 0.418750 0.521875 0.442188 0.485938 0.442188 0.432812 0.414062 0.396875
7 0.295312 0.501563 0.301563 0.518750 0.323437 0.539062 0.351562 0.550000 0.364063 0.545312 0.343750 0.489063 0.329688 0.501563
0 0.601562 0.514062 0.600000 0.515625 0.596875 0.515625 0.595313 0.517188 0.585938 0.517188 0.584375 0.518750 0.581250 0.518750 0.579688 0.520312 0.578125 0.520312 0.576562 0.521875 0.575000 0.521875 0.573438 0.523438 0.571875 0.523438 0.568750 0.526563 0.568750 0.528125 0.564063 0.532813 0.564063 0.534375 0.562500 0.535937 0.562500 0.537500 0.559375 0.540625 0.559375 0.542188 0.557813 0.543750 0.557813 0.545312 0.556250 0.546875 0.556250 0.560937 0.554688 0.562500 0.554688 0.576562 0.556250 0.578125 0.556250 0.579688 0.557813 0.581250 0.557813 0.595313 0.556250 0.596875 0.556250 0.617188 0.557813 0.618750 0.557813 0.621875 0.559375 0.623437 0.559375 0.628125 0.557813 0.629687 0.557813 0.643750 0.559375 0.645312 0.557813 0.646875 0.557813 0.653125 0.559375 0.654687 0.559375 0.660937 0.557813 0.662500 0.559375 0.664062 0.559375 0.671875 0.560937 0.673438 0.560937 0.676562 0.559375 0.678125 0.559375 0.707812 0.560937 0.709375 0.560937 0.715625 0.562500 0.717187 0.562500 0.768750 0.564063 0.770312 0.564063 0.782813 0.565625 0.784375 0.565625 0.789062 0.567187 0.790625 0.567187 0.818750 0.568750 0.820312 0.568750 0.828125 0.570312 0.829688 0.570312 0.846875 0.571875 0.848437 0.571875 0.851562 0.573438 0.853125 0.573438 0.854688 0.575000 0.856250 0.575000 0.859375 0.576562 0.860938 0.576562 0.862500 0.579688 0.865625 0.579688 0.867188 0.581250 0.868750 0.581250 0.870313 0.584375 0.873437 0.584375 0.875000 0.589063 0.879687 0.590625 0.879687 0.592187 0.881250 0.593750 0.881250 0.595313 0.882812 0.596875 0.882812 0.598437 0.884375 0.601562 0.884375 0.603125 0.885938 0.604688 0.885938 0.606250 0.887500 0.610938 0.887500 0.612500 0.889062 0.614062 0.889062 0.615625 0.890625 0.617188 0.890625 0.618750 0.892188 0.621875 0.892188 0.623437 0.893750 0.625000 0.893750 0.626563 0.895312 0.628125 0.895312 0.629687 0.896875 0.646875 0.896875 0.648438 0.898438 0.650000 0.896875 0.657813 0.896875 0.659375 0.895312 0.671875 0.895312 0.673438 0.896875 0.675000 0.895312 0.676562 0.895312 0.678125 0.896875 0.693750 0.896875 0.695312 0.895312 0.710938 0.895312 0.712500 0.893750 0.726562 0.893750 0.728125 0.892188 0.751563 0.892188 0.753125 0.890625 0.759375 0.890625 0.760938 0.889062 0.768750 0.889062 0.770312 0.887500 0.775000 0.887500 0.776563 0.889062 0.801562 0.889062 0.803125 0.887500 0.812500 0.887500 0.814063 0.885938 0.815625 0.885938 0.817187 0.887500 0.831250 0.887500 0.832812 0.885938 0.851562 0.885938 0.853125 0.884375 0.854688 0.884375 0.856250 0.882812 0.857812 0.882812 0.864062 0.876563 0.864062 0.875000 0.867188 0.871875 0.867188 0.870313 0.868750 0.868750 0.868750 0.867188 0.870313 0.865625 0.870313 0.864062 0.871875 0.862500 0.871875 0.859375 0.873437 0.857812 0.873437 0.854688 0.875000 0.853125 0.875000 0.848437 0.876563 0.846875 0.876563 0.835938 0.875000 0.834375 0.875000 0.812500 0.876563 0.810937 0.876563 0.803125 0.875000 0.801562 0.875000 0.776563 0.876563 0.775000 0.876563 0.737500 0.875000 0.735938 0.875000 0.726562 0.873437 0.725000 0.873437 0.723437 0.875000 0.721875 0.875000 0.709375 0.873437 0.707812 0.873437 0.690625 0.871875 0.689063 0.871875 0.657813 0.870313 0.656250 0.870313 0.653125 0.868750 0.651563 0.870313 0.650000 0.870313 0.645312 0.868750 0.643750 0.868750 0.629687 0.867188 0.628125 0.867188 0.623437 0.865625 0.621875 0.865625 0.618750 0.864062 0.617188 0.864062 0.612500 0.862500 0.610938 0.862500 0.609375 0.857812 0.604688 0.856250 0.604688 0.854688 0.603125 0.851562 0.603125 0.850000 0.601562 0.848437 0.601562 0.834375 0.587500 0.832812 0.587500 0.829688 0.584375 0.828125 0.584375 0.826562 0.582812 0.825000 0.582812 0.823438 0.581250 0.821875 0.581250 0.820312 0.579688 0.818750 0.579688 0.817187 0.578125 0.815625 0.578125 0.814063 0.576562 0.812500 0.576562 0.810937 0.575000 0.807813 0.575000 0.806250 0.573438 0.803125 0.573438 0.801562 0.571875 0.798438 0.571875 0.796875 0.570312 0.795312 0.570312 0.793750 0.568750 0.790625 0.568750 0.789062 0.567187 0.784375 0.567187 0.782813 0.565625 0.778125 0.565625 0.776563 0.564063 0.773438 0.564063 0.771875 0.562500 0.770312 0.562500 0.768750 0.560937 0.767188 0.560937 0.765625 0.559375 0.764062 0.559375 0.762500 0.557813 0.760938 0.557813 0.759375 0.556250 0.754687 0.556250 0.753125 0.554688 0.751563 0.554688 0.750000 0.553125 0.748437 0.553125 0.746875 0.551562 0.742188 0.551562 0.740625 0.550000 0.732812 0.550000 0.731250 0.548438 0.728125 0.548438 0.726562 0.546875 0.720313 0.546875 0.718750 0.545312 0.715625 0.545312 0.714063 0.543750 0.712500 0.543750 0.709375 0.540625 0.707812 0.540625 0.706250 0.539062 0.704688 0.539062 0.703125 0.537500 0.698438 0.537500 0.696875 0.535937 0.692187 0.535937 0.690625 0.534375 0.685937 0.534375 0.684375 0.532813 0.679688 0.532813 0.678125 0.531250 0.675000 0.531250 0.673438 0.529687 0.670312 0.529687 0.668750 0.528125 0.662500 0.528125 0.660937 0.526563 0.657813 0.526563 0.656250 0.525000 0.651563 0.525000 0.650000 0.523438 0.648438 0.523438 0.645312 0.520312 0.640625 0.520312 0.639062 0.518750 0.635938 0.518750 0.634375 0.517188 0.632812 0.517188 0.631250 0.515625 0.628125 0.515625 0.626563 0.514062
0 0.776563 0.220312 0.775000 0.221875 0.765625 0.221875 0.764062 0.223438 0.759375 0.223438 0.757812 0.225000 0.754687 0.225000 0.753125 0.226562 0.750000 0.226562 0.748437 0.228125 0.746875 0.228125 0.745313 0.229687 0.740625 0.229687 0.739062 0.231250 0.735938 0.231250 0.734375 0.232813 0.732812 0.232813 0.731250 0.234375 0.728125 0.234375 0.726562 0.235937 0.723437 0.235937 0.721875 0.237500 0.718750 0.237500 0.717187 0.239063 0.714063 0.239063 0.712500 0.240625 0.710938 0.240625 0.709375 0.242188 0.707812 0.242188 0.706250 0.243750 0.704688 0.243750 0.703125 0.245312 0.701562 0.245312 0.698438 0.248438 0.696875 0.248438 0.693750 0.251563 0.692187 0.251563 0.690625 0.253125 0.689063 0.253125 0.687500 0.254688 0.684375 0.254688 0.682813 0.256250 0.679688 0.256250 0.678125 0.257812 0.676562 0.257812 0.675000 0.259375 0.673438 0.259375 0.670312 0.262500 0.668750 0.262500 0.665625 0.265625 0.664062 0.265625 0.659375 0.270313 0.657813 0.270313 0.653125 0.275000 0.651563 0.275000 0.648438 0.278125 0.646875 0.278125 0.643750 0.281250 0.642188 0.281250 0.639062 0.284375 0.637500 0.284375 0.629687 0.292187 0.628125 0.292187 0.626563 0.293750 0.625000 0.293750 0.623437 0.295312 0.621875 0.295312 0.617188 0.300000 0.614062 0.300000 0.612500 0.301563 0.610938 0.301563 0.609375 0.303125 0.607812 0.303125 0.606250 0.304688 0.604688 0.304688 0.600000 0.309375 0.598437 0.309375 0.589063 0.318750 0.587500 0.318750 0.585938 0.320312 0.584375 0.320312 0.581250 0.323437 0.579688 0.323437 0.578125 0.325000 0.576562 0.325000 0.575000 0.326562 0.573438 0.326562 0.571875 0.328125 0.570312 0.328125 0.568750 0.329688 0.567187 0.329688 0.564063 0.332813 0.562500 0.332813 0.557813 0.337500 0.557813 0.339062 0.554688 0.342187 0.554688 0.343750 0.553125 0.345313 0.553125 0.350000 0.551562 0.351562 0.551562 0.357812 0.550000 0.359375 0.550000 0.360938 0.548438 0.362500 0.548438 0.371875 0.546875 0.373437 0.546875 0.395313 0.548438 0.396875 0.548438 0.407813 0.550000 0.409375 0.550000 0.417187 0.551562 0.418750 0.551562 0.440625 0.553125 0.442188 0.553125 0.446875 0.554688 0.448437 0.554688 0.451562 0.556250 0.453125 0.556250 0.454688 0.557813 0.456250 0.557813 0.457813 0.560937 0.460938 0.560937 0.462500 0.568750 0.470313 0.570312 0.470313 0.571875 0.471875 0.573438 0.471875 0.575000 0.473438 0.576562 0.473438 0.579688 0.476562 0.581250 0.476562 0.582812 0.478125 0.585938 0.478125 0.587500 0.479687 0.589063 0.479687 0.590625 0.481250 0.592187 0.481250 0.593750 0.482812 0.595313 0.482812 0.596875 0.484375 0.598437 0.484375 0.600000 0.485938 0.603125 0.485938 0.604688 0.487500 0.610938 0.487500 0.612500 0.489063 0.615625 0.489063 0.617188 0.490625 0.621875 0.490625 0.623437 0.492188 0.626563 0.492188 0.628125 0.493750 0.629687 0.493750 0.631250 0.495312 0.634375 0.495312 0.635938 0.496875 0.639062 0.496875 0.640625 0.498437 0.643750 0.498437 0.645312 0.500000 0.650000 0.500000 0.651563 0.501563 0.654687 0.501563 0.656250 0.503125 0.664062 0.503125 0.667188 0.506250 0.668750 0.506250 0.670312 0.507812 0.671875 0.507812 0.673438 0.509375 0.675000 0.509375 0.676562 0.510938 0.679688 0.510938 0.681250 0.512500 0.682813 0.512500 0.684375 0.514062 0.690625 0.514062 0.692187 0.515625 0.693750 0.515625 0.695312 0.517188 0.696875 0.517188 0.698438 0.518750 0.700000 0.518750 0.701562 0.520312 0.706250 0.520312 0.707812 0.521875 0.709375 0.521875 0.710938 0.523438 0.715625 0.523438 0.717187 0.525000 0.728125 0.525000 0.731250 0.528125 0.732812 0.528125 0.734375 0.529687 0.735938 0.529687 0.737500 0.531250 0.740625 0.531250 0.742188 0.532813 0.745313 0.532813 0.746875 0.534375 0.750000 0.534375 0.751563 0.535937 0.753125 0.535937 0.754687 0.537500 0.756250 0.537500 0.757812 0.539062 0.759375 0.539062 0.760938 0.540625 0.762500 0.540625 0.764062 0.542188 0.765625 0.542188 0.767188 0.543750 0.770312 0.543750 0.771875 0.545312 0.775000 0.545312 0.776563 0.546875 0.779687 0.546875 0.781250 0.548438 0.809375 0.548438 0.810937 0.546875 0.815625 0.546875 0.817187 0.545312 0.820312 0.545312 0.821875 0.543750 0.826562 0.543750 0.828125 0.542188 0.829688 0.542188 0.831250 0.540625 0.832812 0.540625 0.842187 0.531250 0.842187 0.529687 0.843750 0.528125 0.843750 0.525000 0.845313 0.523438 0.845313 0.518750 0.846875 0.517188 0.846875 0.512500 0.848437 0.510938 0.848437 0.506250 0.850000 0.504687 0.850000 0.500000 0.851562 0.498437 0.851562 0.464062 0.850000 0.462500 0.850000 0.456250 0.848437 0.454688 0.848437 0.446875 0.846875 0.445312 0.846875 0.435937 0.845313 0.434375 0.845313 0.412500 0.843750 0.410938 0.843750 0.403125 0.842187 0.401562 0.842187 0.396875 0.840625 0.395313 0.840625 0.382812 0.839063 0.381250 0.839063 0.371875 0.837500 0.370312 0.837500 0.356250 0.835938 0.354687 0.835938 0.346875 0.834375 0.345313 0.834375 0.340625 0.832812 0.339062 0.832812 0.334375 0.831250 0.332813 0.831250 0.329688 0.829688 0.328125 0.829688 0.312500 0.828125 0.310937 0.828125 0.304688 0.826562 0.303125 0.826562 0.284375 0.825000 0.282813 0.825000 0.264062 0.823438 0.262500 0.823438 0.251563 0.821875 0.250000 0.821875 0.245312 0.820312 0.243750 0.820312 0.240625 0.817187 0.237500 0.817187 0.235937 0.807813 0.226562 0.806250 0.226562 0.804688 0.225000 0.801562 0.225000 0.800000 0.223438 0.796875 0.223438 0.795312 0.221875 0.784375 0.221875 0.782813 0.220312
0 0.746875 0.031250 0.745313 0.032813 0.728125 0.032813 0.726562 0.034375 0.642188 0.034375 0.640625 0.035937 0.596875 0.035937 0.595313 0.037500 0.589063 0.037500 0.587500 0.039062 0.573438 0.039062 0.571875 0.040625 0.562500 0.040625 0.560937 0.042188 0.526563 0.042188 0.525000 0.043750 0.518750 0.043750 0.517188 0.045312 0.501563 0.045312 0.500000 0.046875 0.490625 0.046875 0.489063 0.048438 0.484375 0.048438 0.482812 0.050000 0.479687 0.050000 0.478125 0.051562 0.475000 0.051562 0.473438 0.053125 0.471875 0.053125 0.470313 0.054688 0.468750 0.054688 0.457813 0.065625 0.457813 0.067187 0.456250 0.068750 0.456250 0.070312 0.454688 0.071875 0.454688 0.073438 0.451562 0.076563 0.451562 0.078125 0.450000 0.079687 0.450000 0.082812 0.448437 0.084375 0.448437 0.090625 0.446875 0.092188 0.446875 0.110937 0.448437 0.112500 0.448437 0.126562 0.450000 0.128125 0.450000 0.156250 0.451562 0.157812 0.451562 0.176563 0.450000 0.178125 0.450000 0.228125 0.451562 0.229687 0.451562 0.243750 0.453125 0.245312 0.453125 0.267188 0.454688 0.268750 0.454688 0.276562 0.456250 0.278125 0.456250 0.281250 0.457813 0.282813 0.457813 0.285938 0.459375 0.287500 0.459375 0.290625 0.460938 0.292187 0.460938 0.295312 0.462500 0.296875 0.462500 0.298438 0.465625 0.301563 0.465625 0.303125 0.467187 0.304688 0.467187 0.306250 0.475000 0.314063 0.476562 0.314063 0.484375 0.321875 0.485938 0.321875 0.487500 0.323437 0.489063 0.323437 0.490625 0.325000 0.492188 0.325000 0.493750 0.326562 0.495312 0.326562 0.496875 0.328125 0.500000 0.328125 0.501563 0.329688 0.509375 0.329688 0.510938 0.331250 0.515625 0.331250 0.517188 0.329688 0.518750 0.329688 0.520312 0.328125 0.521875 0.328125 0.523438 0.326562 0.525000 0.326562 0.526563 0.325000 0.531250 0.325000 0.532813 0.323437 0.537500 0.323437 0.539062 0.321875 0.540625 0.321875 0.542188 0.320312 0.545312 0.320312 0.546875 0.318750 0.550000 0.318750 0.551562 0.317188 0.556250 0.317188 0.557813 0.315625 0.559375 0.315625 0.562500 0.312500 0.564063 0.312500 0.565625 0.310937 0.565625 0.309375 0.567187 0.307812 0.568750 0.307812 0.571875 0.304688 0.573438 0.304688 0.575000 0.303125 0.579688 0.303125 0.581250 0.301563 0.582812 0.301563 0.584375 0.300000 0.587500 0.300000 0.589063 0.298438 0.593750 0.298438 0.595313 0.296875 0.596875 0.296875 0.606250 0.287500 0.607812 0.287500 0.610938 0.284375 0.612500 0.284375 0.615625 0.281250 0.617188 0.281250 0.620313 0.278125 0.621875 0.278125 0.625000 0.275000 0.626563 0.275000 0.628125 0.273438 0.629687 0.273438 0.631250 0.271875 0.632812 0.271875 0.634375 0.270313 0.635938 0.270313 0.637500 0.268750 0.639062 0.268750 0.640625 0.267188 0.642188 0.267188 0.643750 0.265625 0.645312 0.265625 0.646875 0.264062 0.650000 0.264062 0.651563 0.262500 0.653125 0.262500 0.659375 0.256250 0.660937 0.256250 0.662500 0.254688 0.664062 0.254688 0.665625 0.253125 0.667188 0.253125 0.670312 0.250000 0.671875 0.250000 0.673438 0.248438 0.675000 0.248438 0.676562 0.246875 0.678125 0.246875 0.681250 0.243750 0.684375 0.243750 0.685937 0.242188 0.687500 0.242188 0.689063 0.240625 0.690625 0.240625 0.692187 0.239063 0.693750 0.239063 0.695312 0.237500 0.698438 0.237500 0.700000 0.235937 0.701562 0.235937 0.701562 0.234375 0.709375 0.226562 0.712500 0.226562 0.714063 0.225000 0.718750 0.225000 0.720313 0.223438 0.723437 0.223438 0.725000 0.221875 0.726562 0.221875 0.729688 0.218750 0.731250 0.218750 0.735938 0.214062 0.737500 0.214062 0.742188 0.209375 0.745313 0.209375 0.746875 0.207813 0.748437 0.207813 0.751563 0.204687 0.753125 0.204687 0.754687 0.203125 0.757812 0.203125 0.759375 0.201563 0.760938 0.201563 0.762500 0.200000 0.764062 0.200000 0.765625 0.198437 0.767188 0.198437 0.768750 0.196875 0.770312 0.196875 0.773438 0.193750 0.775000 0.193750 0.781250 0.187500 0.782813 0.187500 0.785937 0.184375 0.787500 0.184375 0.789062 0.182812 0.790625 0.182812 0.792188 0.181250 0.795312 0.181250 0.798438 0.178125 0.800000 0.178125 0.810937 0.167187 0.810937 0.165625 0.812500 0.164062 0.812500 0.162500 0.814063 0.160938 0.814063 0.159375 0.815625 0.157812 0.815625 0.150000 0.817187 0.148438 0.817187 0.142187 0.815625 0.140625 0.815625 0.131250 0.817187 0.129688 0.817187 0.109375 0.815625 0.107813 0.815625 0.101562 0.814063 0.100000 0.814063 0.096875 0.812500 0.095312 0.812500 0.084375 0.810937 0.082812 0.810937 0.068750 0.809375 0.067187 0.809375 0.064062 0.807813 0.062500 0.807813 0.060937 0.806250 0.059375 0.806250 0.057813 0.800000 0.051562 0.800000 0.050000 0.796875 0.046875 0.796875 0.045312 0.789062 0.037500 0.787500 0.037500 0.784375 0.034375 0.782813 0.034375 0.781250 0.032813 0.776563 0.032813 0.775000 0.031250
0 0.364063 0.046875 0.362500 0.048438 0.343750 0.048438 0.342187 0.050000 0.332813 0.050000 0.331250 0.051562 0.312500 0.051562 0.310937 0.053125 0.273438 0.053125 0.271875 0.054688 0.257812 0.054688 0.256250 0.053125 0.245312 0.053125 0.243750 0.054688 0.231250 0.054688 0.229687 0.056250 0.225000 0.056250 0.223438 0.057813 0.203125 0.057813 0.201563 0.059375 0.198437 0.059375 0.196875 0.060937 0.193750 0.060937 0.192188 0.062500 0.190625 0.062500 0.189062 0.064062 0.187500 0.064062 0.185938 0.065625 0.184375 0.065625 0.179688 0.070312 0.178125 0.070312 0.178125 0.071875 0.168750 0.081250 0.168750 0.082812 0.164062 0.087500 0.164062 0.089063 0.162500 0.090625 0.162500 0.092188 0.160938 0.093750 0.160938 0.096875 0.159375 0.098437 0.159375 0.112500 0.160938 0.114062 0.160938 0.117188 0.162500 0.118750 0.162500 0.125000 0.160938 0.126562 0.160938 0.132812 0.159375 0.134375 0.159375 0.145313 0.160938 0.146875 0.160938 0.151562 0.159375 0.153125 0.159375 0.162500 0.157812 0.164062 0.157812 0.200000 0.159375 0.201563 0.159375 0.204687 0.160938 0.206250 0.160938 0.209375 0.162500 0.210938 0.162500 0.214062 0.164062 0.215625 0.164062 0.217188 0.165625 0.218750 0.165625 0.221875 0.168750 0.225000 0.168750 0.226562 0.170313 0.228125 0.170313 0.229687 0.178125 0.237500 0.179688 0.237500 0.184375 0.242188 0.185938 0.242188 0.187500 0.243750 0.189062 0.243750 0.190625 0.245312 0.192188 0.245312 0.193750 0.246875 0.195312 0.246875 0.196875 0.248438 0.200000 0.248438 0.201563 0.250000 0.206250 0.250000 0.207813 0.251563 0.210938 0.251563 0.212500 0.253125 0.215625 0.253125 0.217188 0.254688 0.218750 0.254688 0.221875 0.257812 0.223438 0.257812 0.225000 0.259375 0.226562 0.259375 0.228125 0.260937 0.229687 0.260937 0.231250 0.262500 0.234375 0.262500 0.235937 0.264062 0.245312 0.264062 0.246875 0.265625 0.250000 0.265625 0.251563 0.267188 0.254688 0.267188 0.256250 0.268750 0.257812 0.268750 0.259375 0.270313 0.260937 0.270313 0.262500 0.271875 0.267188 0.271875 0.268750 0.273438 0.273438 0.273438 0.275000 0.275000 0.278125 0.275000 0.279687 0.276562 0.285938 0.276562 0.287500 0.278125 0.292187 0.278125 0.293750 0.279687 0.295312 0.279687 0.296875 0.281250 0.303125 0.281250 0.304688 0.282813 0.317188 0.282813 0.318750 0.284375 0.321875 0.284375 0.323437 0.285938 0.326562 0.285938 0.328125 0.287500 0.332813 0.287500 0.334375 0.289062 0.339062 0.289062 0.340625 0.290625 0.348438 0.290625 0.350000 0.292187 0.359375 0.292187 0.360938 0.293750 0.365625 0.293750 0.367188 0.295312 0.373437 0.295312 0.375000 0.296875 0.381250 0.296875 0.382812 0.295312 0.398438 0.295312 0.400000 0.293750 0.404687 0.293750 0.406250 0.292187 0.407813 0.292187 0.409375 0.290625 0.410938 0.290625 0.412500 0.289062 0.414062 0.289062 0.423438 0.279687 0.423438 0.278125 0.428125 0.273438 0.428125 0.271875 0.429688 0.270313 0.429688 0.268750 0.431250 0.267188 0.431250 0.265625 0.432812 0.264062 0.432812 0.262500 0.434375 0.260937 0.434375 0.259375 0.435937 0.257812 0.435937 0.253125 0.437500 0.251563 0.437500 0.232813 0.439063 0.231250 0.439063 0.217188 0.437500 0.215625 0.437500 0.207813 0.435937 0.206250 0.435937 0.134375 0.434375 0.132812 0.434375 0.125000 0.432812 0.123438 0.432812 0.117188 0.431250 0.115625 0.431250 0.100000 0.429688 0.098437 0.429688 0.095312 0.428125 0.093750 0.428125 0.092188 0.426563 0.090625 0.426563 0.089063 0.425000 0.087500 0.425000 0.084375 0.423438 0.082812 0.423438 0.081250 0.421875 0.079687 0.421875 0.078125 0.418750 0.075000 0.418750 0.073438 0.409375 0.064062 0.409375 0.062500 0.404687 0.057813 0.404687 0.056250 0.403125 0.056250 0.398438 0.051562 0.396875 0.051562 0.395313 0.050000 0.392188 0.050000 0.390625 0.048438 0.384375 0.048438 0.382812 0.046875
0 0.201563 0.270313 0.200000 0.271875 0.196875 0.271875 0.195312 0.273438 0.193750 0.273438 0.192188 0.275000 0.190625 0.275000 0.179688 0.285938 0.176563 0.285938 0.173437 0.289062 0.171875 0.289062 0.165625 0.295312 0.165625 0.296875 0.162500 0.300000 0.162500 0.301563 0.160938 0.303125 0.160938 0.306250 0.159375 0.307812 0.159375 0.312500 0.157812 0.314063 0.157812 0.320312 0.159375 0.321875 0.159375 0.329688 0.157812 0.331250 0.157812 0.350000 0.159375 0.351562 0.159375 0.362500 0.160938 0.364063 0.160938 0.407813 0.159375 0.409375 0.159375 0.443750 0.160938 0.445312 0.160938 0.454688 0.159375 0.456250 0.159375 0.470313 0.157812 0.471875 0.157812 0.482812 0.156250 0.484375 0.156250 0.501563 0.157812 0.503125 0.156250 0.504687 0.156250 0.506250 0.154688 0.507812 0.154688 0.509375 0.153125 0.510938 0.153125 0.517188 0.151562 0.518750 0.151562 0.542188 0.153125 0.543750 0.153125 0.550000 0.154688 0.551562 0.154688 0.559375 0.156250 0.560937 0.156250 0.609375 0.157812 0.610938 0.157812 0.620313 0.156250 0.621875 0.156250 0.653125 0.157812 0.654687 0.157812 0.673438 0.156250 0.675000 0.156250 0.718750 0.157812 0.720313 0.157812 0.745313 0.159375 0.746875 0.159375 0.757812 0.157812 0.759375 0.157812 0.795312 0.156250 0.796875 0.156250 0.806250 0.154688 0.807813 0.154688 0.848437 0.156250 0.850000 0.156250 0.856250 0.157812 0.857812 0.157812 0.862500 0.159375 0.864062 0.159375 0.868750 0.160938 0.870313 0.160938 0.873437 0.162500 0.875000 0.162500 0.876563 0.164062 0.878125 0.164062 0.879687 0.165625 0.881250 0.165625 0.882812 0.170313 0.887500 0.170313 0.889062 0.173437 0.892188 0.173437 0.893750 0.181250 0.901563 0.182812 0.901563 0.185938 0.904687 0.187500 0.904687 0.189062 0.906250 0.190625 0.906250 0.192188 0.907813 0.196875 0.907813 0.198437 0.909375 0.204687 0.909375 0.206250 0.910937 0.242188 0.910937 0.243750 0.912500 0.317188 0.912500 0.318750 0.910937 0.389062 0.910937 0.390625 0.909375 0.428125 0.909375 0.429688 0.907813 0.442188 0.907813 0.443750 0.906250 0.445312 0.906250 0.450000 0.901563 0.451562 0.903125 0.471875 0.903125 0.473438 0.904687 0.498437 0.904687 0.500000 0.903125 0.504687 0.903125 0.506250 0.901563 0.514062 0.901563 0.515625 0.900000 0.518750 0.900000 0.520312 0.898438 0.523438 0.898438 0.525000 0.896875 0.526563 0.896875 0.529687 0.893750 0.531250 0.893750 0.540625 0.884375 0.540625 0.882812 0.543750 0.879687 0.543750 0.878125 0.545312 0.876563 0.545312 0.875000 0.546875 0.873437 0.546875 0.870313 0.548438 0.868750 0.548438 0.864062 0.550000 0.862500 0.550000 0.821875 0.548438 0.820312 0.548438 0.806250 0.546875 0.804688 0.546875 0.792188 0.545312 0.790625 0.545312 0.779687 0.543750 0.778125 0.543750 0.771875 0.542188 0.770312 0.542188 0.750000 0.540625 0.748437 0.540625 0.742188 0.542188 0.740625 0.542188 0.701562 0.540625 0.700000 0.540625 0.667188 0.539062 0.665625 0.539062 0.659375 0.537500 0.657813 0.537500 0.642188 0.535937 0.640625 0.535937 0.584375 0.537500 0.582812 0.537500 0.568750 0.535937 0.567187 0.535937 0.546875 0.537500 0.545312 0.537500 0.539062 0.535937 0.537500 0.535937 0.523438 0.534375 0.521875 0.534375 0.520312 0.535937 0.518750 0.535937 0.490625 0.534375 0.489063 0.534375 0.448437 0.532813 0.446875 0.532813 0.437500 0.531250 0.435937 0.531250 0.428125 0.529687 0.426563 0.529687 0.421875 0.528125 0.420312 0.528125 0.417187 0.526563 0.415625 0.528125 0.414062 0.528125 0.396875 0.526563 0.395313 0.526563 0.390625 0.525000 0.389062 0.525000 0.385937 0.523438 0.384375 0.523438 0.382812 0.520312 0.379688 0.520312 0.378125 0.509375 0.367188 0.507812 0.367188 0.504687 0.364063 0.503125 0.364063 0.501563 0.362500 0.500000 0.362500 0.498437 0.360938 0.495312 0.360938 0.493750 0.359375 0.490625 0.359375 0.489063 0.357812 0.485938 0.357812 0.484375 0.356250 0.482812 0.356250 0.478125 0.351562 0.476562 0.351562 0.475000 0.350000 0.473438 0.350000 0.471875 0.348438 0.468750 0.348438 0.467187 0.346875 0.464062 0.346875 0.462500 0.345313 0.459375 0.345313 0.457813 0.343750 0.453125 0.343750 0.451562 0.342187 0.446875 0.342187 0.445312 0.340625 0.432812 0.340625 0.431250 0.339062 0.429688 0.339062 0.428125 0.337500 0.423438 0.337500 0.421875 0.335938 0.417187 0.335938 0.415625 0.334375 0.412500 0.334375 0.410938 0.332813 0.407813 0.332813 0.406250 0.331250 0.401562 0.331250 0.400000 0.329688 0.396875 0.329688 0.395313 0.328125 0.389062 0.328125 0.387500 0.326562 0.382812 0.326562 0.381250 0.325000 0.378125 0.325000 0.376563 0.323437 0.375000 0.323437 0.373437 0.321875 0.370312 0.321875 0.368750 0.320312 0.364063 0.320312 0.362500 0.318750 0.359375 0.318750 0.357812 0.317188 0.354687 0.317188 0.353125 0.315625 0.350000 0.315625 0.348438 0.314063 0.345313 0.314063 0.343750 0.312500 0.340625 0.312500 0.339062 0.310937 0.335938 0.310937 0.334375 0.309375 0.331250 0.309375 0.329688 0.307812 0.323437 0.307812 0.321875 0.306250 0.320312 0.306250 0.318750 0.304688 0.317188 0.304688 0.315625 0.303125 0.314063 0.303125 0.312500 0.301563 0.310937 0.301563 0.307812 0.298438 0.306250 0.298438 0.304688 0.296875 0.303125 0.296875 0.301563 0.295312 0.298438 0.295312 0.296875 0.293750 0.292187 0.293750 0.290625 0.292187 0.287500 0.292187 0.285938 0.290625 0.279687 0.290625 0.278125 0.289062 0.270313 0.289062 0.268750 0.287500 0.260937 0.287500 0.257812 0.284375 0.256250 0.284375 0.254688 0.282813 0.253125 0.282813 0.251563 0.281250 0.250000 0.281250 0.248438 0.279687 0.243750 0.279687 0.242188 0.278125 0.239063 0.278125 0.237500 0.276562 0.231250 0.276562 0.229687 0.275000 0.228125 0.275000 0.226562 0.273438 0.225000 0.273438 0.223438 0.271875 0.220312 0.271875 0.218750 0.270313
