7 0.717969 0.184375 0.675000 0.184375 0.671875 0.192188 0.631250 0.206250 0.614062 0.221875 0.610938 0.245312 0.603125 0.248438 0.603125 0.304688 0.607812 0.304688 0.621875 0.321875 0.629687 0.325000 0.631250 0.332813 0.671875 0.332813 0.671875 0.326562 0.681250 0.320312 0.703125 0.321875 0.721875 0.309375 0.750000 0.303125 0.782813 0.289062 0.795312 0.271875 0.801562 0.270313 0.801562 0.243750 0.795312 0.242188 0.787500 0.225000 0.762500 0.206250 0.728125 0.190625 0.726562 0.184375
2 0.562188 0.165625 0.448437 0.165625 0.448437 0.170313 0.432812 0.182812 0.429688 0.190625 0.421875 0.193750 0.421875 0.357812 0.446875 0.371875 0.493750 0.375000 0.545312 0.365625 0.573438 0.348438 0.581250 0.334375 0.582812 0.317188 0.589063 0.315625 0.589063 0.306250 0.582812 0.304688 0.582812 0.257812 0.589063 0.256250 0.589063 0.190625 0.581250 0.187500 0.570312 0.171875 0.570312 0.165625
0 0.356973 0.377664 0.276562 0.384375 0.209375 0.412500 0.193750 0.426563 0.182812 0.445312 0.178125 0.489063 0.171875 0.490625 0.171875 0.646875 0.201563 0.668750 0.257812 0.693750 0.301563 0.706250 0.356250 0.714063 0.443750 0.698438 0.506250 0.700000 0.523438 0.695312 0.537500 0.684375 0.550000 0.650000 0.551562 0.595313 0.557813 0.593750 0.557813 0.418750 0.523438 0.392188 0.445312 0.389062 0.426563 0.384375
0 0.384288 0.159375 0.259422 0.163802 0.241661 0.175127 0.218350 0.197111 0.196875 0.239063 0.190625 0.362500 0.214062 0.382812 0.253125 0.381250 0.273438 0.375000 0.371181 0.360787 0.392717 0.344356 0.401562 0.317188 0.407813 0.218750 0.406250 0.182812 0.392188 0.165625
1 0.390441 0.171875 0.262500 0.171875 0.257812 0.181250 0.245312 0.187500 0.223438 0.209375 0.214062 0.225000 0.209375 0.245312 0.203125 0.246875 0.203125 0.370312 0.223438 0.381250 0.226562 0.389062 0.239063 0.389062 0.243750 0.381250 0.287500 0.368750 0.362500 0.359375 0.387500 0.343750 0.396875 0.328125 0.401562 0.289062 0.407813 0.287500 0.407813 0.182812 0.398438 0.178125 0.398438 0.171875
0 0.555520 0.148923 0.449552 0.149591 0.427352 0.165134 0.418470 0.178680 0.415392 0.335200 0.422191 0.359969 0.443750 0.373437 0.457813 0.376563 0.510938 0.376563 0.562500 0.360938 0.584375 0.335938 0.589063 0.223438 0.589063 0.187500 0.577944 0.162025
0 0.639062 0.348438 0.610938 0.354687 0.585938 0.368750 0.568750 0.392188 0.565625 0.420312 0.564063 0.703125 0.585938 0.728125 0.609375 0.740625 0.676562 0.759375 0.764062 0.765625 0.798438 0.756250 0.826562 0.732812 0.826562 0.554688 0.820312 0.553125 0.818750 0.542188 0.812500 0.387500 0.801562 0.364063 0.779687 0.345313 0.711294 0.341458
0 0.770078 0.771875 0.617188 0.771875 0.617188 0.778125 0.596875 0.795312 0.596875 0.964063 0.620313 0.984375 0.645312 0.998437 0.753125 0.998437 0.801562 0.968750 0.820312 0.917188 0.826562 0.915625 0.826562 0.818750 0.820312 0.817187 0.806250 0.792188 0.781250 0.779687 0.778125 0.771875
0 0.224219 0.690625 0.181250 0.690625 0.164062 0.718750 0.159375 0.739062 0.157523 0.748986 0.150231 0.871272 0.162500 0.912500 0.170313 0.928125 0.187500 0.945312 0.218750 0.959375 0.239063 0.962500 0.348484 0.966788 0.370312 0.943750 0.375000 0.926562 0.380148 0.802853 0.379688 0.759375 0.370312 0.743750 0.350000 0.726562 0.262500 0.709375 0.235937 0.698438
5 0.249480 0.434375 0.232813 0.434375 0.220312 0.456250 0.192188 0.567187 0.184375 0.571875 0.184375 0.628125 0.193750 0.631250 0.196875 0.653125 0.209375 0.654687 0.254688 0.678125 0.304688 0.687500 0.364063 0.684375 0.370312 0.676562 0.371875 0.625000 0.389062 0.515625 0.395313 0.514062 0.395313 0.481250 0.378125 0.471875 0.331250 0.462500 0.320312 0.454688 0.262500 0.442188 0.257812 0.434375
4 0.578125 0.390625 0.573438 0.406250 0.565625 0.409375 0.565625 0.692187 0.573438 0.695312 0.582812 0.714063 0.596875 0.726562 0.629687 0.740625 0.714063 0.757812 0.734375 0.757812 0.764062 0.748437 0.764062 0.728125 0.756250 0.725000 0.651563 0.498437 0.623437 0.475000 0.600000 0.446875 0.590625 0.415625 0.589063 0.390625
0 0.516706 0.715625 0.417187 0.715625 0.398438 0.748437 0.390625 0.751563 0.390625 0.957812 0.445312 0.984375 0.526563 0.993750 0.556250 0.982812 0.579688 0.943750 0.582812 0.831250 0.581250 0.781250 0.575000 0.756250 0.559375 0.737500 0.526563 0.721875 0.525000 0.715625
2 0.513542 0.715625 0.421875 0.715625 0.410938 0.731250 0.403125 0.756250 0.396875 0.757812 0.396875 0.923438 0.409375 0.923438 0.425000 0.932813 0.434375 0.932813 0.445312 0.925000 0.471875 0.925000 0.481250 0.929688 0.531250 0.925000 0.550000 0.937500 0.571875 0.928125 0.576562 0.817187 0.582812 0.815625 0.582812 0.767188 0.576562 0.765625 0.575000 0.757812 0.557813 0.737500 0.525000 0.723437 0.521875 0.715625
0 0.746680 0.146875 0.626563 0.146875 0.608147 0.165814 0.601962 0.180012 0.599706 0.293112 0.603125 0.309375 0.620313 0.328125 0.635938 0.332813 0.660937 0.332813 0.692187 0.329688 0.768750 0.329688 0.789062 0.320312 0.806250 0.298438 0.807813 0.225000 0.801562 0.200000 0.793750 0.187500 0.754687 0.153125
5 0.416875 0.396875 0.343750 0.396875 0.329688 0.426563 0.321875 0.429688 0.321875 0.459375 0.368750 0.467187 0.526563 0.468750 0.532813 0.456250 0.539062 0.454688 0.539062 0.426563 0.532813 0.426563 0.526563 0.418750 0.485938 0.406250 0.426563 0.403125 0.425000 0.396875
5 0.514062 0.465625 0.396875 0.465625 0.378125 0.601562 0.371875 0.626563 0.365625 0.628125 0.365625 0.681250 0.443750 0.689063 0.509375 0.687500 0.526563 0.678125 0.532813 0.639062 0.539062 0.637500 0.539062 0.492188 0.532813 0.490625 0.531250 0.479687 0.521875 0.465625
1 0.233855 0.696875 0.192188 0.696875 0.179688 0.723437 0.173437 0.760938 0.165625 0.765625 0.165625 0.893750 0.201563 0.925000 0.234375 0.925000 0.245312 0.939063 0.253125 0.939063 0.254688 0.929688 0.260937 0.925000 0.328125 0.925000 0.343750 0.929688 0.364063 0.926562 0.370312 0.918750 0.376563 0.828125 0.382812 0.826562 0.382812 0.764062 0.378125 0.764062 0.367188 0.743750 0.345313 0.726562 0.270313 0.714063 0.245312 0.704688 0.242188 0.696875
4 0.752902 0.346875 0.648438 0.346875 0.646875 0.353125 0.634375 0.356250 0.634375 0.370312 0.654687 0.384375 0.671875 0.409375 0.681250 0.434375 0.682813 0.478125 0.809375 0.720313 0.817187 0.696875 0.818750 0.651563 0.818750 0.575000 0.809375 0.434375 0.798438 0.384375 0.782813 0.365625 0.764062 0.354687 0.760938 0.346875
3 0.697969 0.771875 0.623437 0.771875 0.604688 0.798438 0.596875 0.801562 0.596875 0.928125 0.607812 0.929688 0.618750 0.939063 0.621875 0.973437 0.632812 0.985938 0.665625 0.992188 0.718750 0.993750 0.757812 0.984375 0.789062 0.960938 0.804688 0.928125 0.812500 0.892188 0.812500 0.821875 0.804688 0.801562 0.782813 0.782813 0.717187 0.779687 0.707812 0.778125 0.706250 0.771875
