7 0.201250 0.196875 0.168750 0.196875 0.165625 0.204687 0.109375 0.204687 0.062500 0.229687 0.040625 0.228125 0.040625 0.254688 0.048438 0.259375 0.054688 0.303125 0.053125 0.318750 0.046875 0.331250 0.040625 0.332813 0.040625 0.376563 0.073438 0.376563 0.075000 0.370312 0.085938 0.367188 0.214062 0.346875 0.296875 0.326562 0.300000 0.275000 0.295312 0.262500 0.276562 0.242188 0.235937 0.212500 0.212500 0.204687 0.209375 0.196875
0 0.917041 0.503125 0.670312 0.503125 0.665625 0.510938 0.634375 0.520312 0.609375 0.542188 0.609375 0.606250 0.618750 0.610938 0.665625 0.682813 0.678125 0.718750 0.723437 0.798438 0.759375 0.876563 0.771875 0.895312 0.798438 0.912500 0.801562 0.920312 0.914062 0.920312 0.918750 0.910937 0.946875 0.892188 0.956250 0.871875 0.967187 0.818750 0.976562 0.714063 0.982812 0.712500 0.982812 0.545312 0.976562 0.545312 0.957812 0.521875 0.926562 0.509375 0.925000 0.503125
0 0.955978 0.121875 0.778125 0.121875 0.756250 0.146875 0.735938 0.178125 0.707812 0.270313 0.667188 0.370312 0.660937 0.382812 0.653125 0.384375 0.653125 0.450000 0.676562 0.470313 0.704688 0.482812 0.735938 0.487500 0.901563 0.487500 0.959375 0.479687 0.987500 0.453125 0.993750 0.435937 0.993750 0.406250 0.987500 0.381250 0.987500 0.284375 0.989062 0.254688 0.998437 0.237500 0.998437 0.156250 0.968750 0.131250 0.964063 0.121875
2 0.579503 0.609375 0.451562 0.609375 0.431250 0.645312 0.379688 0.795312 0.371875 0.812500 0.365625 0.814063 0.365625 0.876563 0.376563 0.882812 0.392188 0.881250 0.407813 0.887500 0.428125 0.900000 0.429688 0.907813 0.440625 0.907813 0.442188 0.900000 0.464062 0.895312 0.496875 0.895312 0.520312 0.901563 0.551562 0.895312 0.590625 0.895312 0.609375 0.901563 0.631250 0.892188 0.676562 0.885938 0.693750 0.873437 0.709375 0.850000 0.714063 0.850000 0.714063 0.828125 0.706250 0.825000 0.612500 0.645312 0.587500 0.609375
0 0.568303 0.603125 0.460938 0.603125 0.428125 0.643750 0.385937 0.740625 0.364063 0.809375 0.353125 0.818750 0.353125 0.882812 0.359375 0.882812 0.376563 0.900000 0.403125 0.906250 0.407813 0.914062 0.626563 0.914062 0.632812 0.906250 0.684375 0.903125 0.703125 0.889062 0.710938 0.870313 0.720313 0.867188 0.720313 0.834375 0.714063 0.832812 0.657813 0.734375 0.621875 0.660937 0.600000 0.626563 0.581250 0.612500 0.576562 0.603125
1 0.794792 0.121875 0.775000 0.121875 0.753125 0.148438 0.737500 0.179688 0.668750 0.382812 0.659375 0.389062 0.659375 0.446875 0.698438 0.470313 0.760938 0.482812 0.762500 0.489063 0.779687 0.489063 0.781250 0.482812 0.804688 0.481250 0.837500 0.470313 0.964063 0.473438 0.982812 0.459375 0.992188 0.432812 0.990625 0.396875 0.976562 0.367188 0.990625 0.328125 0.985938 0.309375 0.987500 0.273438 0.979688 0.254688 0.995313 0.221875 0.990625 0.200000 0.968750 0.167187 0.934375 0.135937 0.934375 0.121875 0.906250 0.121875 0.898438 0.131250 0.854688 0.137500 0.820312 0.135937 0.806250 0.129688 0.804688 0.121875
4 0.928125 0.509375 0.646875 0.509375 0.645312 0.515625 0.632812 0.520312 0.621875 0.534375 0.615625 0.534375 0.615625 0.593750 0.623437 0.596875 0.632812 0.614062 0.643750 0.650000 0.665625 0.670312 0.682813 0.717187 0.735938 0.809375 0.770312 0.865625 0.790625 0.885938 0.828125 0.889062 0.851562 0.876563 0.907813 0.860938 0.926562 0.865625 0.945312 0.843750 0.964063 0.771875 0.973437 0.650000 0.965625 0.560937 0.953125 0.529687 0.935937 0.509375
0 0.653073 0.140625 0.189062 0.140625 0.187500 0.146875 0.176563 0.148438 0.003125 0.153125 0.003125 0.573438 0.026562 0.581250 0.029687 0.589063 0.528125 0.589063 0.529687 0.582812 0.550000 0.573438 0.565625 0.557813 0.578125 0.534375 0.604688 0.451562 0.668750 0.284375 0.676562 0.281250 0.676562 0.153125 0.667188 0.151562 0.660937 0.140625
6 0.335938 0.603125 0.062500 0.603125 0.060937 0.609375 0.040625 0.617188 0.023438 0.642188 0.025000 0.690625 0.021875 0.700000 0.015625 0.701562 0.015625 0.732812 0.021875 0.732812 0.029687 0.745313 0.028125 0.762500 0.021875 0.773438 0.015625 0.775000 0.015625 0.842187 0.028125 0.850000 0.045312 0.846875 0.065625 0.854688 0.093750 0.889062 0.146875 0.893750 0.153125 0.901563 0.170313 0.901563 0.171875 0.895312 0.184375 0.889062 0.242188 0.873437 0.279687 0.881250 0.303125 0.875000 0.317188 0.856250 0.345313 0.779687 0.350000 0.754687 0.370312 0.712500 0.381250 0.675000 0.389062 0.670312 0.389062 0.648438 0.384375 0.648438 0.371875 0.628125 0.346875 0.610938 0.343750 0.603125
5 0.573438 0.365625 0.554688 0.365625 0.551562 0.373437 0.532813 0.382812 0.485938 0.393750 0.431250 0.385937 0.409375 0.376563 0.389062 0.376563 0.301563 0.395313 0.293750 0.412500 0.290625 0.459375 0.284375 0.460938 0.284375 0.504687 0.356250 0.515625 0.454688 0.520312 0.520312 0.537500 0.525000 0.545312 0.539062 0.545312 0.551562 0.528125 0.557813 0.465625 0.575000 0.385937 0.582812 0.379688 0.582812 0.365625
0 0.338980 0.603125 0.046875 0.603125 0.043750 0.610938 0.023438 0.621875 0.009375 0.637500 0.003125 0.637500 0.003125 0.782813 0.010937 0.789062 0.023438 0.860938 0.035937 0.881250 0.059375 0.904687 0.100000 0.923438 0.250000 0.925000 0.290625 0.915625 0.315625 0.890625 0.329688 0.865625 0.387500 0.684375 0.395313 0.679688 0.395313 0.651563 0.390625 0.651563 0.378125 0.631250 0.364063 0.617188 0.350000 0.610938 0.346875 0.603125
5 0.535830 0.196875 0.314063 0.196875 0.309375 0.232813 0.303125 0.234375 0.303125 0.328125 0.381250 0.320312 0.392188 0.315625 0.420312 0.287500 0.479687 0.264062 0.545312 0.264062 0.582812 0.273438 0.595313 0.284375 0.601562 0.284375 0.601562 0.225000 0.575000 0.231250 0.525000 0.221875 0.529687 0.215625 0.556250 0.209375 0.545312 0.204687 0.543750 0.196875
