1 0.878125 0.000000 0.690625 0.000000 0.690625 0.246875 0.696875 0.246875 0.717187 0.271875 0.734375 0.278125 0.814063 0.287500 0.876563 0.309375 0.906250 0.312500 0.920312 0.306250 0.939063 0.271875 0.945312 0.270313 0.945312 0.090625 0.937500 0.087500 0.910937 0.025000 0.885938 0.000000
2 0.622956 0.753125 0.523438 0.753125 0.520312 0.760938 0.467187 0.784375 0.445312 0.809375 0.440625 0.809375 0.440625 0.910937 0.459375 0.909375 0.467187 0.914062 0.464062 0.926562 0.446875 0.940625 0.440625 0.940625 0.440625 0.998437 0.657813 0.998437 0.657813 0.993750 0.651563 0.992188 0.648438 0.951562 0.650000 0.915625 0.657813 0.912500 0.657813 0.837500 0.651563 0.835938 0.651563 0.823438 0.657813 0.821875 0.657813 0.789062 0.650000 0.785937 0.631250 0.753125
7 0.351475 0.000000 0.217188 0.000000 0.196875 0.029687 0.178125 0.081250 0.168750 0.089063 0.145313 0.087500 0.128125 0.095312 0.128125 0.167187 0.165625 0.200000 0.196875 0.195312 0.314063 0.225000 0.318750 0.232813 0.348438 0.232813 0.350000 0.226562 0.365625 0.220312 0.376563 0.209375 0.387500 0.185938 0.389062 0.162500 0.395313 0.160938 0.395313 0.148438 0.389062 0.146875 0.385937 0.048438 0.359375 0.000000
1 0.898438 0.721875 0.870313 0.721875 0.868750 0.729688 0.832812 0.743750 0.726562 0.765625 0.709375 0.775000 0.692187 0.800000 0.684375 0.803125 0.684375 0.998437 0.857812 0.998437 0.864062 0.984375 0.893750 0.951562 0.914062 0.914062 0.917188 0.795312 0.920312 0.770312 0.926562 0.768750 0.926562 0.746875 0.918750 0.743750 0.907813 0.721875
0 0.381077 0.828125 0.324716 0.832113 0.312500 0.835938 0.282813 0.842187 0.196875 0.843750 0.165625 0.854688 0.134375 0.878125 0.134375 0.998437 0.420312 0.998437 0.420312 0.862500 0.412500 0.859375 0.389062 0.828125
0 0.906250 0.715625 0.878125 0.715625 0.878125 0.720313 0.864062 0.729688 0.814063 0.748437 0.721875 0.765625 0.700000 0.782813 0.689063 0.800000 0.684375 0.998437 0.904687 0.998437 0.918750 0.982812 0.937500 0.945312 0.945312 0.942187 0.945312 0.739062 0.918750 0.723437 0.915625 0.715625
5 0.889062 0.434375 0.659375 0.592187 0.659375 0.603125 0.668750 0.607812 0.725000 0.670312 0.770312 0.690625 0.795312 0.695312 0.796875 0.701562 0.850000 0.701562 0.851562 0.695312 0.889062 0.689063 0.935937 0.662500 0.937500 0.643750 0.907813 0.543750 0.892188 0.434375
0 0.659273 0.003125 0.421875 0.003125 0.421875 0.229687 0.428125 0.231250 0.442188 0.262500 0.459375 0.278125 0.496875 0.295312 0.526563 0.301563 0.528125 0.307812 0.612500 0.307812 0.614062 0.301563 0.634375 0.295312 0.656250 0.276562 0.667188 0.253125 0.670312 0.229687 0.676562 0.228125 0.676562 0.026562 0.668750 0.021875 0.667188 0.003125
0 0.915469 0.000000 0.684375 0.000000 0.684375 0.243750 0.692187 0.246875 0.712500 0.275000 0.739062 0.284375 0.821875 0.295312 0.898438 0.320312 0.900000 0.326562 0.917188 0.326562 0.918750 0.320312 0.931250 0.315625 0.943750 0.303125 0.960938 0.271875 0.964063 0.132812 0.970313 0.131250 0.970313 0.109375 0.964063 0.107813 0.951562 0.053125 0.923438 0.000000
0 0.396752 0.003125 0.103125 0.003125 0.103125 0.007812 0.096875 0.009375 0.096875 0.173437 0.103125 0.175000 0.110937 0.190625 0.129688 0.209375 0.179688 0.228125 0.259375 0.225000 0.335938 0.239063 0.359375 0.237500 0.379688 0.228125 0.398438 0.209375 0.407813 0.184375 0.414062 0.182812 0.414062 0.100000 0.407813 0.098437 0.404687 0.076563 0.404687 0.003125
0 0.272969 0.240625 0.198437 0.240625 0.193750 0.248438 0.148438 0.260937 0.115625 0.289062 0.109375 0.289062 0.109375 0.489063 0.115625 0.490625 0.120313 0.534375 0.123438 0.756250 0.139063 0.792188 0.165625 0.818750 0.182812 0.826562 0.203881 0.832113 0.265625 0.832812 0.286048 0.826205 0.317188 0.815625 0.396875 0.785937 0.439063 0.759375 0.453125 0.737500 0.457813 0.715625 0.464062 0.714063 0.464062 0.470313 0.457813 0.468750 0.454688 0.443750 0.450000 0.325000 0.439063 0.303125 0.421875 0.287500 0.356250 0.262500 0.285938 0.248438 0.281250 0.240625
5 0.618750 0.340625 0.590625 0.340625 0.590625 0.479687 0.598437 0.482812 0.632812 0.554688 0.889062 0.370312 0.839063 0.348438 0.835938 0.340625 0.759375 0.340625 0.756250 0.348438 0.729688 0.353125 0.751563 0.356250 0.754687 0.370312 0.750000 0.373437 0.626563 0.385937 0.615625 0.382812 0.604688 0.370312 0.614062 0.362500 0.634375 0.357812 0.628125 0.340625
2 0.642077 0.003125 0.428125 0.003125 0.428125 0.240625 0.435937 0.243750 0.453125 0.268750 0.478125 0.282813 0.518750 0.295312 0.520312 0.301563 0.615625 0.301563 0.618750 0.293750 0.632812 0.289062 0.643750 0.278125 0.656250 0.232813 0.656250 0.039062 0.650000 0.003125
0 0.619844 0.746875 0.545312 0.746875 0.540625 0.754687 0.470313 0.781250 0.453125 0.796875 0.440625 0.820312 0.435380 0.849839 0.434375 0.998437 0.670312 0.998437 0.668750 0.968750 0.670312 0.960938 0.670312 0.956250 0.670312 0.926562 0.670312 0.881250 0.667188 0.800000 0.653125 0.770312 0.631250 0.754687 0.628125 0.746875
0 0.766653 0.302898 0.653125 0.310937 0.607812 0.321875 0.521875 0.320312 0.496875 0.331250 0.479687 0.356250 0.473983 0.377586 0.471875 0.695312 0.479687 0.698438 0.495312 0.723437 0.529687 0.739062 0.631250 0.737500 0.678125 0.743750 0.737500 0.745313 0.781250 0.740625 0.857812 0.717187 0.912500 0.687500 0.940625 0.662500 0.951562 0.632812 0.956250 0.462500 0.957812 0.446875 0.957812 0.406250 0.951562 0.382812 0.932813 0.359375 0.889062 0.334375 0.826562 0.310937
5 0.648438 0.596875 0.648438 0.601562 0.637500 0.614062 0.623437 0.643750 0.603125 0.668750 0.596875 0.668750 0.596875 0.689063 0.634375 0.689063 0.635938 0.682813 0.656250 0.681250 0.709375 0.670312 0.720313 0.670312 0.720313 0.660937 0.714063 0.660937 0.676562 0.621875 0.662500 0.603125 0.662500 0.596875
