4 0.324739 0.246875 0.235937 0.246875 0.235937 0.251563 0.217188 0.260937 0.189062 0.293750 0.173437 0.335938 0.165625 0.371875 0.156250 0.534375 0.153125 0.551562 0.146875 0.553125 0.146875 0.640625 0.154688 0.643750 0.179688 0.682813 0.204687 0.693750 0.207813 0.701562 0.282813 0.701562 0.284375 0.695312 0.318750 0.693750 0.370312 0.682813 0.398438 0.665625 0.418750 0.628125 0.428125 0.539062 0.431250 0.409375 0.432812 0.398438 0.439063 0.396875 0.439063 0.329688 0.432812 0.328125 0.423438 0.298438 0.404687 0.278125 0.340625 0.256250 0.332813 0.246875
0 0.300369 0.239292 0.247392 0.238262 0.206250 0.248438 0.178125 0.270313 0.171875 0.285938 0.165625 0.318750 0.151562 0.509375 0.146875 0.537500 0.140625 0.670312 0.170313 0.693750 0.200000 0.701562 0.258194 0.704759 0.306250 0.701562 0.368750 0.689063 0.396875 0.676562 0.412500 0.657813 0.420312 0.639062 0.428125 0.578125 0.432812 0.439063 0.438722 0.360673 0.432812 0.306250 0.426563 0.289062 0.410938 0.271875 0.390625 0.260937 0.351562 0.251563 0.342187 0.246875
0 0.827828 0.025039 0.692286 0.019159 0.660398 0.032531 0.642397 0.058248 0.640625 0.245352 0.657813 0.259414 0.682813 0.270352 0.753125 0.278164 0.838356 0.305125 0.856358 0.306155 0.875902 0.297925 0.894933 0.287639 0.907791 0.269638 0.901563 0.096914 0.895312 0.078164 0.878125 0.056289 0.839063 0.032852
0 0.655255 0.289695 0.598437 0.298438 0.576562 0.303125 0.500000 0.298438 0.475000 0.307812 0.457813 0.323437 0.448437 0.346875 0.440625 0.428125 0.434375 0.621875 0.439063 0.621875 0.460938 0.646875 0.484375 0.654687 0.600000 0.668750 0.653125 0.681250 0.693316 0.687272 0.740625 0.681250 0.781250 0.676562 0.846875 0.656250 0.875000 0.640625 0.890625 0.625000 0.900000 0.607812 0.900000 0.376563 0.884375 0.351562 0.865625 0.335938 0.815625 0.312500 0.767188 0.298438 0.711831 0.289181
0 0.577077 0.018130 0.459809 0.018644 0.435122 0.045903 0.425350 0.060819 0.419178 0.234148 0.428125 0.253125 0.446875 0.270313 0.481250 0.282813 0.523438 0.289062 0.567187 0.289062 0.598437 0.279687 0.620313 0.254688 0.626563 0.223438 0.628125 0.060937 0.618750 0.043750 0.590625 0.023438
7 0.343125 0.065625 0.267188 0.065625 0.267188 0.070312 0.248438 0.085938 0.228125 0.110937 0.207813 0.128125 0.203125 0.128125 0.203125 0.179688 0.207813 0.179688 0.234375 0.206250 0.262500 0.220312 0.315625 0.225000 0.321875 0.228125 0.337500 0.226562 0.362500 0.214062 0.385937 0.189062 0.392188 0.167187 0.404687 0.153125 0.407813 0.126562 0.403125 0.096875 0.393750 0.084375 0.379688 0.076563 0.356250 0.073438 0.351562 0.065625
0 0.860742 0.678125 0.840928 0.678014 0.801562 0.685937 0.773438 0.693750 0.668750 0.704688 0.645312 0.715625 0.626563 0.737500 0.621823 0.825627 0.621875 0.959375 0.667084 0.992783 0.828125 0.998437 0.856250 0.984375 0.887500 0.953125 0.901563 0.925000 0.906250 0.903125 0.907813 0.743750 0.901563 0.714063 0.868750 0.684375
0 0.556009 0.671875 0.501470 0.670814 0.456250 0.679688 0.415625 0.695312 0.398438 0.717187 0.388319 0.794253 0.390625 0.950000 0.421875 0.975000 0.439063 0.981250 0.566791 0.983011 0.589420 0.963467 0.600000 0.939063 0.606250 0.918750 0.607812 0.882812 0.613594 0.818427 0.607812 0.723437 0.595313 0.696875 0.567187 0.679688
3 0.504253 0.679212 0.456250 0.684375 0.421875 0.696875 0.404687 0.718750 0.403184 0.774272 0.396875 0.898438 0.451562 0.898438 0.468750 0.904687 0.490625 0.900000 0.534375 0.901563 0.551562 0.915625 0.593750 0.901563 0.601562 0.829688 0.601562 0.815625 0.601562 0.795312 0.598437 0.751563 0.585938 0.704688 0.559431 0.683036
0 0.364659 0.015558 0.283395 0.015044 0.239063 0.028125 0.215625 0.043750 0.196875 0.064062 0.185938 0.085938 0.178125 0.203125 0.201563 0.218750 0.225000 0.226562 0.292187 0.225000 0.328125 0.231250 0.352316 0.236206 0.370312 0.231250 0.396875 0.210938 0.404687 0.193750 0.414062 0.159375 0.414062 0.057813 0.407862 0.041275 0.387500 0.021875
0 0.332256 0.716075 0.253050 0.724819 0.178472 0.715559 0.153270 0.727905 0.129688 0.757812 0.121875 0.906250 0.151727 0.940836 0.175000 0.951562 0.198437 0.960938 0.253125 0.968750 0.288539 0.972211 0.312500 0.970313 0.339062 0.954688 0.351562 0.940625 0.362500 0.912500 0.364063 0.848437 0.370312 0.820312 0.374945 0.790137 0.368750 0.756250 0.348438 0.728125
6 0.818750 0.028125 0.798047 0.029898 0.798047 0.038234 0.758289 0.044969 0.748350 0.028295 0.713400 0.028937 0.694484 0.034708 0.685827 0.038234 0.648633 0.068053 0.646875 0.248438 0.668750 0.264062 0.685937 0.270313 0.750000 0.275000 0.831250 0.298438 0.854688 0.295312 0.873437 0.281250 0.884375 0.250000 0.885938 0.204687 0.901563 0.110937 0.895312 0.109375 0.890625 0.092188 0.879687 0.076563 0.837500 0.045312 0.826562 0.034375 0.826562 0.028125
8 0.265383 0.743372 0.226998 0.749328 0.189938 0.757931 0.151562 0.784375 0.144934 0.818155 0.148244 0.845289 0.154688 0.854688 0.162803 0.879703 0.176041 0.898233 0.298438 0.898438 0.321875 0.895312 0.332813 0.887500 0.339062 0.868750 0.336858 0.830730 0.334375 0.792188 0.320312 0.762500 0.310937 0.753125 0.289062 0.746875
1 0.626563 0.765625 0.625000 0.903125 0.642188 0.909375 0.651563 0.920312 0.653125 0.935937 0.643750 0.959375 0.654687 0.968750 0.776563 0.973437 0.821875 0.962500 0.853125 0.946875 0.867188 0.931250 0.885938 0.876563 0.889062 0.760938 0.884375 0.718750 0.862500 0.690625 0.832812 0.685937 0.742188 0.707812 0.662500 0.709375 0.639062 0.725000
2 0.432812 0.065625 0.428125 0.237500 0.435937 0.256250 0.453125 0.270313 0.487500 0.281250 0.540625 0.287500 0.582812 0.284375 0.606250 0.270313 0.617188 0.243750 0.618750 0.215625 0.621875 0.070312 0.617188 0.056250 0.587500 0.042188 0.471875 0.039062 0.451562 0.046875
5 0.640625 0.403125 0.626563 0.417187 0.631250 0.425000 0.832812 0.554688 0.859375 0.564063 0.857812 0.403125 0.842187 0.334375 0.782813 0.335938 0.725000 0.351562 0.668750 0.379688
5 0.539062 0.564063 0.540625 0.621875 0.554688 0.634375 0.792188 0.645312 0.823438 0.642188 0.839063 0.626563 0.756250 0.562500 0.598437 0.456250 0.568750 0.487500
5 0.582812 0.334375 0.581250 0.343750 0.570312 0.348438 0.606250 0.378125 0.612500 0.401562 0.626563 0.409375 0.679688 0.368750 0.671875 0.362500 0.640625 0.365625 0.635938 0.346875 0.614062 0.340625 0.607812 0.332813
5 0.459375 0.418750 0.457813 0.545312 0.450000 0.598437 0.462500 0.635938 0.703125 0.673438 0.759375 0.670312 0.771875 0.664062 0.764062 0.646875 0.551562 0.635938 0.535937 0.609375 0.535937 0.570312 0.560937 0.498437 0.587500 0.460938 0.585938 0.453125 0.559375 0.448437 0.521875 0.429688 0.492188 0.403125 0.465625 0.360938
