7 0.894922 0.659375 0.804688 0.659375 0.804688 0.664062 0.782813 0.681250 0.759375 0.734375 0.753125 0.735938 0.753125 0.839063 0.759375 0.839063 0.782813 0.860938 0.821875 0.873437 0.920312 0.871875 0.931250 0.865625 0.943750 0.843750 0.967187 0.826562 0.976562 0.792188 0.982812 0.790625 0.982812 0.765625 0.976562 0.764062 0.960938 0.729688 0.925000 0.692187 0.903125 0.659375
4 0.635831 0.609375 0.295312 0.609375 0.295312 0.614062 0.267188 0.640625 0.257812 0.668750 0.251563 0.728125 0.242188 0.760938 0.234375 0.765625 0.234375 0.773438 0.248438 0.784375 0.253125 0.809375 0.239063 0.826562 0.234375 0.826562 0.234375 0.859375 0.242188 0.862500 0.248438 0.876563 0.715625 0.876563 0.723437 0.853125 0.725000 0.826562 0.732812 0.820312 0.732812 0.771875 0.725000 0.767188 0.709375 0.684375 0.701562 0.662500 0.687500 0.643750 0.667188 0.625000 0.645312 0.615625 0.643750 0.609375
0 0.237500 0.415625 0.043961 0.417080 0.019983 0.437063 0.003108 0.465038 0.001333 0.489017 0.005773 0.600475 0.019983 0.618681 0.042188 0.626563 0.210938 0.626563 0.242188 0.615625 0.265625 0.584375 0.281250 0.509375 0.276647 0.449052 0.259773 0.424184
1 0.859103 0.165625 0.681250 0.165625 0.678125 0.173437 0.671875 0.173437 0.671875 0.240625 0.679688 0.245312 0.689063 0.276562 0.698438 0.350000 0.707812 0.370312 0.725000 0.385937 0.748437 0.393750 0.909375 0.392188 0.935937 0.384375 0.946875 0.371875 0.960938 0.320312 0.970313 0.314063 0.970313 0.295312 0.964063 0.293750 0.937500 0.226562 0.889062 0.181250 0.868750 0.171875 0.867188 0.165625
0 0.926562 0.409375 0.720975 0.412956 0.695312 0.432812 0.686177 0.441955 0.681102 0.456455 0.679289 0.530763 0.684375 0.568750 0.704688 0.607812 0.728125 0.626563 0.753125 0.632812 0.932813 0.632812 0.970313 0.625000 0.986311 0.612320 0.994647 0.594922 0.993197 0.493789 0.990659 0.456817 0.979423 0.436155 0.952962 0.413319 0.934375 0.409375
2 0.891008 0.428838 0.746520 0.432950 0.710938 0.431250 0.683087 0.469659 0.681619 0.529275 0.690625 0.567187 0.707812 0.606250 0.729688 0.621875 0.782813 0.626563 0.857812 0.626563 0.915625 0.626563 0.943750 0.618750 0.968750 0.584375 0.970313 0.545312 0.962500 0.464062 0.951562 0.445312 0.929688 0.428125
0 0.948166 0.653125 0.770312 0.653125 0.740625 0.685937 0.740625 0.771875 0.750000 0.845313 0.764062 0.876563 0.985938 0.876563 0.998437 0.850000 0.998437 0.690625 0.972173 0.663792 0.956250 0.653125
0 0.655036 0.605909 0.293750 0.607812 0.273438 0.620313 0.259375 0.637500 0.234634 0.709536 0.225505 0.761928 0.228742 0.873469 0.732812 0.876563 0.735444 0.815598 0.732670 0.743848 0.721875 0.710938 0.696875 0.640625 0.681250 0.621875 0.674098 0.613533
0 0.192744 0.149781 0.101916 0.156178 0.076756 0.168544 0.054688 0.184375 0.034375 0.209375 0.015625 0.250000 0.011545 0.375783 0.035937 0.396875 0.051562 0.401562 0.223438 0.401562 0.248438 0.389062 0.264062 0.365625 0.275000 0.287500 0.293750 0.231250 0.301055 0.209481 0.301563 0.181250 0.287836 0.166413 0.260661 0.149758
0 0.872764 0.134944 0.700652 0.138477 0.670467 0.160312 0.659375 0.173437 0.668750 0.221875 0.682813 0.267188 0.696875 0.359375 0.707812 0.378125 0.732812 0.395313 0.921875 0.395313 0.956250 0.382812 0.976562 0.356250 0.982812 0.354687 0.982812 0.309375 0.966848 0.208156 0.946875 0.179688 0.929920 0.155495 0.895241 0.139441
0 0.167930 0.645234 0.033803 0.645041 0.000820 0.660859 0.000000 0.838256 0.013828 0.855542 0.033419 0.874748 0.197695 0.874922 0.215494 0.873980 0.217030 0.857462 0.218008 0.803047 0.218008 0.770234 0.218008 0.728047 0.218008 0.685859 0.193598 0.652339 0.175820 0.645234
2 0.251981 0.433784 0.060122 0.435552 0.046859 0.441741 0.032813 0.450000 0.028734 0.474013 0.024756 0.497442 0.021219 0.587183 0.021875 0.593750 0.045312 0.615625 0.062500 0.620313 0.083552 0.622548 0.214405 0.623433 0.239063 0.614062 0.259375 0.587500 0.276562 0.523438 0.276562 0.467187 0.267895 0.444836
0 0.568750 0.139063 0.567187 0.140625 0.539062 0.140625 0.537500 0.142187 0.509375 0.142187 0.507812 0.143750 0.492188 0.143750 0.490625 0.145313 0.367188 0.145313 0.357812 0.154688 0.356250 0.154688 0.345313 0.165625 0.343750 0.165625 0.332813 0.176563 0.331250 0.176563 0.331250 0.178125 0.329688 0.179688 0.329688 0.181250 0.328125 0.182812 0.328125 0.184375 0.326562 0.185938 0.326562 0.187500 0.325000 0.189062 0.325000 0.190625 0.323437 0.192188 0.323437 0.193750 0.321875 0.195312 0.321875 0.198437 0.320312 0.200000 0.320312 0.201563 0.318750 0.203125 0.318750 0.204687 0.317188 0.206250 0.317188 0.207813 0.315625 0.209375 0.315625 0.210938 0.314063 0.212500 0.314063 0.214062 0.312500 0.215625 0.312500 0.217188 0.310937 0.218750 0.310937 0.220312 0.309375 0.221875 0.309375 0.223438 0.307812 0.225000 0.307812 0.226562 0.306250 0.228125 0.306250 0.231250 0.304688 0.232813 0.304688 0.234375 0.303125 0.235937 0.303125 0.237500 0.301563 0.239063 0.301563 0.240625 0.300000 0.242188 0.300000 0.245312 0.298438 0.246875 0.298438 0.250000 0.296875 0.251563 0.296875 0.256250 0.295312 0.257812 0.295312 0.262500 0.293750 0.264062 0.293750 0.267188 0.292187 0.268750 0.292187 0.273438 0.290625 0.275000 0.290625 0.278125 0.289062 0.279687 0.289062 0.284375 0.287500 0.285938 0.287500 0.290625 0.285938 0.292187 0.285938 0.295312 0.284375 0.296875 0.284375 0.306250 0.282813 0.307812 0.282813 0.321875 0.281250 0.323437 0.281250 0.337500 0.279687 0.339062 0.279687 0.353125 0.278125 0.354687 0.278125 0.365625 0.279687 0.367188 0.279687 0.375000 0.281250 0.376563 0.281250 0.384375 0.282813 0.385937 0.282813 0.393750 0.284375 0.395313 0.284375 0.403125 0.285938 0.404687 0.285938 0.414062 0.287500 0.415625 0.287500 0.423438 0.289062 0.425000 0.289062 0.432812 0.290625 0.434375 0.290625 0.442188 0.292187 0.443750 0.292187 0.496875 0.293750 0.498437 0.293750 0.550000 0.295312 0.551562 0.295312 0.553125 0.296875 0.554688 0.296875 0.556250 0.298438 0.557813 0.298438 0.559375 0.300000 0.560937 0.300000 0.562500 0.301563 0.564063 0.301563 0.565625 0.303125 0.567187 0.303125 0.568750 0.318750 0.584375 0.320312 0.584375 0.321875 0.585938 0.326562 0.585938 0.328125 0.587500 0.339062 0.587500 0.340625 0.589063 0.351562 0.589063 0.353125 0.590625 0.364063 0.590625 0.365625 0.592187 0.500000 0.592187 0.501563 0.590625 0.620313 0.590625 0.621875 0.589063 0.625000 0.589063 0.626563 0.587500 0.629687 0.587500 0.631250 0.585938 0.632812 0.585938 0.653125 0.565625 0.653125 0.564063 0.654687 0.562500 0.654687 0.559375 0.656250 0.557813 0.656250 0.554688 0.657813 0.553125 0.657813 0.550000 0.659375 0.548438 0.659375 0.545312 0.660937 0.543750 0.660937 0.539062 0.662500 0.537500 0.662500 0.510938 0.660937 0.509375 0.660937 0.479687 0.662500 0.478125 0.662500 0.468750 0.664062 0.467187 0.664062 0.457813 0.665625 0.456250 0.665625 0.446875 0.667188 0.445312 0.667188 0.435937 0.668750 0.434375 0.668750 0.426563 0.670312 0.425000 0.670312 0.415625 0.671875 0.414062 0.671875 0.404687 0.673438 0.403125 0.673438 0.393750 0.675000 0.392188 0.675000 0.382812 0.676562 0.381250 0.676562 0.346875 0.675000 0.345313 0.675000 0.312500 0.673438 0.310937 0.673438 0.304688 0.671875 0.303125 0.671875 0.298438 0.670312 0.296875 0.670312 0.292187 0.668750 0.290625 0.668750 0.284375 0.667188 0.282813 0.667188 0.278125 0.665625 0.276562 0.665625 0.271875 0.664062 0.270313 0.664062 0.264062 0.662500 0.262500 0.662500 0.257812 0.660937 0.256250 0.660937 0.251563 0.659375 0.250000 0.659375 0.243750 0.657813 0.242188 0.657813 0.237500 0.656250 0.235937 0.656250 0.229687 0.654687 0.228125 0.654687 0.223438 0.653125 0.221875 0.653125 0.218750 0.651563 0.217188 0.651563 0.215625 0.650000 0.214062 0.650000 0.210938 0.648438 0.209375 0.648438 0.207813 0.646875 0.206250 0.646875 0.204687 0.645312 0.203125 0.645312 0.201563 0.643750 0.200000 0.643750 0.196875 0.642188 0.195312 0.642188 0.193750 0.640625 0.192188 0.640625 0.190625 0.639062 0.189062 0.639062 0.187500 0.629687 0.178125 0.629687 0.176563 0.618750 0.165625 0.618750 0.164062 0.609375 0.154688 0.609375 0.153125 0.607812 0.153125 0.604688 0.150000 0.603125 0.150000 0.601562 0.148438 0.600000 0.148438 0.596875 0.145313 0.595313 0.145313 0.593750 0.143750 0.592187 0.143750 0.589063 0.140625 0.587500 0.140625 0.585938 0.139063
5 0.382812 0.559375 0.379688 0.567187 0.407813 0.571875 0.621875 0.575000 0.640625 0.567187 0.643750 0.498437 0.651563 0.473438 0.643750 0.407813 0.651563 0.328125 0.646875 0.301563 0.629687 0.276562 0.584375 0.325000 0.546875 0.339062
5 0.326562 0.257812 0.306250 0.437500 0.307812 0.462500 0.318750 0.485938 0.309375 0.526563 0.317188 0.551562 0.340625 0.515625 0.515625 0.307812 0.525000 0.254688 0.546875 0.217188 0.567187 0.196875 0.596875 0.181250 0.634375 0.181250 0.628125 0.173437 0.610938 0.173437 0.484375 0.187500 0.420312 0.181250 0.350000 0.164062 0.339062 0.176563
1 0.151562 0.171875 0.148438 0.175000 0.146875 0.175000 0.145313 0.176563 0.142187 0.176563 0.140625 0.175000 0.137500 0.175000 0.135937 0.173437 0.135937 0.175000 0.132812 0.178125 0.129688 0.178125 0.128125 0.179688 0.126562 0.179688 0.125000 0.178125 0.121875 0.178125 0.120313 0.179688 0.118750 0.179688 0.117188 0.181250 0.115625 0.181250 0.114062 0.182812 0.110937 0.182812 0.109375 0.184375 0.107813 0.184375 0.106250 0.185938 0.104688 0.185938 0.103125 0.187500 0.101562 0.187500 0.100000 0.189062 0.098437 0.189062 0.096875 0.190625 0.095312 0.190625 0.093750 0.192188 0.090625 0.192188 0.089063 0.193750 0.087500 0.193750 0.085938 0.195312 0.084375 0.195312 0.082812 0.196875 0.081250 0.196875 0.079687 0.198437 0.078125 0.198437 0.076563 0.200000 0.076563 0.201563 0.053125 0.225000 0.053125 0.226562 0.051562 0.228125 0.051562 0.229687 0.050000 0.231250 0.050000 0.232813 0.048438 0.234375 0.048438 0.235937 0.046875 0.237500 0.046875 0.240625 0.045312 0.242188 0.045312 0.243750 0.043750 0.245312 0.043750 0.246875 0.039062 0.251563 0.035937 0.251563 0.034375 0.253125 0.034375 0.379688 0.035937 0.381250 0.037500 0.381250 0.039062 0.382812 0.040625 0.382812 0.042188 0.384375 0.043750 0.384375 0.045312 0.385937 0.046875 0.385937 0.048438 0.387500 0.050000 0.387500 0.051562 0.389062 0.053125 0.389062 0.056250 0.392188 0.057813 0.392188 0.059375 0.393750 0.060937 0.393750 0.062500 0.395313 0.064062 0.395313 0.065625 0.396875 0.067187 0.396875 0.068750 0.398438 0.143750 0.398438 0.145313 0.396875 0.220312 0.396875 0.221875 0.395313 0.223438 0.395313 0.225000 0.393750 0.226562 0.393750 0.228125 0.392188 0.229687 0.392188 0.232813 0.389062 0.234375 0.389062 0.235937 0.387500 0.237500 0.387500 0.239063 0.385937 0.240625 0.385937 0.242188 0.384375 0.243750 0.384375 0.246875 0.381250 0.246875 0.379688 0.248438 0.378125 0.248438 0.376563 0.251563 0.373437 0.251563 0.371875 0.253125 0.370312 0.253125 0.368750 0.254688 0.367188 0.254688 0.365625 0.256250 0.364063 0.256250 0.362500 0.257812 0.360938 0.257812 0.359375 0.260937 0.356250 0.260937 0.354687 0.262500 0.353125 0.262500 0.348438 0.264062 0.346875 0.264062 0.337500 0.265625 0.335938 0.265625 0.326562 0.267188 0.325000 0.267188 0.317188 0.268750 0.315625 0.268750 0.306250 0.270313 0.304688 0.270313 0.295312 0.271875 0.293750 0.271875 0.285938 0.273438 0.284375 0.273438 0.275000 0.275000 0.273438 0.275000 0.267188 0.276562 0.265625 0.276562 0.262500 0.278125 0.260937 0.278125 0.257812 0.279687 0.256250 0.279687 0.253125 0.281250 0.251563 0.281250 0.248438 0.282813 0.246875 0.282813 0.242188 0.284375 0.240625 0.284375 0.237500 0.285938 0.235937 0.285938 0.232813 0.287500 0.231250 0.287500 0.228125 0.289062 0.226562 0.289062 0.223438 0.290625 0.221875 0.290625 0.217188 0.296875 0.210938 0.298438 0.210938 0.300000 0.209375 0.300000 0.201563 0.298438 0.201563 0.296875 0.200000 0.295312 0.200000 0.292187 0.196875 0.292187 0.195312 0.290625 0.193750 0.290625 0.190625 0.289062 0.189062 0.289062 0.187500 0.287500 0.185938 0.287500 0.184375 0.285938 0.182812 0.285938 0.181250 0.284375 0.179688 0.284375 0.176563 0.282813 0.175000 0.282813 0.173437 0.281250 0.171875
8 0.104688 0.753125 0.098437 0.771875 0.112500 0.825000 0.157812 0.834375 0.196875 0.828125 0.190625 0.781250 0.206250 0.773438 0.207813 0.726562 0.181250 0.718750 0.139063 0.721875 0.123438 0.728125
