2 0.839733 0.290625 0.787500 0.290625 0.784375 0.298438 0.762500 0.310937 0.609375 0.385937 0.578125 0.409375 0.578125 0.535937 0.606250 0.556250 0.785937 0.623437 0.831250 0.631250 0.850000 0.620313 0.867188 0.595313 0.864062 0.523438 0.868750 0.498437 0.876563 0.493750 0.876563 0.479687 0.870313 0.478125 0.862500 0.396875 0.868750 0.329688 0.848437 0.290625
6 0.285938 0.015625 0.275000 0.015625 0.275000 0.020313 0.260937 0.029687 0.228125 0.023438 0.204687 0.029687 0.168750 0.059375 0.128125 0.073438 0.128125 0.251563 0.329688 0.318750 0.359375 0.331250 0.362500 0.339062 0.396875 0.339062 0.396875 0.332813 0.421875 0.307812 0.429688 0.281250 0.437500 0.239063 0.431250 0.190625 0.434375 0.106250 0.437500 0.098437 0.445312 0.095312 0.445312 0.082812 0.418750 0.078125 0.375000 0.050000 0.325000 0.040625 0.306250 0.029687 0.296875 0.015625
0 0.856250 0.278125 0.793750 0.278125 0.793750 0.284375 0.784375 0.290625 0.734375 0.309375 0.698438 0.332813 0.673438 0.340625 0.623437 0.367188 0.571875 0.407813 0.571875 0.537500 0.576562 0.537500 0.595313 0.560937 0.631250 0.578125 0.825000 0.650000 0.828125 0.657813 0.857812 0.657813 0.871875 0.640625 0.875000 0.609375 0.876563 0.340625 0.871875 0.293750 0.864062 0.278125
0 0.218323 0.309375 0.172266 0.297370 0.139219 0.301542 0.126000 0.315797 0.124956 0.998437 0.545312 0.998437 0.557559 0.984691 0.560342 0.971119 0.558603 0.833084 0.557813 0.823438 0.556250 0.810937 0.551994 0.504988 0.550950 0.468481 0.544341 0.444144 0.525000 0.425000 0.498437 0.407813 0.381250 0.371875 0.321875 0.346875 0.237500 0.320312 0.229687 0.317188 0.224792 0.314406
6 0.653795 0.615625 0.601562 0.615625 0.601562 0.621875 0.578125 0.639062 0.578125 0.843750 0.585938 0.850000 0.584375 0.882812 0.578125 0.884375 0.578125 0.890625 0.584375 0.892188 0.589063 0.925000 0.600000 0.931250 0.637500 0.932813 0.646875 0.948438 0.645312 0.959375 0.637500 0.965625 0.648438 0.973437 0.679688 0.971875 0.717187 0.954688 0.739062 0.956250 0.748437 0.964063 0.762500 0.965625 0.795312 0.948438 0.837500 0.939063 0.859375 0.942187 0.876563 0.934375 0.876563 0.710938 0.870313 0.710938 0.848437 0.689063 0.776563 0.662500 0.743750 0.639062 0.721875 0.631250 0.667188 0.623437 0.662500 0.615625
7 0.146875 0.396875 0.146875 0.467187 0.154688 0.467187 0.164062 0.459375 0.167187 0.462500 0.157812 0.475000 0.153125 0.517188 0.146875 0.518750 0.146875 0.525000 0.153125 0.526563 0.154688 0.559375 0.175000 0.581250 0.210938 0.582812 0.246875 0.614062 0.268750 0.620313 0.296875 0.648438 0.331250 0.662500 0.351562 0.660937 0.370312 0.645312 0.429688 0.553125 0.460938 0.492188 0.479687 0.467187 0.489063 0.464062 0.489063 0.442188 0.454688 0.435937 0.415625 0.412500 0.379688 0.403125 0.378125 0.396875 0.281250 0.396875 0.276562 0.404687 0.250000 0.410938 0.239063 0.409375 0.232813 0.396875 0.168750 0.396875 0.167187 0.407813 0.162500 0.409375 0.157812 0.396875
0 0.674844 0.609375 0.603125 0.609375 0.601562 0.617188 0.576562 0.643750 0.571875 0.643750 0.571875 0.953125 0.578125 0.954688 0.589063 0.985938 0.598437 0.998437 0.807813 0.998437 0.876563 0.982812 0.876563 0.687500 0.689063 0.618750 0.682813 0.609375
0 0.679522 0.013836 0.500000 0.009375 0.468750 0.048438 0.459375 0.053125 0.459375 0.323437 0.469342 0.338214 0.487500 0.365625 0.517188 0.382812 0.528409 0.388973 0.556250 0.389062 0.557813 0.382812 0.579688 0.376563 0.654687 0.335938 0.721875 0.298438 0.767531 0.275878 0.817187 0.248438 0.876563 0.217188 0.876563 0.037500 0.862845 0.030177 0.832812 0.023438 0.809375 0.021875 0.794317 0.018703 0.770314 0.018355 0.763358 0.019050 0.757812 0.017188 0.709375 0.015625 0.696916 0.016269
4 0.595983 0.009375 0.543750 0.009375 0.542188 0.015625 0.523438 0.028125 0.478125 0.040625 0.459375 0.053125 0.459375 0.315625 0.467187 0.318750 0.489063 0.362500 0.509375 0.375000 0.512500 0.382812 0.556250 0.382812 0.557813 0.376563 0.639062 0.337500 0.718750 0.284375 0.770312 0.259375 0.796875 0.240625 0.854688 0.223438 0.876563 0.210938 0.876563 0.076563 0.868750 0.073438 0.859375 0.051562 0.789062 0.031250 0.751563 0.028125 0.721875 0.018750 0.687500 0.018750 0.681250 0.017188 0.678125 0.009375 0.628125 0.009375 0.621875 0.017188 0.606250 0.015625 0.604688 0.009375
0 0.376420 0.003125 0.121875 0.003125 0.121875 0.256250 0.373437 0.339062 0.375000 0.345313 0.385937 0.345313 0.387500 0.339062 0.420312 0.325000 0.435937 0.306250 0.445312 0.282813 0.449653 0.264519 0.448261 0.186641 0.446870 0.175863 0.447914 0.169258 0.446522 0.163789 0.446870 0.152662 0.445312 0.140625 0.445312 0.117188 0.445478 0.115462 0.446870 0.107119 0.443750 0.092188 0.441305 0.049784 0.414519 0.023709 0.384375 0.003125
5 0.214062 0.993750 0.214062 0.995313 0.212500 0.996875 0.212500 0.998437 0.215625 0.998437 0.215625 0.993750
5 0.357812 0.990625 0.356250 0.992188 0.354687 0.992188 0.353125 0.993750 0.354687 0.995313 0.356250 0.995313 0.360938 0.990625
5 0.343750 0.985938 0.340625 0.989062 0.337500 0.989062 0.335938 0.987500 0.331250 0.987500 0.331250 0.990625 0.329688 0.992188 0.326562 0.992188 0.325000 0.993750 0.325000 0.998437 0.348438 0.998437 0.346875 0.996875 0.346875 0.992188 0.348438 0.990625 0.351562 0.990625 0.350000 0.990625 0.348438 0.989062 0.346875 0.989062
5 0.339062 0.979688 0.340625 0.979688 0.342187 0.981250 0.343750 0.981250 0.345313 0.979688
5 0.289062 0.979688 0.289062 0.981250 0.290625 0.982812 0.290625 0.979688
5 0.275000 0.975000 0.273438 0.976562 0.273438 0.978125 0.271875 0.979688 0.270313 0.979688 0.270313 0.985938 0.271875 0.985938 0.276562 0.990625 0.275000 0.992188 0.273438 0.992188 0.271875 0.993750 0.264062 0.993750 0.268750 0.993750 0.270313 0.995313 0.271875 0.995313 0.273438 0.996875 0.273438 0.998437 0.278125 0.998437 0.278125 0.992188 0.279687 0.990625 0.281250 0.992188 0.281250 0.995313 0.284375 0.998437 0.300000 0.998437 0.301563 0.996875 0.306250 0.996875 0.307812 0.995313 0.317188 0.995313 0.317188 0.993750 0.310937 0.993750 0.309375 0.992188 0.307812 0.992188 0.306250 0.990625 0.304688 0.992188 0.296875 0.992188 0.295312 0.990625 0.296875 0.989062 0.296875 0.985938 0.295312 0.984375 0.293750 0.984375 0.293750 0.985938 0.289062 0.990625 0.287500 0.990625 0.285938 0.992188 0.281250 0.992188 0.279687 0.990625 0.278125 0.990625 0.276562 0.989062 0.276562 0.985938 0.278125 0.984375 0.279687 0.984375 0.281250 0.982812 0.282813 0.982812 0.282813 0.981250 0.281250 0.979688 0.278125 0.979688 0.276562 0.978125 0.276562 0.976562
5 0.300000 0.968750 0.298438 0.970313 0.300000 0.970313
5 0.284375 0.968750 0.284375 0.970313 0.285938 0.970313 0.287500 0.971875 0.289062 0.971875 0.290625 0.970313 0.289062 0.968750
5 0.334375 0.967187 0.332813 0.968750 0.331250 0.968750 0.329688 0.970313 0.328125 0.968750 0.323437 0.968750 0.321875 0.970313 0.323437 0.971875 0.323437 0.973437 0.325000 0.973437 0.326562 0.971875 0.329688 0.971875 0.331250 0.973437 0.332813 0.973437 0.334375 0.975000 0.334375 0.978125 0.334375 0.976562 0.335938 0.975000 0.339062 0.975000 0.339062 0.973437 0.340625 0.971875 0.342187 0.971875 0.343750 0.973437 0.345313 0.971875 0.345313 0.970313 0.343750 0.970313 0.342187 0.968750 0.335938 0.968750
5 0.145313 0.809375 0.146875 0.810937 0.146875 0.809375
5 0.425000 0.682813 0.420312 0.687500 0.418750 0.687500 0.414062 0.692187 0.414062 0.693750 0.410938 0.696875 0.410938 0.698438 0.407813 0.701562 0.407813 0.703125 0.406250 0.704688 0.406250 0.706250 0.404687 0.707812 0.404687 0.709375 0.401562 0.712500 0.400000 0.712500 0.400000 0.714063 0.396875 0.717187 0.396875 0.718750 0.395313 0.720313 0.395313 0.721875 0.393750 0.723437 0.393750 0.725000 0.385937 0.732812 0.385937 0.734375 0.384375 0.735938 0.384375 0.737500 0.382812 0.739062 0.382812 0.740625 0.381250 0.742188 0.381250 0.743750 0.379688 0.745313 0.379688 0.746875 0.378125 0.748437 0.378125 0.751563 0.375000 0.754687 0.373437 0.754687 0.371875 0.756250 0.371875 0.757812 0.370312 0.759375 0.370312 0.760938 0.368750 0.762500 0.368750 0.765625 0.367188 0.767188 0.367188 0.768750 0.357812 0.778125 0.357812 0.779687 0.356250 0.781250 0.356250 0.782813 0.353125 0.785937 0.353125 0.787500 0.351562 0.789062 0.351562 0.792188 0.348438 0.795312 0.348438 0.796875 0.345313 0.800000 0.345313 0.801562 0.343750 0.803125 0.343750 0.804688 0.342187 0.806250 0.342187 0.807813 0.334375 0.815625 0.334375 0.818750 0.326562 0.826562 0.326562 0.828125 0.325000 0.829688 0.325000 0.832812 0.323437 0.834375 0.323437 0.842187 0.321875 0.843750 0.321875 0.845313 0.323437 0.846875 0.323437 0.850000 0.321875 0.851562 0.323437 0.853125 0.323437 0.864062 0.325000 0.865625 0.325000 0.870313 0.323437 0.871875 0.323437 0.881250 0.321875 0.882812 0.321875 0.890625 0.315625 0.896875 0.314063 0.896875 0.314063 0.898438 0.315625 0.900000 0.315625 0.904687 0.314063 0.906250 0.314063 0.907813 0.312500 0.909375 0.312500 0.912500 0.310937 0.914062 0.310937 0.915625 0.309375 0.917188 0.312500 0.920312 0.314063 0.920312 0.315625 0.921875 0.331250 0.921875 0.332813 0.923438 0.337500 0.923438 0.339062 0.925000 0.342187 0.925000 0.345313 0.928125 0.346875 0.928125 0.348438 0.926562 0.350000 0.926562 0.351562 0.925000 0.353125 0.925000 0.354687 0.923438 0.365625 0.923438 0.367188 0.925000 0.365625 0.926562 0.365625 0.928125 0.367188 0.928125 0.368750 0.929688 0.370312 0.929688 0.371875 0.928125 0.375000 0.928125 0.376563 0.926562 0.387500 0.926562 0.389062 0.925000 0.393750 0.925000 0.395313 0.923438 0.400000 0.923438 0.401562 0.921875 0.407813 0.921875 0.409375 0.920312 0.414062 0.920312 0.415625 0.921875 0.420312 0.921875 0.425000 0.917188 0.428125 0.917188 0.429688 0.918750 0.429688 0.920312 0.439063 0.920312 0.440625 0.921875 0.450000 0.921875 0.451562 0.923438 0.460938 0.923438 0.462500 0.921875 0.468750 0.921875 0.470313 0.920312 0.471875 0.920312 0.473438 0.918750 0.473438 0.917188 0.475000 0.915625 0.475000 0.914062 0.476562 0.912500 0.476562 0.909375 0.478125 0.907813 0.478125 0.903125 0.479687 0.901563 0.479687 0.898438 0.481250 0.896875 0.481250 0.887500 0.479687 0.885938 0.479687 0.860938 0.481250 0.859375 0.481250 0.856250 0.482812 0.854688 0.482812 0.850000 0.484375 0.848437 0.484375 0.831250 0.485938 0.829688 0.485938 0.826562 0.487500 0.825000 0.487500 0.815625 0.489063 0.814063 0.489063 0.793750 0.490625 0.792188 0.490625 0.789062 0.492188 0.787500 0.492188 0.775000 0.490625 0.773438 0.490625 0.770312 0.492188 0.768750 0.492188 0.759375 0.493750 0.757812 0.493750 0.745313 0.495312 0.743750 0.495312 0.739062 0.496875 0.737500 0.496875 0.732812 0.498437 0.731250 0.498437 0.714063 0.500000 0.712500 0.498437 0.710938 0.498437 0.707812 0.496875 0.706250 0.496875 0.703125 0.493750 0.700000 0.493750 0.698438 0.490625 0.695312 0.489063 0.695312 0.487500 0.693750 0.485938 0.693750 0.481250 0.689063 0.479687 0.689063 0.478125 0.687500 0.465625 0.687500 0.464062 0.685937 0.459375 0.685937 0.457813 0.684375 0.446875 0.684375 0.445312 0.682813 0.443750 0.684375 0.439063 0.684375 0.437500 0.682813
5 0.201563 0.659375 0.200000 0.660937 0.195312 0.660937 0.198437 0.664062 0.196875 0.665625 0.195312 0.665625 0.193750 0.667188 0.192188 0.667188 0.187500 0.671875 0.187500 0.678125 0.185938 0.679688 0.185938 0.685937 0.184375 0.687500 0.182812 0.687500 0.181250 0.689063 0.182812 0.689063 0.184375 0.690625 0.184375 0.692187 0.182812 0.693750 0.181250 0.693750 0.179688 0.695312 0.176563 0.695312 0.175000 0.696875 0.173437 0.696875 0.173437 0.698438 0.170313 0.701562 0.168750 0.701562 0.168750 0.707812 0.167187 0.709375 0.170313 0.712500 0.168750 0.714063 0.168750 0.717187 0.170313 0.718750 0.170313 0.721875 0.168750 0.723437 0.170313 0.725000 0.170313 0.735938 0.168750 0.737500 0.168750 0.739062 0.170313 0.740625 0.167187 0.743750 0.167187 0.748437 0.164062 0.751563 0.164062 0.757812 0.160938 0.760938 0.160938 0.765625 0.159375 0.767188 0.159375 0.770312 0.157812 0.771875 0.157812 0.773438 0.156250 0.775000 0.156250 0.781250 0.157812 0.782813 0.156250 0.784375 0.156250 0.785937 0.157812 0.787500 0.157812 0.789062 0.156250 0.790625 0.156250 0.796875 0.154688 0.798438 0.154688 0.800000 0.156250 0.801562 0.156250 0.804688 0.154688 0.806250 0.153125 0.806250 0.153125 0.817187 0.150000 0.820312 0.143750 0.814063 0.143750 0.817187 0.142187 0.818750 0.142187 0.821875 0.140625 0.823438 0.143750 0.826562 0.143750 0.831250 0.140625 0.834375 0.140625 0.839063 0.142187 0.840625 0.142187 0.846875 0.140625 0.848437 0.142187 0.850000 0.146875 0.850000 0.148438 0.848437 0.145313 0.845313 0.145313 0.843750 0.146875 0.842187 0.146875 0.840625 0.148438 0.839063 0.148438 0.837500 0.150000 0.835938 0.151562 0.837500 0.151562 0.840625 0.153125 0.842187 0.153125 0.845313 0.151562 0.846875 0.151562 0.851562 0.154688 0.854688 0.156250 0.854688 0.157812 0.856250 0.157812 0.857812 0.156250 0.859375 0.156250 0.864062 0.154688 0.865625 0.154688 0.879687 0.153125 0.881250 0.153125 0.887500 0.151562 0.889062 0.151562 0.892188 0.153125 0.893750 0.151562 0.895312 0.151562 0.896875 0.153125 0.898438 0.153125 0.900000 0.151562 0.901563 0.151562 0.903125 0.150000 0.904687 0.150000 0.920312 0.151562 0.921875 0.151562 0.923438 0.153125 0.925000 0.153125 0.926562 0.154688 0.928125 0.156250 0.928125 0.156250 0.925000 0.157812 0.923438 0.159375 0.923438 0.160938 0.921875 0.167187 0.921875 0.168750 0.920312 0.171875 0.920312 0.171875 0.915625 0.173437 0.914062 0.173437 0.910937 0.178125 0.906250 0.178125 0.903125 0.179688 0.901563 0.179688 0.898438 0.181250 0.896875 0.181250 0.895312 0.185938 0.890625 0.185938 0.889062 0.187500 0.887500 0.187500 0.885938 0.192188 0.881250 0.195312 0.881250 0.196875 0.879687 0.198437 0.879687 0.198437 0.868750 0.200000 0.867188 0.201563 0.867188 0.206250 0.862500 0.207813 0.862500 0.207813 0.856250 0.214062 0.850000 0.214062 0.848437 0.215625 0.846875 0.218750 0.846875 0.220312 0.845313 0.220312 0.843750 0.221875 0.842187 0.221875 0.840625 0.225000 0.837500 0.226562 0.837500 0.226562 0.835938 0.229687 0.832812 0.234375 0.832812 0.235937 0.834375 0.237500 0.834375 0.237500 0.831250 0.240625 0.828125 0.242188 0.828125 0.243750 0.826562 0.246875 0.826562 0.248438 0.825000 0.253125 0.825000 0.257812 0.820312 0.259375 0.820312 0.260937 0.818750 0.262500 0.818750 0.268750 0.812500 0.271875 0.812500 0.271875 0.810937 0.279687 0.803125 0.278125 0.801562 0.278125 0.798438 0.281250 0.795312 0.281250 0.792188 0.284375 0.789062 0.284375 0.785937 0.285938 0.784375 0.289062 0.784375 0.290625 0.782813 0.292187 0.782813 0.293750 0.781250 0.293750 0.779687 0.295312 0.778125 0.295312 0.776563 0.296875 0.775000 0.296875 0.771875 0.298438 0.770312 0.300000 0.770312 0.300000 0.767188 0.301563 0.765625 0.301563 0.764062 0.304688 0.760938 0.304688 0.757812 0.309375 0.753125 0.309375 0.751563 0.312500 0.748437 0.312500 0.745313 0.317188 0.740625 0.317188 0.739062 0.318750 0.737500 0.318750 0.731250 0.323437 0.726562 0.325000 0.726562 0.325000 0.725000 0.326562 0.723437 0.326562 0.721875 0.331250 0.717187 0.332813 0.717187 0.334375 0.715625 0.334375 0.714063 0.339062 0.709375 0.339062 0.707812 0.340625 0.706250 0.340625 0.701562 0.342187 0.700000 0.342187 0.696875 0.343750 0.695312 0.343750 0.693750 0.345313 0.692187 0.345313 0.690625 0.346875 0.689063 0.348438 0.689063 0.348438 0.681250 0.340625 0.681250 0.339062 0.679688 0.329688 0.679688 0.328125 0.681250 0.326562 0.681250 0.325000 0.679688 0.312500 0.679688 0.310937 0.678125 0.304688 0.678125 0.303125 0.676562 0.301563 0.678125 0.298438 0.678125 0.296875 0.676562 0.293750 0.676562 0.292187 0.675000 0.290625 0.676562 0.287500 0.676562 0.287500 0.678125 0.285938 0.679688 0.284375 0.679688 0.282813 0.678125 0.279687 0.678125 0.278125 0.676562 0.278125 0.675000 0.273438 0.675000 0.271875 0.676562 0.268750 0.673438 0.265625 0.673438 0.264062 0.671875 0.262500 0.671875 0.260937 0.670312 0.259375 0.671875 0.256250 0.671875 0.254688 0.673438 0.251563 0.673438 0.248438 0.670312 0.248438 0.667188 0.246875 0.665625 0.243750 0.665625 0.242188 0.664062 0.242188 0.660937 0.240625 0.660937 0.239063 0.659375 0.235937 0.659375 0.234375 0.660937 0.228125 0.660937 0.226562 0.662500 0.225000 0.660937 0.220312 0.660937 0.218750 0.662500 0.217188 0.662500 0.215625 0.664062 0.212500 0.664062 0.210938 0.665625 0.207813 0.665625 0.206250 0.664062 0.206250 0.660937 0.204687 0.660937 0.203125 0.659375
