0 0.871528 0.290625 0.732812 0.290625 0.728125 0.298438 0.690625 0.309375 0.671875 0.320312 0.654687 0.345313 0.646875 0.390625 0.640625 0.392188 0.640625 0.695312 0.645312 0.695312 0.667188 0.720313 0.687500 0.731250 0.785937 0.751563 0.840625 0.750000 0.876563 0.737500 0.898438 0.710938 0.904687 0.679688 0.912500 0.465625 0.914062 0.451562 0.920312 0.450000 0.920312 0.334375 0.915625 0.334375 0.903125 0.315625 0.879687 0.296875 0.879687 0.290625
4 0.842031 0.290625 0.770312 0.290625 0.764062 0.298438 0.703125 0.309375 0.675000 0.320312 0.660937 0.335938 0.650000 0.360938 0.646875 0.439063 0.640625 0.440625 0.640625 0.684375 0.646875 0.684375 0.662500 0.703125 0.701562 0.728125 0.750000 0.740625 0.793750 0.743750 0.800000 0.751563 0.820312 0.751563 0.823438 0.743750 0.873437 0.715625 0.895312 0.684375 0.900000 0.657813 0.903125 0.525000 0.898438 0.501563 0.904687 0.470313 0.904687 0.354687 0.893750 0.323437 0.878125 0.307812 0.851562 0.296875 0.850000 0.290625
0 0.410653 0.015625 0.244072 0.016161 0.232463 0.024605 0.212500 0.039062 0.201563 0.051562 0.189062 0.079687 0.182328 0.112734 0.178125 0.290625 0.203125 0.312500 0.223438 0.320312 0.239850 0.323825 0.253125 0.320312 0.321875 0.303125 0.406250 0.296875 0.440625 0.275000 0.451733 0.256803 0.457813 0.248438 0.457813 0.060937 0.446033 0.036873 0.419014 0.017384
2 0.591964 0.709375 0.487500 0.709375 0.487500 0.715625 0.459375 0.737500 0.459375 0.914062 0.479687 0.914062 0.481250 0.928125 0.470313 0.951562 0.478125 0.959375 0.543750 0.968750 0.546875 0.976562 0.606250 0.976562 0.606250 0.971875 0.625000 0.957812 0.625000 0.951562 0.614062 0.945312 0.589063 0.942187 0.585938 0.925000 0.604688 0.909375 0.634375 0.914062 0.642188 0.909375 0.645312 0.851562 0.651563 0.850000 0.651563 0.745313 0.626563 0.725000 0.603125 0.717187 0.600000 0.709375
0 0.437133 0.309375 0.306250 0.309375 0.304688 0.315625 0.206250 0.356250 0.178125 0.381250 0.178125 0.631250 0.217188 0.665625 0.284375 0.692187 0.326562 0.704688 0.356250 0.707812 0.357812 0.714063 0.445312 0.714063 0.446875 0.707812 0.478125 0.701562 0.571875 0.695312 0.603125 0.682813 0.617188 0.665625 0.626563 0.637500 0.631250 0.471875 0.632812 0.459375 0.639062 0.457813 0.639062 0.375000 0.634375 0.375000 0.612500 0.348438 0.593750 0.339062 0.495312 0.331250 0.450000 0.317188 0.445312 0.309375
0 0.262500 0.696875 0.192188 0.696875 0.173437 0.729688 0.165625 0.732812 0.165625 0.932813 0.173437 0.935937 0.189062 0.957812 0.240625 0.985938 0.360938 0.989062 0.396875 0.984375 0.425000 0.964063 0.434375 0.942187 0.437500 0.850000 0.439063 0.839063 0.445312 0.837500 0.445312 0.768750 0.437500 0.765625 0.426563 0.742188 0.406250 0.726562 0.306250 0.712500 0.275000 0.704688 0.270313 0.696875
0 0.577556 0.703125 0.493750 0.703125 0.490625 0.710938 0.476562 0.717187 0.457813 0.739062 0.453125 0.739062 0.453125 0.964063 0.495312 0.985938 0.606250 0.985938 0.632812 0.971875 0.650000 0.946875 0.656250 0.896875 0.657813 0.810937 0.664062 0.809375 0.664062 0.765625 0.657813 0.764062 0.653125 0.748437 0.637500 0.729688 0.587500 0.709375 0.585938 0.703125
0 0.767188 0.753125 0.704688 0.753125 0.681250 0.779687 0.671875 0.806250 0.665625 0.807813 0.665625 0.946875 0.673438 0.950000 0.700000 0.982812 0.815625 0.982812 0.817187 0.976562 0.850000 0.962500 0.868750 0.948438 0.892188 0.904687 0.895312 0.862500 0.901563 0.860938 0.901563 0.801562 0.896875 0.801562 0.882812 0.779687 0.860938 0.762500 0.785937 0.760938 0.776563 0.759375 0.775000 0.753125
0 0.843359 0.040625 0.720783 0.036916 0.696455 0.060112 0.696875 0.082812 0.690625 0.251563 0.696875 0.251563 0.723437 0.282813 0.775000 0.282813 0.776563 0.276562 0.784375 0.275000 0.839063 0.275000 0.845313 0.276562 0.846875 0.282813 0.889062 0.282813 0.892188 0.275000 0.915625 0.257812 0.926562 0.232813 0.925000 0.131250 0.914062 0.101562 0.896875 0.078125 0.880894 0.061809
7 0.806042 0.765625 0.693750 0.765625 0.693750 0.771875 0.682813 0.782813 0.679688 0.792188 0.671875 0.795312 0.671875 0.925000 0.693750 0.931250 0.696875 0.939063 0.707812 0.939063 0.709375 0.932813 0.784375 0.918750 0.804688 0.920312 0.828125 0.929688 0.840625 0.921875 0.846875 0.898438 0.850000 0.850000 0.851562 0.843750 0.857812 0.842187 0.857812 0.814063 0.851562 0.812500 0.842187 0.789062 0.815625 0.771875 0.814063 0.765625
5 0.598437 0.409375 0.589063 0.409375 0.585938 0.417187 0.564063 0.431250 0.464062 0.485938 0.398438 0.529687 0.357812 0.548438 0.345313 0.560937 0.334375 0.582812 0.312500 0.604688 0.275000 0.625000 0.246875 0.632812 0.246875 0.664062 0.306250 0.676562 0.307812 0.682813 0.385937 0.682813 0.387500 0.676562 0.395313 0.675000 0.504687 0.665625 0.582812 0.671875 0.592187 0.657813 0.598437 0.509375 0.601562 0.484375 0.607812 0.482812 0.607812 0.409375
5 0.423341 0.328125 0.304688 0.328125 0.301563 0.335938 0.265625 0.345313 0.217188 0.370312 0.196875 0.387500 0.196875 0.451562 0.203125 0.453125 0.206250 0.465625 0.204687 0.557813 0.218750 0.557813 0.232813 0.540625 0.271875 0.520312 0.321875 0.515625 0.335938 0.509375 0.548438 0.371875 0.557813 0.370312 0.557813 0.356250 0.439063 0.335938 0.432812 0.334375 0.431250 0.328125
1 0.190625 0.123438 0.195312 0.186719 0.189062 0.265625 0.195312 0.290625 0.207813 0.304688 0.232813 0.314063 0.253125 0.312500 0.314063 0.295312 0.407813 0.289062 0.435937 0.271875 0.445312 0.234375 0.448437 0.070312 0.437500 0.050000 0.414062 0.032813 0.359375 0.028125 0.264062 0.032813 0.220312 0.056250 0.201563 0.082812
2 0.621875 0.048438 0.645312 0.053125 0.664062 0.071875 0.660937 0.256250 0.651563 0.282813 0.646875 0.287500 0.621875 0.303125 0.584375 0.318750 0.520312 0.318750 0.491819 0.304253 0.472531 0.275964 0.479603 0.095309 0.482812 0.062500 0.514320 0.045164 0.580539 0.050950 0.620313 0.048438
8 0.848958 0.153125 0.804688 0.157812 0.787500 0.173437 0.784375 0.181250 0.781727 0.202066 0.778605 0.214552 0.782813 0.246875 0.807813 0.267188 0.826562 0.270313 0.854688 0.268750 0.864062 0.265625 0.882812 0.250000 0.890625 0.239063 0.895312 0.225000 0.896875 0.196875 0.887500 0.178125 0.875000 0.167187 0.859375 0.159375
