0 0.166330 0.238542 0.134375 0.246875 0.115625 0.270313 0.104688 0.295312 0.100000 0.417187 0.096875 0.520312 0.094103 0.883131 0.098437 0.885938 0.114062 0.907813 0.129688 0.914062 0.158464 0.915312 0.266219 0.918725 0.285938 0.918750 0.325000 0.918750 0.332813 0.920312 0.384214 0.922625 0.425000 0.920312 0.459375 0.914062 0.485938 0.900000 0.496875 0.889062 0.507812 0.862500 0.514062 0.860938 0.514062 0.839063 0.514062 0.795312 0.514062 0.725000 0.512936 0.709066 0.509522 0.655919 0.507812 0.521875 0.503125 0.381250 0.490625 0.360938 0.473438 0.346875 0.221875 0.257812
4 0.658958 0.009375 0.543750 0.009375 0.542188 0.015625 0.531250 0.020313 0.476562 0.018750 0.454688 0.026562 0.434375 0.046875 0.428125 0.046875 0.428125 0.275000 0.435937 0.278125 0.457813 0.310937 0.473438 0.317188 0.520312 0.314063 0.593750 0.275000 0.671875 0.240625 0.754687 0.193750 0.784375 0.170313 0.793750 0.109375 0.800000 0.093750 0.807813 0.090625 0.807813 0.056250 0.770312 0.043750 0.756250 0.028125 0.704688 0.028125 0.671875 0.017188 0.667188 0.009375
0 0.584430 0.510683 0.556250 0.515625 0.539062 0.539062 0.529620 0.567341 0.528125 0.851562 0.543750 0.873437 0.560937 0.893750 0.584375 0.906250 0.621875 0.912500 0.675000 0.914062 0.682813 0.912500 0.779687 0.910937 0.825000 0.895312 0.851562 0.867188 0.857812 0.848437 0.845313 0.659375 0.840625 0.631250 0.832812 0.615625 0.804688 0.590625 0.626563 0.525000 0.611527 0.518073
0 0.676562 0.009375 0.457813 0.009375 0.435937 0.037500 0.428125 0.039062 0.428125 0.279687 0.435937 0.282813 0.454688 0.312500 0.475000 0.320312 0.476562 0.326562 0.504687 0.326562 0.506250 0.320312 0.521875 0.317188 0.768750 0.193750 0.793750 0.178125 0.815625 0.153125 0.820312 0.153125 0.820312 0.065625 0.814063 0.064062 0.810937 0.054688 0.778125 0.028125 0.753125 0.017188 0.750000 0.009375 0.731250 0.009375 0.726562 0.017188 0.685937 0.015625 0.684375 0.009375
7 0.165625 0.353125 0.165625 0.464062 0.176563 0.454688 0.204687 0.470313 0.226562 0.475000 0.282813 0.470313 0.300000 0.475000 0.345313 0.500000 0.392188 0.512500 0.396875 0.520312 0.432812 0.520312 0.434375 0.514062 0.456250 0.503125 0.456250 0.473438 0.467187 0.453125 0.470313 0.432812 0.464062 0.407813 0.445312 0.392188 0.370312 0.362500 0.362500 0.353125 0.307812 0.353125 0.306250 0.359375 0.264062 0.384375 0.229687 0.387500 0.178125 0.404687 0.171875 0.371875 0.173437 0.353125
5 0.406250 0.728125 0.140625 0.728125 0.140625 0.870313 0.156250 0.882812 0.170313 0.885938 0.264062 0.885938 0.301563 0.881250 0.429688 0.885938 0.445312 0.881250 0.445312 0.754687 0.434375 0.751563 0.414062 0.728125
0 0.760559 0.213850 0.734078 0.222472 0.715625 0.232813 0.700000 0.243750 0.545312 0.320312 0.521875 0.340625 0.521875 0.454688 0.550000 0.479687 0.578125 0.495312 0.676562 0.531250 0.768750 0.557813 0.770312 0.564063 0.773438 0.557813 0.787500 0.564063 0.789062 0.557813 0.826562 0.543750 0.826562 0.257812 0.798438 0.234375 0.798438 0.228125
5 0.210156 0.503125 0.201563 0.503125 0.200000 0.509375 0.184375 0.517188 0.159375 0.512500 0.153125 0.525000 0.146875 0.526563 0.146875 0.589063 0.407813 0.612500 0.417187 0.614062 0.418750 0.620313 0.425000 0.620313 0.435937 0.607812 0.437500 0.560937 0.428125 0.546875 0.373437 0.526563 0.325000 0.521875 0.321875 0.514062 0.307812 0.512500 0.303125 0.521875 0.289062 0.521875 0.254688 0.510938 0.228125 0.512500 0.220312 0.509375 0.218750 0.503125
5 0.277833 0.596875 0.156250 0.596875 0.146875 0.623437 0.140625 0.625000 0.140625 0.721875 0.175000 0.728125 0.278125 0.726562 0.412500 0.734375 0.428125 0.739062 0.439063 0.751563 0.445312 0.734375 0.451562 0.628125 0.421875 0.634375 0.417187 0.618750 0.428125 0.615625 0.396875 0.617188 0.348438 0.607812 0.293750 0.604688 0.287500 0.603125 0.285938 0.596875
7 0.354687 0.353125 0.307812 0.353125 0.306250 0.359375 0.265625 0.384375 0.231250 0.387500 0.179688 0.404687 0.175000 0.400000 0.176563 0.389062 0.170313 0.368750 0.165625 0.368750 0.165625 0.448437 0.215625 0.473438 0.248438 0.475000 0.271875 0.468750 0.304688 0.473438 0.343750 0.498437 0.398438 0.514062 0.400000 0.520312 0.431250 0.520312 0.432812 0.514062 0.445312 0.510938 0.456250 0.498437 0.454688 0.475000 0.470313 0.439063 0.465625 0.410938 0.445312 0.392188 0.367188 0.360938 0.362500 0.353125
6 0.534375 0.557813 0.534375 0.737500 0.540625 0.767188 0.535937 0.835938 0.545312 0.859375 0.576562 0.879687 0.653125 0.895312 0.668750 0.904687 0.684375 0.904687 0.715625 0.889062 0.784375 0.895312 0.817187 0.890625 0.825000 0.878125 0.820312 0.853125 0.826562 0.834375 0.825000 0.720313 0.817187 0.700000 0.823438 0.664062 0.837500 0.650000 0.834375 0.639062 0.793750 0.604688 0.768750 0.592187 0.693750 0.564063 0.650000 0.537500 0.595313 0.520312 0.550000 0.528125
3 0.752656 0.265625 0.738389 0.256342 0.678653 0.278512 0.643550 0.293908 0.612142 0.311767 0.587509 0.324700 0.553638 0.345023 0.534547 0.362883 0.533316 0.449100 0.560937 0.481250 0.671875 0.526563 0.754687 0.550000 0.778125 0.543750 0.790625 0.528125 0.789062 0.446875 0.787500 0.429688 0.785937 0.306250 0.779687 0.289062 0.760938 0.265625
0 0.363903 0.002984 0.148225 0.003047 0.130672 0.020112 0.120153 0.035797 0.110194 0.111778 0.110194 0.171750 0.122870 0.192230 0.157653 0.213922 0.324841 0.276422 0.362341 0.281109 0.385778 0.271734 0.406091 0.251422 0.420153 0.226422 0.417370 0.102514 0.413903 0.063922 0.409216 0.045172 0.371716 0.002984
6 0.194494 0.011594 0.160938 0.003125 0.160938 0.007812 0.155145 0.026209 0.134909 0.044759 0.125634 0.068930 0.123438 0.096875 0.138281 0.116148 0.135752 0.140319 0.129850 0.154372 0.121875 0.171875 0.125000 0.184375 0.140625 0.200000 0.196875 0.228125 0.343750 0.276562 0.345313 0.282813 0.379688 0.271875 0.396875 0.257812 0.407813 0.235937 0.407813 0.093750 0.395313 0.056250 0.378125 0.039062 0.335938 0.020313 0.287523 0.031830 0.238058 0.029581 0.227378 0.031267 0.219789 0.032111 0.210514 0.025928
