0 0.782186 0.081869 0.516948 0.084769 0.492063 0.107703 0.488147 0.118050 0.490647 0.318213 0.521875 0.350000 0.564063 0.350000 0.812500 0.221875 0.826562 0.204687 0.826562 0.123438 0.820312 0.109375 0.792188 0.085938
5 0.374688 0.390625 0.342187 0.390625 0.307812 0.453125 0.282813 0.484375 0.260937 0.562500 0.253125 0.567187 0.253125 0.646875 0.264062 0.656250 0.296875 0.728125 0.334375 0.770312 0.334375 0.776563 0.360938 0.776563 0.468750 0.653125 0.509375 0.612500 0.539062 0.590625 0.545312 0.590625 0.545312 0.571875 0.539062 0.571875 0.443750 0.473438 0.387500 0.409375 0.382812 0.390625
4 0.576562 0.084375 0.557813 0.084375 0.551562 0.093750 0.512500 0.101562 0.501563 0.114062 0.496875 0.153125 0.490625 0.154688 0.490625 0.307812 0.496875 0.309375 0.507812 0.334375 0.529687 0.346875 0.553125 0.348438 0.578125 0.340625 0.721875 0.262500 0.740625 0.259375 0.754687 0.246875 0.803125 0.221875 0.820312 0.195312 0.820312 0.187500 0.801562 0.153125 0.798438 0.128125 0.784375 0.117188 0.770312 0.110937 0.715625 0.103125 0.601562 0.098437 0.589063 0.093750 0.585938 0.084375
2 0.790937 0.271875 0.754687 0.271875 0.750000 0.281250 0.717187 0.300000 0.668750 0.323437 0.606250 0.345313 0.590625 0.354687 0.578125 0.370312 0.571875 0.370312 0.571875 0.464062 0.576562 0.464062 0.603125 0.492188 0.776563 0.554688 0.784375 0.564063 0.809375 0.564063 0.812500 0.556250 0.839063 0.537500 0.839063 0.484375 0.834375 0.484375 0.831250 0.476562 0.818750 0.309375 0.800000 0.271875
7 0.363750 0.140625 0.290625 0.140625 0.275000 0.170313 0.279687 0.207813 0.259375 0.217188 0.259375 0.260937 0.287500 0.275000 0.328125 0.284375 0.351562 0.296875 0.398438 0.310937 0.404687 0.320312 0.425000 0.320312 0.428125 0.312500 0.451562 0.300000 0.462500 0.267188 0.470313 0.262500 0.470313 0.246875 0.464062 0.245312 0.450000 0.207813 0.379688 0.153125 0.371875 0.140625
0 0.426878 0.081933 0.258859 0.085714 0.245312 0.090625 0.221875 0.114062 0.218792 0.129569 0.215625 0.243750 0.250000 0.268750 0.406250 0.318750 0.437500 0.321875 0.451562 0.314063 0.468750 0.295312 0.476562 0.262500 0.475000 0.132812 0.468750 0.110937 0.449369 0.091195
0 0.794427 0.262236 0.773448 0.262953 0.751563 0.273438 0.690625 0.306250 0.600000 0.345313 0.573745 0.377033 0.573011 0.457355 0.578125 0.471875 0.585938 0.482812 0.607812 0.496875 0.764062 0.554688 0.782813 0.562500 0.818750 0.562500 0.835938 0.551562 0.848437 0.531250 0.850000 0.489063 0.834375 0.309375 0.810937 0.265625
0 0.269278 0.292302 0.231250 0.303125 0.215625 0.323437 0.209375 0.350000 0.200872 0.838041 0.207813 0.851562 0.228125 0.876563 0.512500 0.876563 0.531564 0.868602 0.545312 0.854688 0.557813 0.831250 0.557813 0.810937 0.556250 0.790625 0.556250 0.629687 0.557813 0.617188 0.557813 0.562500 0.553125 0.403125 0.545312 0.389062 0.518750 0.371875 0.329688 0.310937 0.312500 0.304688
5 0.471094 0.659375 0.462500 0.659375 0.448437 0.679688 0.373437 0.757812 0.354687 0.770312 0.332813 0.768750 0.304688 0.742188 0.264062 0.675000 0.259375 0.685937 0.254688 0.760938 0.253125 0.767188 0.246875 0.768750 0.246875 0.842187 0.285938 0.843750 0.512500 0.828125 0.517188 0.823438 0.517188 0.770312 0.498437 0.698438 0.479687 0.659375
0 0.666563 0.534375 0.625353 0.523669 0.592464 0.539048 0.585938 0.548438 0.579650 0.560408 0.581963 0.814398 0.592187 0.840625 0.615625 0.870313 0.832812 0.870313 0.858742 0.844303 0.866858 0.822942 0.857812 0.676562 0.851562 0.623437 0.828125 0.596875 0.685937 0.546875 0.675000 0.540625
5 0.385352 0.371875 0.326562 0.371875 0.321875 0.382812 0.303125 0.382812 0.303125 0.450000 0.309375 0.448437 0.323437 0.415625 0.337500 0.398438 0.351562 0.389062 0.365625 0.392188 0.409375 0.431250 0.493750 0.526563 0.514062 0.543750 0.523438 0.501563 0.531250 0.426563 0.528125 0.415625 0.504687 0.407813 0.434375 0.396875 0.396875 0.379688 0.393750 0.371875
5 0.332813 0.384375 0.278125 0.384375 0.278125 0.453125 0.282813 0.453125 0.285938 0.456250 0.289062 0.464062 0.296875 0.464062 0.307812 0.451562 0.325000 0.414062 0.339062 0.395313 0.340625 0.384375
6 0.584375 0.564063 0.589063 0.789062 0.595313 0.821875 0.620313 0.835938 0.696875 0.840625 0.795312 0.821875 0.820312 0.789062 0.826562 0.743750 0.825000 0.643750 0.809375 0.617188 0.800000 0.606250 0.740625 0.575000 0.632812 0.535937 0.607812 0.539062 0.590625 0.551562
