0 0.726398 0.159375 0.582812 0.159375 0.582812 0.164062 0.550000 0.192188 0.526563 0.232813 0.512500 0.267188 0.492188 0.345313 0.484375 0.350000 0.484375 0.435937 0.512500 0.459375 0.545312 0.470313 0.732812 0.465625 0.828125 0.468750 0.870313 0.457813 0.901563 0.429688 0.914062 0.400000 0.912500 0.378125 0.895312 0.318750 0.864062 0.251563 0.851562 0.232813 0.803125 0.190625 0.739062 0.167187 0.734375 0.159375
0 0.863581 0.481677 0.545309 0.485009 0.512500 0.489063 0.490625 0.507812 0.479687 0.528125 0.474023 0.554058 0.477187 0.593752 0.478125 0.617188 0.495312 0.701562 0.534375 0.795312 0.551975 0.828275 0.566972 0.852437 0.598437 0.870313 0.731250 0.870313 0.778125 0.854688 0.820312 0.831250 0.857812 0.795312 0.871875 0.776563 0.884375 0.745313 0.912500 0.654687 0.920312 0.601562 0.925652 0.551247 0.920312 0.526563 0.902741 0.496256
0 0.445228 0.165625 0.229277 0.167911 0.157812 0.173437 0.112500 0.195312 0.085938 0.215625 0.057813 0.246875 0.037500 0.282813 0.017188 0.350000 0.010937 0.387500 0.003125 0.392188 0.002852 0.591491 0.010937 0.650000 0.018750 0.689063 0.034375 0.729688 0.075000 0.807813 0.101562 0.834375 0.171875 0.870313 0.446875 0.871875 0.467187 0.865625 0.482812 0.854688 0.503125 0.834375 0.512500 0.810937 0.509375 0.787500 0.485938 0.729688 0.470313 0.664062 0.459375 0.596875 0.453125 0.514062 0.459375 0.410938 0.496875 0.231250 0.490625 0.209375 0.471875 0.185938 0.453125 0.171875
7 0.695202 0.165625 0.592187 0.165625 0.592187 0.171875 0.565625 0.200000 0.550000 0.231250 0.537500 0.271875 0.518750 0.293750 0.510938 0.310937 0.503125 0.314063 0.503125 0.435937 0.542188 0.457813 0.543750 0.464062 0.596875 0.464062 0.596875 0.459375 0.610938 0.451562 0.639062 0.418750 0.684375 0.451562 0.796875 0.448437 0.848437 0.431250 0.901563 0.392188 0.901563 0.367188 0.885938 0.362500 0.850000 0.364063 0.840625 0.357812 0.834375 0.265625 0.826562 0.245312 0.796875 0.223438 0.739062 0.204687 0.703125 0.170313 0.703125 0.165625
7 0.683906 0.159375 0.609375 0.159375 0.606250 0.167187 0.589063 0.173437 0.565625 0.200000 0.537500 0.271875 0.509375 0.312500 0.503125 0.314063 0.503125 0.435937 0.540625 0.456250 0.543750 0.464062 0.596875 0.464062 0.596875 0.459375 0.612500 0.450000 0.637500 0.418750 0.685937 0.451562 0.784375 0.450000 0.839063 0.435937 0.889062 0.404687 0.889062 0.362500 0.851562 0.365625 0.839063 0.356250 0.832812 0.257812 0.826562 0.245312 0.785937 0.218750 0.739062 0.204687 0.717187 0.181250 0.693750 0.167187 0.692187 0.159375
6 0.493750 0.593750 0.495312 0.640625 0.535937 0.760938 0.545312 0.768750 0.592187 0.775000 0.601562 0.803125 0.606250 0.803125 0.609375 0.787500 0.692187 0.787500 0.709375 0.801562 0.800000 0.789062 0.810937 0.767188 0.821875 0.762500 0.846875 0.765625 0.864062 0.776563 0.873437 0.764062 0.871875 0.753125 0.846875 0.732812 0.829688 0.728125 0.825000 0.712500 0.837500 0.703125 0.865625 0.703125 0.878125 0.644270 0.895312 0.632812 0.920312 0.657813 0.931250 0.664062 0.934375 0.659375 0.934375 0.653125 0.885938 0.604688 0.878125 0.578125 0.884375 0.564063 0.879687 0.554688 0.837500 0.506250 0.812500 0.493750 0.653125 0.496875 0.615625 0.490625 0.585938 0.500000 0.562500 0.526563 0.543750 0.531250 0.528125 0.503125 0.515625 0.504687 0.506250 0.510938 0.506250 0.559375
5 0.045312 0.464062 0.028125 0.482812 0.039062 0.504687 0.306250 0.710938 0.343750 0.735938 0.371875 0.731250 0.385937 0.720313 0.435937 0.596875 0.443750 0.407813 0.432812 0.368750 0.387500 0.273438 0.370312 0.243750 0.350000 0.223438 0.310937 0.217188 0.279687 0.232813 0.165625 0.334375
5 0.098437 0.575000 0.095312 0.625000 0.073438 0.678125 0.078125 0.695312 0.128125 0.703125 0.160938 0.718750 0.357812 0.771875 0.414062 0.771875 0.429688 0.759375 0.442188 0.757812 0.450000 0.739062 0.464062 0.737500 0.456250 0.660937 0.437500 0.607812 0.428125 0.609375 0.400000 0.667188 0.365625 0.721875 0.350000 0.735938 0.307812 0.712500 0.114062 0.564063 0.104688 0.559375
5 0.446875 0.710938 0.418750 0.773438 0.421875 0.776563 0.448437 0.776563 0.468750 0.770312 0.471875 0.764062 0.456250 0.698438
5 0.100000 0.709375 0.101562 0.770312 0.109375 0.779687 0.131250 0.773438 0.160938 0.779687 0.164062 0.785937 0.181250 0.771875 0.218750 0.776563 0.317188 0.771875 0.326562 0.800000 0.346875 0.812500 0.356250 0.775000 0.317188 0.757812 0.207813 0.729688 0.153125 0.709375 0.112500 0.701562
