7 0.315625 0.021875 0.296875 0.021875 0.295312 0.029687 0.276562 0.037500 0.196875 0.042188 0.168750 0.054688 0.160938 0.071875 0.173437 0.092188 0.159375 0.115625 0.153125 0.117188 0.153125 0.215625 0.214062 0.257812 0.232813 0.260937 0.268750 0.279687 0.318750 0.287500 0.328125 0.295312 0.329688 0.289062 0.340625 0.284375 0.379688 0.285938 0.393750 0.275000 0.417187 0.240625 0.425000 0.198437 0.425000 0.114062 0.414062 0.075000 0.401562 0.059375 0.364063 0.056250 0.328125 0.031250 0.325000 0.021875
4 0.658681 0.571875 0.590625 0.571875 0.589063 0.579688 0.573438 0.595313 0.565625 0.596875 0.565625 0.757812 0.571875 0.759375 0.573438 0.767188 0.573438 0.785937 0.565625 0.790625 0.565625 0.854688 0.573438 0.860938 0.571875 0.890625 0.581250 0.910937 0.595313 0.926562 0.634375 0.929688 0.664062 0.953125 0.698438 0.954688 0.725000 0.964063 0.728125 0.970313 0.729688 0.964063 0.754687 0.960938 0.820312 0.934375 0.840625 0.931250 0.876563 0.900000 0.876563 0.651563 0.823438 0.620313 0.739062 0.601562 0.704688 0.584375 0.671875 0.579688 0.667188 0.571875
0 0.660625 0.565625 0.620509 0.558967 0.587500 0.571875 0.565625 0.587500 0.565625 0.910937 0.596773 0.946869 0.589063 0.937500 0.623437 0.954688 0.693750 0.959375 0.709375 0.964063 0.785937 0.962500 0.851562 0.953125 0.876563 0.942187 0.876563 0.645312 0.865625 0.643750 0.828125 0.621875 0.673438 0.573438
0 0.375408 0.000723 0.165109 0.002463 0.134375 0.012500 0.121875 0.018750 0.125716 0.238250 0.171875 0.264062 0.314063 0.301563 0.348438 0.312500 0.379688 0.314063 0.406250 0.300000 0.418750 0.285938 0.426563 0.262500 0.432812 0.260937 0.426563 0.132812 0.412500 0.040625 0.396875 0.015625 0.387500 0.009375
5 0.185938 0.401562 0.128125 0.418750 0.128125 0.531250 0.135937 0.534375 0.154688 0.581250 0.182812 0.618750 0.178125 0.678125 0.154688 0.750000 0.162500 0.795312 0.171875 0.807813 0.215625 0.812500 0.232813 0.826562 0.250000 0.832812 0.273438 0.857812 0.303125 0.920312 0.304688 0.914062 0.376563 0.875000 0.376563 0.856250 0.365625 0.846875 0.351562 0.792188 0.356250 0.729688 0.292187 0.595313 0.190625 0.401562
0 0.846289 0.215625 0.821920 0.211753 0.779687 0.228125 0.687500 0.276562 0.598437 0.328125 0.571875 0.348438 0.553125 0.379688 0.546875 0.404687 0.546875 0.459375 0.565625 0.503125 0.582812 0.520312 0.660937 0.553125 0.696875 0.560937 0.760938 0.584375 0.817187 0.610938 0.845313 0.609375 0.870313 0.592187 0.875000 0.567187 0.875000 0.267188 0.871875 0.237500 0.861931 0.225316
0 0.200977 0.284375 0.142187 0.284375 0.121875 0.309375 0.134952 0.645770 0.140625 0.812500 0.148438 0.868750 0.160938 0.907813 0.178125 0.945312 0.220312 0.965625 0.306250 0.960938 0.500000 0.960938 0.526563 0.950000 0.550000 0.920312 0.551562 0.809375 0.540625 0.568750 0.520312 0.410938 0.500000 0.385937 0.471875 0.371875 0.367188 0.335938 0.214062 0.292187
0 0.847563 0.000000 0.453125 0.003125 0.442188 0.026562 0.434500 0.066769 0.440625 0.248438 0.442188 0.290625 0.456250 0.323437 0.470313 0.339062 0.493750 0.351562 0.515027 0.351800 0.537500 0.350000 0.696875 0.257812 0.800000 0.204687 0.846875 0.173437 0.868750 0.145313 0.871316 0.021580
5 0.428125 0.409375 0.396875 0.409375 0.396875 0.442188 0.404687 0.445312 0.437500 0.525000 0.473438 0.584375 0.479687 0.601562 0.484375 0.601562 0.485938 0.592187 0.510938 0.556250 0.520312 0.551562 0.520312 0.532813 0.514062 0.532813 0.493750 0.507812 0.460938 0.435937 0.435937 0.414062 0.435937 0.409375
5 0.353645 0.390625 0.309375 0.390625 0.309375 0.395313 0.296875 0.403125 0.271875 0.409375 0.271875 0.437500 0.279687 0.440625 0.295312 0.471875 0.403125 0.701562 0.414062 0.714063 0.443750 0.729688 0.484375 0.781250 0.496875 0.787500 0.534375 0.759375 0.537500 0.751563 0.518750 0.676562 0.423438 0.482812 0.418750 0.459375 0.429688 0.448437 0.426563 0.431250 0.415625 0.425000 0.403125 0.431250 0.385937 0.410938 0.367188 0.400000 0.362500 0.390625
2 0.448437 0.071875 0.457813 0.095312 0.453125 0.123438 0.445312 0.134375 0.453125 0.156250 0.446875 0.167187 0.445312 0.195312 0.457813 0.210938 0.459375 0.307812 0.475000 0.331250 0.498437 0.343750 0.526563 0.342187 0.553125 0.329688 0.825000 0.175000 0.851562 0.140625 0.856250 0.112500 0.848437 0.028125 0.832812 0.014063 0.643750 0.015625 0.621875 0.026562 0.607812 0.020313 0.554688 0.026562 0.478125 0.025000 0.467187 0.046875 0.453125 0.056250
6 0.573438 0.362500 0.570312 0.381250 0.553125 0.403125 0.550000 0.420312 0.568750 0.437500 0.556250 0.454688 0.556250 0.473438 0.584375 0.512500 0.626563 0.525000 0.814063 0.614062 0.837500 0.614062 0.854688 0.603125 0.873437 0.575000 0.875000 0.325000 0.871875 0.271875 0.850000 0.246875 0.837500 0.240625 0.806250 0.246875 0.770312 0.265625 0.729688 0.270313 0.693750 0.290625 0.676562 0.292187 0.656250 0.314063 0.618750 0.323437 0.600000 0.334375
