7 0.342187 0.109375 0.326562 0.109375 0.325000 0.117188 0.301563 0.123438 0.284375 0.150000 0.265625 0.139063 0.240625 0.135937 0.240625 0.265625 0.325000 0.301563 0.359375 0.310937 0.379688 0.320312 0.381250 0.326562 0.404687 0.326562 0.407813 0.318750 0.418750 0.315625 0.429688 0.304688 0.435937 0.290625 0.451562 0.234375 0.448437 0.195312 0.426563 0.154688 0.409375 0.143750 0.367188 0.129688 0.350000 0.114062 0.350000 0.109375
5 0.434766 0.678125 0.407813 0.678125 0.407813 0.682813 0.387500 0.700000 0.290625 0.748437 0.220312 0.801562 0.190625 0.790625 0.190625 0.879687 0.407813 0.895312 0.453125 0.893750 0.453125 0.857812 0.489063 0.853125 0.489063 0.790625 0.479687 0.784375 0.465625 0.726562 0.443750 0.678125
0 0.393098 0.082530 0.280784 0.080955 0.230400 0.088303 0.211506 0.104047 0.195763 0.140261 0.184375 0.237500 0.220312 0.265625 0.312798 0.301384 0.371875 0.318750 0.375000 0.326562 0.410938 0.326562 0.412500 0.320312 0.432812 0.309375 0.442188 0.298438 0.451562 0.278125 0.457813 0.221875 0.457813 0.207813 0.457813 0.175000 0.464062 0.114062 0.457813 0.112500 0.451562 0.095312 0.430361 0.085678
0 0.240069 0.288545 0.209045 0.288545 0.181345 0.304056 0.171875 0.323437 0.160938 0.356250 0.135937 0.596875 0.134375 0.607812 0.126314 0.653450 0.125205 0.880223 0.128125 0.928125 0.153125 0.940625 0.220312 0.951562 0.485938 0.951562 0.501563 0.921875 0.504687 0.896875 0.509375 0.835938 0.518750 0.679688 0.517188 0.600000 0.525000 0.478125 0.526563 0.464062 0.526563 0.434375 0.515625 0.406250 0.496875 0.390625 0.260937 0.300000
0 0.796233 0.275872 0.768750 0.282813 0.756250 0.290625 0.714063 0.304688 0.571875 0.371875 0.554688 0.395313 0.550955 0.406652 0.547278 0.480181 0.553125 0.507812 0.590625 0.540625 0.703125 0.584375 0.789062 0.625000 0.829688 0.628125 0.853125 0.609375 0.862500 0.590625 0.863986 0.381966 0.859375 0.320312 0.830897 0.287952
0 0.640341 0.578125 0.597700 0.566319 0.559375 0.578125 0.546875 0.600000 0.542188 0.629687 0.534375 0.957812 0.573438 0.979688 0.600000 0.985938 0.668750 0.989062 0.714063 0.998437 0.832812 0.998437 0.860938 0.971875 0.870313 0.946875 0.871875 0.840625 0.864062 0.703125 0.848437 0.676562 0.832812 0.664062 0.682813 0.600000 0.650000 0.584375
5 0.359375 0.390625 0.359375 0.415625 0.364063 0.415625 0.370312 0.421875 0.401562 0.475000 0.457813 0.554688 0.467187 0.557813 0.487500 0.520312 0.500000 0.506250 0.506250 0.487500 0.514062 0.484375 0.514062 0.476562 0.509375 0.476562 0.496875 0.464062 0.481250 0.460938 0.442188 0.442188 0.368750 0.398438 0.367188 0.390625
0 0.550761 0.085520 0.509805 0.087080 0.481250 0.114062 0.478125 0.137500 0.466119 0.314873 0.470019 0.338667 0.487500 0.354687 0.507812 0.365625 0.545312 0.365625 0.789062 0.259375 0.843750 0.229687 0.857812 0.214062 0.860856 0.197077 0.853834 0.121016 0.835502 0.099172 0.815219 0.089420
5 0.333855 0.378125 0.314063 0.378125 0.296875 0.410938 0.232813 0.460938 0.201563 0.498437 0.190625 0.526563 0.185938 0.570312 0.178125 0.575000 0.178125 0.660937 0.184375 0.662500 0.196875 0.771875 0.214062 0.801562 0.223438 0.801562 0.226562 0.793750 0.253125 0.779687 0.287500 0.751563 0.357812 0.721875 0.409375 0.678125 0.481250 0.635938 0.496875 0.620313 0.492188 0.603125 0.400000 0.471875 0.343750 0.384375 0.343750 0.378125
5 0.264062 0.346875 0.240625 0.346875 0.235937 0.360938 0.235937 0.375000 0.231250 0.400000 0.226562 0.407813 0.221875 0.407813 0.221875 0.467187 0.226562 0.467187 0.260937 0.442188 0.285938 0.421875 0.315625 0.389062 0.320312 0.389062 0.320312 0.370312 0.314063 0.370312 0.278125 0.356250 0.271875 0.351562 0.271875 0.346875
4 0.482812 0.209375 0.485938 0.343750 0.504687 0.359375 0.534375 0.362500 0.725000 0.281250 0.810937 0.237500 0.820312 0.228125 0.814063 0.212500 0.823438 0.190625 0.823438 0.153125 0.792188 0.134375 0.778125 0.134375 0.751563 0.121875 0.729688 0.128125 0.709375 0.117188 0.628125 0.118750 0.621875 0.112500 0.604688 0.115625 0.579688 0.106250 0.554688 0.107813 0.537500 0.118750 0.503125 0.118750 0.493750 0.129688
3 0.557813 0.448437 0.556250 0.493750 0.567187 0.515625 0.579688 0.525000 0.778125 0.610938 0.806250 0.610938 0.831250 0.593750 0.834375 0.482812 0.828125 0.432812 0.832812 0.340625 0.831250 0.326562 0.812500 0.309375 0.803125 0.304688 0.768750 0.306250 0.725000 0.331250 0.584375 0.392188 0.567187 0.410938
6 0.548438 0.676562 0.542188 0.865625 0.550000 0.889062 0.600000 0.907813 0.615625 0.920312 0.721875 0.942187 0.742188 0.937500 0.762500 0.956250 0.792188 0.953125 0.807813 0.939063 0.820312 0.921875 0.815625 0.898438 0.823438 0.868750 0.810937 0.801562 0.810937 0.767188 0.825000 0.739062 0.834375 0.734375 0.809375 0.682813 0.782813 0.659375 0.685937 0.618750 0.609375 0.604688 0.576562 0.607812 0.560937 0.618750
