4 0.735938 0.303125 0.650000 0.303125 0.648438 0.309375 0.610938 0.323437 0.595313 0.342187 0.590625 0.342187 0.590625 0.653125 0.596875 0.653125 0.621875 0.671875 0.657813 0.684375 0.706250 0.685937 0.735938 0.678125 0.754687 0.651563 0.789062 0.631250 0.790625 0.578125 0.796875 0.568750 0.809375 0.562500 0.814063 0.551562 0.810937 0.526563 0.796875 0.510938 0.809375 0.442188 0.803125 0.387500 0.790625 0.359375 0.743750 0.303125
0 0.749156 0.297556 0.693745 0.294453 0.662500 0.298438 0.609375 0.318750 0.596875 0.332813 0.590625 0.350000 0.587684 0.649084 0.604972 0.672134 0.624920 0.682773 0.661712 0.692083 0.729092 0.696516 0.760938 0.689063 0.785937 0.678125 0.801562 0.654687 0.804688 0.564063 0.806341 0.541364 0.803125 0.509375 0.809375 0.440625 0.806250 0.348438 0.795312 0.318750 0.778125 0.303125 0.759375 0.296875
0 0.774633 0.703125 0.723189 0.708384 0.663620 0.704517 0.643750 0.709375 0.620313 0.735938 0.617933 0.878213 0.629512 0.893792 0.648672 0.902005 0.711623 0.895477 0.750153 0.883266 0.774786 0.859686 0.789313 0.836737 0.795419 0.815052 0.800000 0.731250 0.784681 0.708728
0 0.541697 0.060841 0.480523 0.055966 0.446875 0.059375 0.427330 0.081233 0.427330 0.277166 0.439298 0.294897 0.457813 0.310937 0.501563 0.320312 0.534375 0.320312 0.581250 0.307812 0.601562 0.290625 0.607812 0.271875 0.607812 0.162500 0.607812 0.114062 0.598437 0.092188 0.578125 0.073438 0.556250 0.065625
8 0.673958 0.140625 0.656250 0.140625 0.656250 0.145313 0.635938 0.173437 0.626563 0.184375 0.621875 0.184375 0.621875 0.229687 0.626563 0.229687 0.654687 0.256250 0.665625 0.262500 0.676562 0.264062 0.676562 0.276562 0.710938 0.276562 0.714063 0.268750 0.735938 0.264062 0.746875 0.246875 0.750000 0.232813 0.750000 0.178125 0.746875 0.151562 0.739062 0.148438 0.715625 0.165625 0.703125 0.167187 0.682813 0.146875 0.682813 0.140625
0 0.395313 0.309375 0.323113 0.305603 0.257812 0.317188 0.181250 0.343750 0.159375 0.360938 0.148438 0.382812 0.140625 0.531250 0.140625 0.567187 0.148438 0.600000 0.160938 0.623437 0.176563 0.635938 0.220312 0.657813 0.293750 0.676562 0.361367 0.680506 0.409375 0.676562 0.439063 0.665625 0.534375 0.651563 0.551562 0.643750 0.564063 0.631250 0.573438 0.612500 0.576562 0.571875 0.576562 0.510938 0.575000 0.475000 0.576562 0.384375 0.571875 0.365625 0.564063 0.353125 0.543750 0.337500 0.470313 0.332813 0.406250 0.317188
7 0.747991 0.709375 0.640625 0.709375 0.640625 0.715625 0.629687 0.728125 0.621875 0.729688 0.621875 0.864062 0.648438 0.864062 0.651563 0.856250 0.676562 0.843750 0.692187 0.842187 0.710938 0.834375 0.756250 0.795312 0.764062 0.782813 0.770312 0.756250 0.768750 0.732812 0.756250 0.714063 0.756250 0.709375
0 0.339305 0.031967 0.231223 0.026061 0.199625 0.036102 0.164062 0.064062 0.154688 0.081250 0.150900 0.099886 0.149128 0.264372 0.154444 0.284156 0.178125 0.307812 0.217188 0.314063 0.301563 0.296875 0.367188 0.293750 0.389062 0.285938 0.405158 0.275297 0.414062 0.260937 0.411064 0.091914 0.407813 0.085938 0.400000 0.067187 0.385937 0.051562 0.351562 0.035937
0 0.227083 0.671875 0.182812 0.671875 0.165381 0.684037 0.153125 0.700000 0.153125 0.896875 0.185938 0.932813 0.203125 0.942187 0.226562 0.943750 0.260937 0.943750 0.290625 0.943750 0.310937 0.945312 0.323437 0.940625 0.360938 0.935937 0.395313 0.915625 0.403125 0.904687 0.407813 0.884375 0.407813 0.760938 0.404687 0.721875 0.389062 0.701562 0.375000 0.695312 0.273438 0.689063 0.240625 0.679688
0 0.473438 0.671875 0.443750 0.685937 0.427023 0.706109 0.423014 0.718806 0.421875 0.898438 0.431702 0.910598 0.446875 0.925000 0.470313 0.932813 0.492188 0.932813 0.568750 0.915625 0.587500 0.900000 0.600000 0.871875 0.601562 0.714063 0.595313 0.696875 0.584375 0.685937 0.567187 0.676562 0.548438 0.673438 0.508552 0.668017
0 0.734014 0.084375 0.652403 0.078130 0.627580 0.095861 0.621875 0.101562 0.622703 0.246136 0.626563 0.256250 0.640625 0.273438 0.659375 0.282813 0.677228 0.285587 0.698438 0.282813 0.707812 0.282813 0.784375 0.289062 0.801562 0.265625 0.807813 0.239063 0.806250 0.173437 0.803125 0.154688 0.784375 0.123438 0.743750 0.092188
5 0.384375 0.350000 0.384375 0.362500 0.395313 0.365625 0.473438 0.428125 0.557813 0.512500 0.565625 0.507812 0.570312 0.495312 0.556250 0.471875 0.539062 0.453125 0.498437 0.420312 0.464062 0.401562 0.392188 0.350000
5 0.324609 0.315625 0.300000 0.315625 0.300000 0.321875 0.253125 0.376563 0.156250 0.482812 0.134375 0.500000 0.134375 0.578125 0.210938 0.617188 0.271875 0.635938 0.326562 0.637500 0.371875 0.631250 0.453125 0.604688 0.492188 0.582812 0.565625 0.509375 0.570312 0.509375 0.570312 0.485938 0.564063 0.485938 0.545312 0.464062 0.539062 0.470313 0.523438 0.451562 0.473438 0.421875 0.448437 0.395313 0.401562 0.359375 0.335938 0.323437 0.332813 0.315625
1 0.159375 0.126562 0.164062 0.157812 0.156250 0.167187 0.156250 0.265625 0.165625 0.289062 0.179688 0.303125 0.210938 0.310937 0.287500 0.292187 0.375000 0.289062 0.398438 0.271875 0.404687 0.259375 0.404687 0.107813 0.400000 0.085938 0.385937 0.071875 0.359375 0.062500 0.223438 0.048438 0.195312 0.059375 0.175000 0.081250 0.173437 0.110937 0.164062 0.112500
1 0.156250 0.715625 0.159375 0.860938 0.164062 0.876563 0.190625 0.909375 0.203125 0.917188 0.254688 0.923438 0.356250 0.915625 0.389062 0.898438 0.400000 0.868750 0.401562 0.731250 0.398438 0.717187 0.384375 0.701562 0.367188 0.695312 0.267188 0.690625 0.217188 0.675000 0.198437 0.675000 0.171875 0.687500
3 0.553005 0.671875 0.491866 0.670272 0.457813 0.678125 0.432812 0.701562 0.428125 0.715625 0.428694 0.733445 0.426353 0.856931 0.428173 0.891767 0.448191 0.909445 0.476008 0.915425 0.510584 0.912045 0.544641 0.905806 0.569858 0.897488 0.589063 0.876563 0.594816 0.837173 0.592216 0.720447 0.590656 0.700169 0.562500 0.678125
2 0.428125 0.098437 0.428125 0.265625 0.440625 0.296875 0.462500 0.312500 0.495312 0.318750 0.548438 0.317188 0.590625 0.300000 0.601562 0.259375 0.595313 0.218750 0.600000 0.120313 0.593750 0.100000 0.553125 0.078125 0.515625 0.071875 0.501563 0.078125 0.476562 0.070312 0.462500 0.070312 0.435937 0.084375
