2 0.563645 0.053125 0.448437 0.053125 0.445312 0.060937 0.415625 0.081250 0.415625 0.265625 0.448437 0.290625 0.479687 0.295312 0.545312 0.290625 0.582812 0.276562 0.607812 0.254688 0.607812 0.129688 0.601562 0.128125 0.595313 0.090625 0.571875 0.053125
4 0.791875 0.265625 0.678125 0.265625 0.673438 0.273438 0.626563 0.289062 0.603125 0.314063 0.596875 0.314063 0.596875 0.626563 0.603125 0.628125 0.615625 0.665625 0.632812 0.682813 0.675000 0.698438 0.726562 0.706250 0.731250 0.714063 0.795312 0.714063 0.796875 0.707812 0.843750 0.696875 0.864062 0.670312 0.868750 0.603125 0.876563 0.600000 0.876563 0.532813 0.870313 0.531250 0.859375 0.465625 0.859375 0.368750 0.839063 0.301563 0.823438 0.284375 0.803125 0.273438 0.800000 0.265625
1 0.212053 0.678125 0.162500 0.678125 0.142187 0.710938 0.134375 0.714063 0.134375 0.901563 0.140625 0.903125 0.150000 0.929688 0.151562 0.964063 0.184375 0.993750 0.232813 0.990625 0.276562 0.975000 0.346875 0.975000 0.371875 0.967187 0.389062 0.945312 0.393750 0.926562 0.401562 0.923438 0.401562 0.746875 0.395313 0.745313 0.387500 0.726562 0.364063 0.707812 0.260937 0.696875 0.223438 0.685937 0.220312 0.678125
0 0.809008 0.259375 0.756055 0.257620 0.676562 0.265625 0.632812 0.279687 0.603125 0.301563 0.596875 0.301563 0.600977 0.635444 0.604688 0.650000 0.609375 0.665625 0.625000 0.682813 0.648438 0.696875 0.690625 0.707812 0.762500 0.714063 0.775000 0.714063 0.778125 0.714063 0.815625 0.712500 0.853125 0.700000 0.864062 0.687500 0.876563 0.667188 0.870313 0.476562 0.868750 0.468750 0.859375 0.329688 0.857364 0.307434 0.852506 0.293983 0.840358 0.276817 0.817187 0.264062
6 0.310937 0.065625 0.225000 0.065625 0.225000 0.070312 0.214062 0.076563 0.195312 0.076563 0.181250 0.082812 0.170313 0.093750 0.160938 0.117188 0.153125 0.120313 0.153125 0.200000 0.159375 0.201563 0.153125 0.204687 0.153125 0.235937 0.159375 0.235937 0.181250 0.253125 0.189062 0.284375 0.207813 0.295312 0.209375 0.301563 0.229687 0.301563 0.229687 0.296875 0.239063 0.292187 0.301563 0.279687 0.353125 0.278125 0.376563 0.265625 0.385937 0.251563 0.385937 0.225000 0.393750 0.206250 0.393750 0.170313 0.401562 0.164062 0.401562 0.143750 0.396875 0.143750 0.393750 0.135937 0.389062 0.090625 0.375000 0.076563 0.339062 0.076563 0.320312 0.071875 0.318750 0.065625
2 0.552327 0.680841 0.457133 0.680841 0.454008 0.688653 0.421195 0.713653 0.421195 0.926153 0.441508 0.932403 0.471195 0.930841 0.475883 0.935528 0.486820 0.930841 0.513383 0.933966 0.530570 0.927716 0.555570 0.929278 0.561820 0.973028 0.575883 0.973028 0.589945 0.935528 0.618070 0.932403 0.624320 0.927716 0.625883 0.896466 0.632133 0.893341 0.625883 0.891778 0.624320 0.874591 0.619633 0.727716 0.602445 0.704278 0.561820 0.687091 0.558891 0.684605 0.560258 0.680841
0 0.568566 0.034375 0.440625 0.040625 0.422731 0.052339 0.413498 0.063759 0.411798 0.068620 0.414062 0.262500 0.434375 0.285938 0.453125 0.293750 0.456250 0.301563 0.532813 0.301563 0.537500 0.293750 0.582812 0.279687 0.596875 0.268750 0.607812 0.250000 0.614062 0.248438 0.608263 0.074711 0.600000 0.065625 0.589555 0.046080
0 0.398438 0.296875 0.273438 0.296875 0.268750 0.304688 0.221875 0.315625 0.173437 0.340625 0.151562 0.357812 0.139063 0.378125 0.134375 0.378125 0.134375 0.610938 0.173437 0.645312 0.257812 0.675000 0.309375 0.682813 0.310937 0.689063 0.376563 0.689063 0.378125 0.682813 0.446875 0.668750 0.545312 0.659375 0.565625 0.648438 0.582812 0.625000 0.589063 0.623437 0.589063 0.532813 0.584375 0.532813 0.581250 0.525000 0.579688 0.384375 0.568750 0.337500 0.540625 0.314063 0.462500 0.312500 0.407813 0.303125 0.406250 0.296875
8 0.714583 0.046875 0.670312 0.046875 0.659375 0.065625 0.654687 0.089063 0.646875 0.092188 0.646875 0.179688 0.653125 0.181250 0.665625 0.221875 0.673438 0.229687 0.698438 0.239063 0.700000 0.245312 0.734375 0.245312 0.735938 0.239063 0.768750 0.235937 0.778125 0.231250 0.800000 0.204687 0.810937 0.157812 0.809375 0.143750 0.793750 0.131250 0.775000 0.104688 0.726562 0.056250 0.723437 0.046875
0 0.453125 0.685937 0.432812 0.700000 0.423438 0.717187 0.419053 0.724420 0.418733 0.938395 0.422253 0.954400 0.432494 0.968805 0.445312 0.976562 0.464459 0.989814 0.588313 0.988533 0.603125 0.976562 0.622237 0.964527 0.632812 0.939063 0.632812 0.737500 0.626563 0.735938 0.618750 0.717187 0.606250 0.703125 0.564063 0.684375
0 0.840555 0.728125 0.677245 0.729833 0.656250 0.753125 0.648489 0.764267 0.651267 0.915939 0.653125 0.928125 0.656250 0.945312 0.668750 0.962500 0.689063 0.975000 0.814063 0.976562 0.839063 0.967187 0.868750 0.940625 0.875000 0.898438 0.875000 0.762500 0.871875 0.750000 0.859573 0.738184 0.848437 0.728125
5 0.262891 0.471875 0.235937 0.471875 0.234375 0.478125 0.209375 0.481250 0.209375 0.634375 0.223438 0.645312 0.357812 0.656250 0.417187 0.656250 0.523438 0.650000 0.564063 0.640625 0.564063 0.614062 0.557813 0.612500 0.553125 0.595313 0.501563 0.578125 0.334375 0.506250 0.275000 0.479687 0.271875 0.471875
7 0.813975 0.734375 0.679688 0.734375 0.676562 0.742188 0.653125 0.754687 0.653125 0.843750 0.659375 0.843750 0.675000 0.865625 0.667188 0.893750 0.667188 0.906250 0.675000 0.915625 0.734375 0.929688 0.776563 0.925000 0.832812 0.929688 0.850000 0.921875 0.870313 0.895312 0.876563 0.893750 0.876563 0.796875 0.868750 0.793750 0.860938 0.778125 0.821875 0.739062 0.821875 0.734375
5 0.488970 0.315625 0.362500 0.315625 0.362500 0.320312 0.354687 0.323437 0.215625 0.332813 0.203125 0.335938 0.203125 0.381250 0.254688 0.409375 0.281250 0.439063 0.296875 0.448437 0.528125 0.534375 0.535937 0.537500 0.539062 0.545312 0.557813 0.545312 0.564063 0.509375 0.564063 0.432812 0.570312 0.431250 0.570312 0.367188 0.564063 0.365625 0.557813 0.353125 0.500000 0.323437 0.496875 0.315625
0 0.215430 0.678125 0.159375 0.678125 0.128125 0.717187 0.128125 0.934375 0.143750 0.951562 0.182812 0.985938 0.259375 0.990625 0.331250 0.992188 0.365625 0.982812 0.385937 0.964063 0.396875 0.935937 0.401562 0.903125 0.407813 0.901563 0.407813 0.890625 0.401562 0.889062 0.401562 0.879687 0.407813 0.876563 0.401562 0.875000 0.400000 0.760938 0.393750 0.737500 0.371875 0.710938 0.351562 0.704688 0.260937 0.695312 0.228125 0.685937
0 0.328984 0.035955 0.218944 0.038127 0.201563 0.043750 0.175000 0.059375 0.159375 0.078125 0.148438 0.106250 0.142930 0.138942 0.140625 0.287500 0.165625 0.306250 0.188900 0.308742 0.212428 0.305483 0.251563 0.292187 0.351562 0.281250 0.373437 0.271875 0.384375 0.260937 0.393750 0.243750 0.398438 0.220312 0.398438 0.137500 0.390625 0.070312 0.384375 0.057813 0.365625 0.040625 0.347445 0.036317
0 0.775000 0.034375 0.650000 0.034375 0.636280 0.049920 0.625833 0.068873 0.631542 0.214595 0.648062 0.237923 0.679688 0.245312 0.746875 0.239063 0.815625 0.239063 0.834375 0.229687 0.845313 0.212500 0.845313 0.117188 0.839063 0.096875 0.821875 0.070312 0.785937 0.043750
