8 0.322395 0.109375 0.304688 0.109375 0.301563 0.117188 0.264062 0.129688 0.259375 0.137500 0.253125 0.170313 0.243750 0.178125 0.218750 0.181250 0.207813 0.193750 0.203125 0.193750 0.203125 0.232813 0.209375 0.232813 0.231250 0.245312 0.312500 0.243750 0.325000 0.245312 0.326562 0.251563 0.348438 0.251563 0.350000 0.245312 0.370312 0.235937 0.378125 0.228125 0.385937 0.210938 0.387500 0.164062 0.379688 0.156250 0.354687 0.148438 0.343750 0.135937 0.332813 0.129688 0.329688 0.126562 0.331250 0.109375
6 0.825000 0.609375 0.754687 0.609375 0.751563 0.617188 0.739062 0.621875 0.659375 0.635938 0.620313 0.648438 0.603125 0.660937 0.603125 0.787500 0.609375 0.789062 0.609375 0.839063 0.615625 0.882812 0.625000 0.898438 0.659375 0.918750 0.662500 0.926562 0.693750 0.918750 0.721875 0.920312 0.723437 0.926562 0.745313 0.926562 0.746875 0.920312 0.823438 0.907813 0.826562 0.882812 0.846875 0.854688 0.868750 0.790625 0.870313 0.770312 0.876563 0.768750 0.876563 0.759375 0.868750 0.756250 0.865625 0.746875 0.864062 0.715625 0.857812 0.698438 0.864062 0.659375 0.843750 0.639062 0.832812 0.609375
4 0.352930 0.271875 0.232813 0.271875 0.232813 0.276562 0.206250 0.298438 0.185938 0.337500 0.156250 0.420312 0.150000 0.495312 0.146875 0.506250 0.140625 0.507812 0.140625 0.607812 0.150000 0.610938 0.170313 0.634375 0.182812 0.639062 0.184375 0.645312 0.268750 0.645312 0.270313 0.639062 0.351562 0.620313 0.378125 0.603125 0.390625 0.585938 0.401562 0.528125 0.407813 0.448437 0.414062 0.446875 0.414062 0.378125 0.407813 0.376563 0.414062 0.375000 0.414062 0.303125 0.407813 0.303125 0.400000 0.292187 0.384375 0.282813 0.362500 0.278125 0.360938 0.271875
1 0.738975 0.096875 0.604688 0.096875 0.600000 0.106250 0.584375 0.114062 0.584375 0.239063 0.590625 0.239063 0.601562 0.253125 0.615625 0.260937 0.714063 0.270313 0.764062 0.282813 0.765625 0.289062 0.793750 0.276562 0.806250 0.259375 0.793750 0.156250 0.782813 0.134375 0.746875 0.101562 0.746875 0.096875
7 0.222656 0.665625 0.162500 0.665625 0.153125 0.698438 0.153125 0.726562 0.142187 0.776563 0.131250 0.796875 0.121875 0.801562 0.121875 0.850000 0.132812 0.851562 0.139063 0.860938 0.137500 0.882812 0.148438 0.896875 0.176563 0.907813 0.178125 0.914062 0.218750 0.914062 0.220312 0.907813 0.279687 0.901563 0.289062 0.893750 0.298438 0.868750 0.323437 0.854688 0.334375 0.835938 0.343750 0.735938 0.351562 0.721875 0.317188 0.698438 0.276562 0.692187 0.232813 0.671875 0.231250 0.665625
0 0.197917 0.653125 0.156250 0.653125 0.153125 0.660937 0.121875 0.678125 0.121875 0.900000 0.162500 0.925000 0.176563 0.926562 0.178125 0.932813 0.259375 0.932813 0.260937 0.926562 0.282813 0.923438 0.307812 0.909375 0.331250 0.875000 0.343750 0.757812 0.345313 0.748437 0.351562 0.746875 0.351562 0.685937 0.320312 0.659375 0.320312 0.653125 0.240625 0.653125 0.239063 0.659375 0.221875 0.660937 0.207813 0.659375 0.206250 0.653125
2 0.532292 0.603125 0.440625 0.603125 0.439063 0.609375 0.395313 0.626563 0.379688 0.642188 0.371875 0.659375 0.367188 0.746875 0.365625 0.753125 0.359375 0.754687 0.359375 0.885938 0.364063 0.885938 0.381250 0.906250 0.418750 0.920312 0.420312 0.926562 0.545312 0.926562 0.548438 0.918750 0.565625 0.909375 0.581250 0.887500 0.589063 0.884375 0.589063 0.796875 0.582812 0.795312 0.581250 0.754687 0.581250 0.656250 0.567187 0.626563 0.542188 0.609375 0.540625 0.603125
0 0.644619 0.278125 0.576562 0.278125 0.571875 0.285938 0.537500 0.292187 0.460938 0.296875 0.432812 0.315625 0.426563 0.335938 0.434375 0.389062 0.425000 0.403125 0.421875 0.421875 0.415625 0.423438 0.415625 0.565625 0.434375 0.581250 0.451562 0.589063 0.514062 0.589063 0.628125 0.606250 0.739062 0.598437 0.790625 0.581250 0.820312 0.576562 0.850000 0.532813 0.857812 0.529687 0.857812 0.487500 0.853125 0.487500 0.850000 0.479687 0.832812 0.357812 0.820312 0.331250 0.790625 0.307812 0.748437 0.290625 0.670312 0.287500 0.654687 0.284375 0.653125 0.278125
0 0.332500 0.259375 0.218750 0.259375 0.185938 0.304688 0.159375 0.409375 0.142187 0.512500 0.134375 0.517188 0.134375 0.628125 0.156250 0.640625 0.198437 0.645312 0.200000 0.651563 0.240625 0.651563 0.242188 0.645312 0.304688 0.637500 0.362500 0.618750 0.385937 0.598437 0.395313 0.581250 0.410938 0.451562 0.412500 0.340625 0.414062 0.334375 0.420312 0.332813 0.420312 0.314063 0.414062 0.312500 0.407813 0.293750 0.398438 0.284375 0.345313 0.267188 0.340625 0.259375
0 0.740364 0.090625 0.603125 0.090625 0.601562 0.098437 0.584375 0.106250 0.584375 0.240625 0.618750 0.264062 0.721875 0.276562 0.743750 0.281250 0.748437 0.289062 0.784375 0.289062 0.787500 0.281250 0.814063 0.262500 0.814063 0.204687 0.806250 0.198437 0.795312 0.142187 0.784375 0.123438 0.751563 0.098437 0.748437 0.090625
0 0.834375 0.596875 0.771875 0.596875 0.768750 0.604688 0.706250 0.618750 0.643750 0.621875 0.626563 0.628125 0.609375 0.645312 0.603125 0.645312 0.603125 0.884375 0.609375 0.885938 0.634375 0.918750 0.665625 0.932813 0.667188 0.939063 0.823438 0.939063 0.825000 0.932813 0.853125 0.921875 0.868750 0.907813 0.873437 0.892188 0.875000 0.775000 0.871875 0.648438 0.865625 0.625000 0.842187 0.596875
0 0.534255 0.603125 0.439063 0.603125 0.435937 0.610938 0.392188 0.628125 0.373437 0.651563 0.359375 0.753125 0.353125 0.754687 0.353125 0.890625 0.387500 0.920312 0.426563 0.932813 0.428125 0.939063 0.526563 0.939063 0.528125 0.932813 0.567187 0.914062 0.582812 0.895312 0.589063 0.875000 0.595313 0.873437 0.595313 0.842187 0.589063 0.840625 0.587500 0.826562 0.582812 0.657813 0.570312 0.628125 0.545312 0.610938 0.542188 0.603125
0 0.538581 0.090625 0.439063 0.090625 0.435937 0.098437 0.417187 0.109375 0.407813 0.120313 0.403125 0.120313 0.403125 0.257812 0.448437 0.276562 0.450000 0.282813 0.542188 0.282813 0.542188 0.278125 0.556250 0.270313 0.570312 0.253125 0.576562 0.253125 0.576562 0.121875 0.570312 0.120313 0.567187 0.112500 0.546875 0.095312 0.546875 0.090625
5 0.716145 0.296875 0.671875 0.296875 0.668750 0.304688 0.653125 0.309375 0.570312 0.317188 0.415625 0.343750 0.415625 0.401562 0.421875 0.403125 0.426563 0.434375 0.439063 0.465625 0.500000 0.525000 0.556250 0.553125 0.600000 0.595313 0.634375 0.601562 0.635938 0.607812 0.695312 0.607812 0.701562 0.600000 0.726562 0.598437 0.814063 0.571875 0.814063 0.523438 0.806250 0.520312 0.785937 0.482812 0.768750 0.420312 0.732812 0.331250 0.725000 0.296875
5 0.718303 0.296875 0.668750 0.296875 0.665625 0.304688 0.653125 0.307812 0.565625 0.317188 0.465625 0.335938 0.440625 0.335938 0.415625 0.343750 0.415625 0.398438 0.423438 0.403125 0.428125 0.437500 0.440625 0.467187 0.501563 0.526563 0.546875 0.546875 0.598437 0.593750 0.640625 0.601562 0.642188 0.607812 0.689063 0.607812 0.690625 0.601562 0.731250 0.596875 0.814063 0.571875 0.820312 0.559375 0.817187 0.539062 0.784375 0.470313 0.776563 0.437500 0.746875 0.370312 0.726562 0.296875
0 0.368750 0.096875 0.267188 0.096875 0.264062 0.104688 0.242188 0.115625 0.220312 0.135937 0.210938 0.154688 0.203125 0.157812 0.203125 0.239063 0.226562 0.250000 0.245312 0.251563 0.293750 0.246875 0.345313 0.250000 0.370312 0.240625 0.385937 0.221875 0.389062 0.209375 0.395313 0.207813 0.395313 0.121875 0.387500 0.118750 0.378125 0.106250 0.376563 0.096875
2 0.537019 0.096875 0.437500 0.096875 0.434375 0.104688 0.418750 0.112500 0.407813 0.125000 0.403125 0.125000 0.403125 0.254688 0.425000 0.267188 0.460938 0.276562 0.462500 0.282813 0.535937 0.282813 0.539062 0.275000 0.553125 0.270313 0.571875 0.248438 0.576562 0.248438 0.576562 0.200000 0.570312 0.198437 0.567187 0.123438 0.545312 0.101562 0.545312 0.096875
