7 0.739062 0.728125 0.660937 0.728125 0.629687 0.793750 0.621875 0.796875 0.621875 0.895312 0.628125 0.896875 0.654687 0.934375 0.673438 0.943750 0.689063 0.945312 0.690625 0.951562 0.731250 0.931250 0.751563 0.906250 0.798438 0.915625 0.832812 0.898438 0.832812 0.876563 0.826562 0.875000 0.814063 0.848437 0.814063 0.839063 0.825000 0.823438 0.820312 0.807813 0.800000 0.779687 0.746875 0.734375 0.746875 0.728125
0 0.549609 0.028125 0.436250 0.029414 0.426563 0.034375 0.396875 0.057813 0.394520 0.261619 0.411013 0.281975 0.425000 0.289062 0.462500 0.295312 0.521875 0.290625 0.564063 0.276562 0.583148 0.264195 0.595313 0.246875 0.589063 0.071875 0.584375 0.059375 0.580572 0.047738 0.559442 0.031245
0 0.650312 0.723945 0.637344 0.729570 0.624531 0.743008 0.620000 0.750352 0.617344 0.758477 0.617828 0.915794 0.650000 0.951562 0.679688 0.962500 0.751563 0.964063 0.798438 0.953125 0.818750 0.940625 0.839063 0.918750 0.853125 0.889062 0.857812 0.859375 0.857812 0.817187 0.851562 0.759375 0.831250 0.732812 0.814063 0.723437 0.800000 0.721875 0.782813 0.721875 0.756250 0.726562 0.698438 0.723437
0 0.404617 0.296875 0.328952 0.290059 0.276800 0.294231 0.231250 0.306250 0.200000 0.315625 0.162500 0.334375 0.125552 0.370166 0.128125 0.606250 0.132812 0.606250 0.151562 0.628125 0.182812 0.643750 0.248438 0.664062 0.290625 0.670312 0.334612 0.675503 0.382812 0.668750 0.432812 0.656250 0.523438 0.650000 0.546875 0.632812 0.557813 0.603125 0.557813 0.568750 0.557813 0.528125 0.557813 0.457813 0.557813 0.403125 0.557813 0.368750 0.554688 0.345313 0.545312 0.328125 0.518750 0.309375 0.445312 0.309375 0.417187 0.304688
6 0.328516 0.028125 0.301563 0.028125 0.298438 0.035937 0.246875 0.060937 0.232813 0.073438 0.198437 0.082812 0.192188 0.115625 0.164062 0.164062 0.156250 0.173437 0.140625 0.178125 0.140625 0.217188 0.148438 0.223438 0.148438 0.234375 0.140625 0.239063 0.140625 0.278125 0.146875 0.278125 0.178125 0.300000 0.192188 0.300000 0.259375 0.281250 0.340625 0.271875 0.365625 0.254688 0.375000 0.232813 0.376563 0.089063 0.371875 0.065625 0.339062 0.035937 0.337500 0.028125
0 0.784375 0.253125 0.732098 0.251459 0.664062 0.260937 0.596875 0.284375 0.572328 0.314656 0.579688 0.648438 0.589063 0.665625 0.603125 0.678125 0.651563 0.700000 0.714063 0.707812 0.739062 0.707812 0.785709 0.708755 0.815625 0.700000 0.851562 0.671875 0.845313 0.418750 0.843750 0.409375 0.839063 0.309375 0.826562 0.279687 0.793750 0.259375
0 0.167972 0.655902 0.154131 0.658731 0.134316 0.670056 0.126141 0.685584 0.125759 0.882845 0.154383 0.925938 0.194016 0.943553 0.328014 0.944181 0.367017 0.924052 0.383442 0.898397 0.378755 0.718709 0.366255 0.698397 0.348459 0.690502 0.272967 0.685469 0.217606 0.671314
0 0.759283 0.028125 0.642856 0.027352 0.621881 0.037839 0.609375 0.051562 0.609375 0.210938 0.630677 0.235742 0.648438 0.245312 0.677023 0.243523 0.714063 0.235937 0.795428 0.238786 0.817078 0.229991 0.833317 0.215783 0.839063 0.195312 0.835684 0.122075 0.831286 0.100763 0.820800 0.083509 0.809375 0.064062 0.787308 0.042575
5 0.479508 0.328125 0.279687 0.328125 0.278125 0.334375 0.260937 0.339062 0.285938 0.360938 0.310937 0.409375 0.329688 0.428125 0.500000 0.564063 0.529687 0.590625 0.529687 0.595313 0.537500 0.595313 0.537500 0.506250 0.521875 0.346875 0.515625 0.340625 0.492188 0.337500 0.487500 0.328125
6 0.202344 0.665625 0.176563 0.665625 0.162500 0.693750 0.160938 0.721875 0.154688 0.739062 0.146875 0.746875 0.128125 0.753125 0.129797 0.776052 0.144353 0.773625 0.134648 0.791416 0.132223 0.803547 0.125753 0.809613 0.127775 0.839534 0.137075 0.835491 0.134375 0.853125 0.142187 0.867188 0.154688 0.909375 0.162500 0.917188 0.206250 0.928125 0.234375 0.925000 0.246875 0.939063 0.259375 0.925000 0.340625 0.921875 0.367188 0.895312 0.373437 0.879687 0.375000 0.732812 0.368750 0.717187 0.345313 0.695312 0.240625 0.681250 0.212500 0.671875 0.210938 0.665625
5 0.190625 0.390625 0.190625 0.440625 0.196875 0.442188 0.200000 0.453125 0.201563 0.595313 0.209375 0.623437 0.239063 0.625000 0.318750 0.610938 0.385937 0.637500 0.418750 0.645312 0.450000 0.643750 0.501563 0.628125 0.323437 0.467187 0.284375 0.442188 0.228125 0.425000 0.209375 0.409375 0.200000 0.390625
0 0.481247 0.664834 0.446794 0.668369 0.428125 0.671875 0.416094 0.680736 0.403125 0.696875 0.395997 0.714086 0.396875 0.929688 0.412561 0.950403 0.426563 0.957812 0.570312 0.957812 0.583227 0.950881 0.594061 0.935027 0.601562 0.920312 0.601562 0.726562 0.598080 0.714969 0.588805 0.700612 0.572461 0.687141 0.555014 0.678748 0.545295 0.674773 0.526302 0.668147
0 0.234375 0.028125 0.201563 0.032813 0.170313 0.051562 0.146875 0.079687 0.128125 0.120313 0.128125 0.271875 0.146875 0.300000 0.162500 0.306250 0.185938 0.306250 0.253125 0.285938 0.343750 0.276562 0.357812 0.268750 0.375000 0.243750 0.379802 0.067988 0.370491 0.053634 0.349542 0.033461 0.326562 0.031250
8 0.754017 0.059375 0.703125 0.059375 0.700000 0.067187 0.681250 0.078125 0.662500 0.096875 0.654687 0.110937 0.646875 0.114062 0.646875 0.160938 0.654687 0.164062 0.670312 0.193750 0.687500 0.212500 0.700000 0.218750 0.703125 0.226562 0.735938 0.226562 0.735938 0.221875 0.740625 0.218750 0.775000 0.207813 0.806250 0.179688 0.814063 0.159375 0.820312 0.157812 0.820312 0.140625 0.814063 0.139063 0.812500 0.114062 0.807813 0.101562 0.782813 0.075000 0.765625 0.067187 0.762500 0.059375
2 0.403125 0.082812 0.401562 0.257812 0.409375 0.275000 0.431250 0.289062 0.496875 0.292187 0.545312 0.282813 0.575000 0.268750 0.589063 0.245312 0.581250 0.070312 0.565625 0.056250 0.545312 0.050000 0.446875 0.050000 0.420312 0.056250
4 0.576562 0.325000 0.575000 0.459375 0.584375 0.646875 0.598437 0.664062 0.629687 0.675000 0.650000 0.675000 0.678125 0.698438 0.695312 0.703125 0.779687 0.698438 0.803125 0.690625 0.809375 0.678125 0.826562 0.678125 0.839063 0.664062 0.843750 0.646875 0.845313 0.471875 0.835938 0.406250 0.839063 0.318750 0.817187 0.279687 0.803125 0.265625 0.731250 0.260937 0.684375 0.265625 0.601562 0.293750 0.584375 0.307812
