2 0.298008 0.355744 0.139553 0.350711 0.125000 0.354687 0.104688 0.368750 0.092188 0.389062 0.079687 0.439063 0.076016 0.459903 0.074853 0.494364 0.098437 0.507812 0.125000 0.510938 0.284375 0.514062 0.312500 0.507812 0.339062 0.482812 0.350000 0.448437 0.346875 0.389062 0.322803 0.363102
4 0.485491 0.184375 0.378125 0.184375 0.378125 0.189062 0.362500 0.200000 0.346875 0.235937 0.340625 0.237500 0.340625 0.331250 0.345313 0.331250 0.359375 0.348438 0.393750 0.362500 0.535937 0.368750 0.554464 0.372091 0.624495 0.369948 0.643750 0.368750 0.687500 0.365625 0.704688 0.351562 0.715625 0.334375 0.720313 0.312500 0.726562 0.310937 0.726562 0.275000 0.720313 0.273438 0.707812 0.232813 0.692187 0.210938 0.621875 0.192188 0.618750 0.184375 0.515625 0.184375 0.509375 0.192188 0.495312 0.190625 0.493750 0.184375
1 0.924342 0.560461 0.781066 0.557605 0.753125 0.573438 0.750000 0.671875 0.746875 0.687500 0.743906 0.716219 0.738905 0.751572 0.746875 0.781250 0.767188 0.804688 0.789062 0.814063 0.899689 0.812280 0.938992 0.811923 0.948438 0.814063 0.982812 0.796875 0.998437 0.775000 0.998437 0.625455 0.985938 0.614062 0.973437 0.584375 0.959000 0.570461 0.938634 0.560819
5 0.575892 0.384375 0.525000 0.384375 0.525000 0.390625 0.496875 0.410938 0.445312 0.465625 0.421875 0.501563 0.423438 0.510938 0.412500 0.515625 0.412500 0.523438 0.401562 0.526563 0.389062 0.550000 0.360938 0.637500 0.353125 0.642188 0.353125 0.732812 0.360938 0.735938 0.370312 0.762500 0.389062 0.779687 0.453125 0.778125 0.465625 0.789062 0.470313 0.781250 0.515625 0.773438 0.709375 0.690625 0.717187 0.682813 0.720313 0.664062 0.714063 0.648438 0.632812 0.490625 0.606250 0.418750 0.584375 0.390625 0.584375 0.384375
1 0.287384 0.540625 0.081250 0.540625 0.051562 0.578125 0.034375 0.656250 0.028125 0.673438 0.021875 0.675000 0.021875 0.753125 0.026562 0.753125 0.042188 0.771875 0.065625 0.776563 0.093750 0.775000 0.106250 0.789062 0.115625 0.789062 0.115625 0.782813 0.131250 0.773438 0.153125 0.775000 0.164062 0.789062 0.170313 0.789062 0.181250 0.775000 0.296875 0.776563 0.321875 0.771875 0.329688 0.757812 0.329688 0.729688 0.314063 0.626563 0.315625 0.579688 0.309375 0.559375 0.295312 0.546875 0.295312 0.540625
7 0.804688 0.215625 0.734375 0.215625 0.734375 0.285938 0.739062 0.285938 0.753125 0.303125 0.757812 0.334375 0.781250 0.346875 0.843750 0.351562 0.845313 0.357812 0.903125 0.357812 0.903125 0.353125 0.914062 0.340625 0.914062 0.314063 0.909375 0.290625 0.884375 0.268750 0.860938 0.256250 0.846875 0.239063 0.815625 0.223438 0.812500 0.215625
2 0.880395 0.380841 0.744264 0.376555 0.723437 0.382812 0.715680 0.410480 0.713536 0.447619 0.720313 0.490625 0.740625 0.515625 0.764062 0.526563 0.784995 0.530466 0.953125 0.532813 0.953125 0.526563 0.964063 0.520312 0.959000 0.489756 0.957812 0.479687 0.942187 0.420312 0.928125 0.398438 0.912500 0.384375 0.898975 0.381555 0.890042 0.381197
0 0.893686 0.365547 0.750767 0.362333 0.725398 0.373403 0.711820 0.418398 0.712892 0.462678 0.719325 0.490533 0.732812 0.507812 0.748437 0.521875 0.770312 0.529687 0.859375 0.531250 0.885938 0.532813 0.904763 0.535170 0.943708 0.534098 0.962645 0.532314 0.974794 0.520886 0.976562 0.493750 0.970148 0.464106 0.958714 0.424111 0.947995 0.393758 0.925844 0.374473 0.915625 0.371875
0 0.305756 0.342580 0.198828 0.336770 0.156988 0.335609 0.120313 0.340625 0.105461 0.348000 0.087639 0.372006 0.076403 0.407242 0.071875 0.417187 0.062456 0.469197 0.067492 0.493203 0.084152 0.510628 0.201563 0.514062 0.222073 0.515661 0.290259 0.517597 0.296875 0.514062 0.319703 0.510628 0.337137 0.492816 0.347598 0.475392 0.354959 0.425055 0.349923 0.383623 0.336363 0.356519
0 0.578069 0.184375 0.380387 0.176806 0.356805 0.186091 0.343942 0.202875 0.334375 0.226562 0.334375 0.323437 0.342512 0.332861 0.350000 0.337500 0.375000 0.357812 0.406250 0.367188 0.457813 0.370312 0.483147 0.373213 0.682813 0.376563 0.702528 0.370713 0.718250 0.353216 0.722894 0.327861 0.726562 0.318750 0.726562 0.260937 0.720036 0.235014 0.714677 0.222158 0.707531 0.210731 0.686808 0.195019 0.609631 0.188948 0.585938 0.184375
0 0.939348 0.548692 0.786230 0.543158 0.764147 0.553667 0.749216 0.574477 0.750000 0.667188 0.746875 0.685937 0.742120 0.725861 0.736761 0.748359 0.742477 0.779070 0.765702 0.807281 0.791427 0.820850 0.871875 0.818750 0.955784 0.820850 0.981511 0.813708 0.998437 0.803709 0.998437 0.593750 0.992081 0.575317 0.974205 0.558081 0.960938 0.553125
8 0.301563 0.184375 0.239063 0.184375 0.237500 0.190625 0.217188 0.203125 0.189062 0.217188 0.171875 0.220312 0.146875 0.237500 0.140625 0.237500 0.140625 0.307812 0.145313 0.307812 0.160938 0.320312 0.203125 0.325000 0.265625 0.325000 0.287500 0.321875 0.298438 0.315625 0.315625 0.293750 0.317188 0.232813 0.320312 0.218750 0.326562 0.217188 0.326562 0.203125 0.317188 0.198437 0.309375 0.184375
0 0.279456 0.534375 0.117527 0.525742 0.070312 0.534375 0.039347 0.560400 0.019172 0.636645 0.009084 0.675083 0.005302 0.729905 0.021875 0.764062 0.056250 0.796875 0.109375 0.820312 0.110937 0.826562 0.118750 0.826562 0.121875 0.818750 0.128125 0.820312 0.129688 0.826562 0.248438 0.826562 0.259375 0.814063 0.300000 0.804688 0.314063 0.795312 0.326562 0.775000 0.332813 0.748437 0.339062 0.745313 0.332813 0.743750 0.314063 0.643750 0.316631 0.556352 0.287500 0.534375
0 0.276983 0.170378 0.205522 0.168592 0.169078 0.182689 0.142995 0.201972 0.124416 0.228755 0.109052 0.273392 0.110839 0.306603 0.154688 0.326562 0.166934 0.328030 0.181441 0.328744 0.196875 0.326562 0.214062 0.326562 0.224675 0.329100 0.270981 0.330528 0.289917 0.327316 0.302423 0.319102 0.318144 0.305889 0.320312 0.284375 0.318750 0.240625 0.320312 0.231250 0.323789 0.227158 0.329148 0.200017 0.324503 0.193591 0.316286 0.184663 0.303066 0.171450
0 0.815080 0.200325 0.752195 0.197469 0.737903 0.207109 0.730044 0.213895 0.728125 0.217188 0.740047 0.273888 0.739333 0.306742 0.747194 0.331381 0.768750 0.346875 0.787211 0.351736 0.827586 0.353880 0.910937 0.357812 0.927630 0.344952 0.932813 0.332813 0.930487 0.313169 0.925000 0.298438 0.918750 0.267188 0.900000 0.240625 0.882253 0.222108 0.857242 0.208181 0.837500 0.203125
0 0.503125 0.378125 0.393750 0.378125 0.370312 0.407813 0.362500 0.479687 0.339834 0.529370 0.331008 0.609395 0.340625 0.698438 0.347400 0.720083 0.364063 0.759375 0.390272 0.807041 0.441341 0.815863 0.462777 0.819013 0.646875 0.821534 0.681250 0.814063 0.681250 0.807813 0.709375 0.765625 0.728125 0.701562 0.732812 0.662500 0.737033 0.649609 0.739062 0.620313 0.731358 0.574484 0.721902 0.542347 0.714336 0.521553 0.695312 0.429688 0.686595 0.399247 0.653125 0.389062 0.614062 0.384375 0.539062 0.387500 0.532813 0.378125 0.526563 0.378125 0.525000 0.384375 0.512500 0.384375 0.510938 0.378125
