4 0.748197 0.290625 0.651563 0.290625 0.650000 0.296875 0.615625 0.315625 0.596875 0.343750 0.590625 0.345313 0.590625 0.665625 0.596875 0.665625 0.610938 0.682813 0.626563 0.692187 0.679688 0.709375 0.710938 0.714063 0.712500 0.720313 0.801562 0.720313 0.804688 0.712500 0.839063 0.690625 0.845313 0.667188 0.870313 0.651563 0.864062 0.648438 0.857812 0.626563 0.857812 0.601562 0.864062 0.593750 0.870313 0.593750 0.870313 0.575000 0.860938 0.571875 0.853125 0.554688 0.846875 0.403125 0.837500 0.384375 0.834375 0.353125 0.821875 0.334375 0.821875 0.315625 0.809375 0.307812 0.759375 0.298438 0.756250 0.290625
6 0.357812 0.071875 0.271875 0.071875 0.270313 0.078125 0.245312 0.084375 0.221875 0.114062 0.203125 0.118750 0.171875 0.137500 0.171875 0.204687 0.176563 0.204687 0.184375 0.217188 0.192188 0.257812 0.207813 0.285938 0.237500 0.300000 0.343750 0.290625 0.373437 0.282813 0.390625 0.265625 0.396875 0.251563 0.400000 0.220312 0.398438 0.121875 0.392188 0.104688 0.365625 0.071875
0 0.789694 0.273514 0.727841 0.273514 0.692187 0.279687 0.626563 0.296875 0.593078 0.328811 0.590969 0.667902 0.609341 0.693623 0.669050 0.715364 0.721875 0.726562 0.815625 0.726562 0.839298 0.714445 0.846875 0.700000 0.860938 0.665625 0.861652 0.638200 0.853125 0.335938 0.837500 0.303125 0.821875 0.287500 0.801562 0.278125
6 0.213438 0.671875 0.179688 0.671875 0.171875 0.690625 0.168750 0.760938 0.159375 0.782813 0.153125 0.784375 0.153125 0.825000 0.164062 0.832812 0.160938 0.846875 0.153125 0.848437 0.153125 0.901563 0.176563 0.921875 0.365625 0.926562 0.381250 0.903125 0.389062 0.840625 0.395313 0.839063 0.395313 0.740625 0.390625 0.740625 0.382812 0.725000 0.357812 0.704688 0.262500 0.690625 0.228125 0.681250 0.221875 0.671875
0 0.418602 0.315625 0.259375 0.315625 0.254688 0.323437 0.184375 0.348438 0.157812 0.370312 0.146875 0.393750 0.140625 0.395313 0.140625 0.604688 0.146875 0.604688 0.171875 0.634375 0.237500 0.665625 0.331250 0.682813 0.471875 0.664062 0.520312 0.662500 0.539062 0.657813 0.557813 0.645312 0.573438 0.610938 0.576562 0.510938 0.582812 0.509375 0.582812 0.378125 0.576562 0.376563 0.565625 0.348438 0.545312 0.332813 0.446875 0.326562 0.428125 0.321875 0.426563 0.315625
5 0.477864 0.334375 0.437500 0.334375 0.435937 0.340625 0.415625 0.343750 0.282813 0.343750 0.210938 0.353125 0.203125 0.354687 0.203125 0.378125 0.221875 0.379688 0.243750 0.389062 0.270313 0.412500 0.293750 0.446875 0.521875 0.575000 0.523438 0.582812 0.551562 0.582812 0.551562 0.489063 0.545312 0.487500 0.543750 0.476562 0.534375 0.367188 0.526563 0.354687 0.496875 0.353125 0.485938 0.334375
8 0.811931 0.746875 0.728125 0.746875 0.728125 0.801562 0.732812 0.801562 0.746875 0.815625 0.754687 0.818750 0.757812 0.821875 0.757812 0.826562 0.800000 0.826562 0.800000 0.821875 0.814063 0.810937 0.828125 0.793750 0.832812 0.793750 0.832812 0.762500 0.828125 0.762500 0.825000 0.759375 0.820312 0.751563 0.820312 0.746875
0 0.370312 0.046875 0.246266 0.043373 0.212500 0.054688 0.184375 0.075000 0.160938 0.110937 0.155672 0.135594 0.152016 0.289502 0.157812 0.296875 0.178239 0.317588 0.207770 0.320225 0.228125 0.312500 0.260937 0.303125 0.362500 0.290625 0.390625 0.271875 0.398438 0.254688 0.401562 0.226562 0.407813 0.082812 0.390228 0.060248
5 0.273438 0.478125 0.265625 0.478125 0.234375 0.528125 0.218750 0.571875 0.203125 0.579688 0.203125 0.610938 0.214062 0.617188 0.218750 0.634375 0.231250 0.651563 0.260937 0.660937 0.310937 0.667188 0.373437 0.667188 0.532813 0.635938 0.532813 0.625000 0.490625 0.610938 0.337500 0.514062 0.284375 0.485938 0.281250 0.478125
0 0.775231 0.049934 0.678798 0.047053 0.662616 0.050822 0.635938 0.076563 0.629362 0.093384 0.627367 0.226173 0.641112 0.249008 0.657813 0.257812 0.668750 0.262500 0.731250 0.257812 0.814063 0.260937 0.835752 0.252555 0.848831 0.238367 0.854817 0.221519 0.851562 0.142187 0.840625 0.107813 0.826562 0.084375 0.806250 0.065625 0.785937 0.054688
0 0.213667 0.673314 0.195327 0.668011 0.170313 0.671875 0.148438 0.693750 0.140625 0.717187 0.137436 0.886539 0.142187 0.901563 0.159375 0.929688 0.189062 0.951562 0.206250 0.957812 0.228470 0.958350 0.314644 0.961664 0.332813 0.956250 0.362500 0.948438 0.387500 0.918750 0.393750 0.854688 0.392188 0.739062 0.379688 0.717187 0.354687 0.700000 0.317517 0.698283 0.269348 0.691655 0.226481 0.678617
7 0.744727 0.071875 0.685937 0.071875 0.684375 0.078125 0.648438 0.082812 0.634375 0.089063 0.634375 0.121875 0.639062 0.121875 0.643750 0.131250 0.642188 0.146875 0.634375 0.150000 0.634375 0.225000 0.640625 0.225000 0.653125 0.239063 0.684375 0.256250 0.771875 0.256250 0.778125 0.257812 0.779687 0.264062 0.803125 0.264062 0.804688 0.257812 0.826562 0.250000 0.826562 0.189062 0.804688 0.185938 0.800000 0.181250 0.806250 0.154688 0.806250 0.126562 0.800000 0.114062 0.757812 0.081250 0.753125 0.071875
5 0.196875 0.459375 0.196875 0.501563 0.203125 0.503125 0.203125 0.518750 0.196875 0.520312 0.196875 0.603125 0.206250 0.606250 0.207813 0.614062 0.215625 0.614062 0.221875 0.590625 0.221875 0.576562 0.234375 0.537500 0.248438 0.509375 0.264062 0.487500 0.270313 0.485938 0.270313 0.482812 0.264062 0.482812 0.254688 0.476562 0.223438 0.471875 0.212500 0.467187 0.209375 0.464062 0.209375 0.459375
0 0.823981 0.738256 0.774528 0.742983 0.671984 0.734620 0.648713 0.740802 0.633441 0.763711 0.627622 0.778983 0.623694 0.928194 0.649803 0.953523 0.663258 0.964433 0.754528 0.963706 0.797131 0.954756 0.823694 0.940694 0.840881 0.920381 0.859631 0.870381 0.859631 0.825069 0.854944 0.765694 0.831617 0.744437
0 0.573373 0.054647 0.464734 0.054647 0.440625 0.064062 0.420386 0.090861 0.415625 0.275000 0.433508 0.300530 0.460273 0.310764 0.489063 0.312500 0.539062 0.310937 0.581250 0.296875 0.598303 0.287933 0.607225 0.278223 0.614062 0.265625 0.614062 0.101562 0.609063 0.083513 0.597778 0.065669
0 0.541433 0.684589 0.505958 0.679017 0.453712 0.681800 0.427377 0.693791 0.413673 0.711348 0.407250 0.732331 0.408733 0.928339 0.418383 0.946448 0.434656 0.957155 0.464983 0.964277 0.577483 0.964277 0.596742 0.958439 0.610661 0.925680 0.613420 0.904902 0.611303 0.734902 0.598456 0.711562 0.579398 0.699358 0.556061 0.689294
3 0.431250 0.135937 0.435937 0.170313 0.429688 0.243750 0.437500 0.281250 0.451562 0.303125 0.521875 0.309375 0.568750 0.296875 0.593750 0.281250 0.606250 0.226562 0.595313 0.132812 0.587500 0.115625 0.537500 0.096875 0.514062 0.110937 0.468750 0.084375 0.451562 0.096875
2 0.417187 0.725000 0.418750 0.921875 0.515625 0.931250 0.576562 0.931250 0.593750 0.925000 0.603125 0.909375 0.604688 0.737500 0.592187 0.712500 0.550000 0.690625 0.468750 0.684375 0.429688 0.698438
