0 0.662500 0.317188 0.610938 0.335938 0.600000 0.345313 0.592187 0.360938 0.586058 0.393005 0.584542 0.657078 0.599700 0.683153 0.625000 0.689063 0.662156 0.699222 0.678125 0.701562 0.700000 0.701562 0.737650 0.699525 0.767188 0.682813 0.781250 0.667188 0.790625 0.610938 0.793750 0.367188 0.782813 0.337500 0.767188 0.321875 0.753125 0.315625 0.713420 0.312675
0 0.389937 0.332412 0.316213 0.328669 0.268750 0.335938 0.192666 0.364955 0.159834 0.388858 0.148891 0.413338 0.155514 0.627889 0.167898 0.646320 0.182812 0.659375 0.234375 0.681250 0.270313 0.695312 0.319380 0.701039 0.368339 0.700462 0.421875 0.689063 0.446875 0.679688 0.540625 0.660937 0.565625 0.635938 0.571875 0.621875 0.571875 0.398438 0.564063 0.379688 0.550000 0.364063 0.533645 0.356891 0.485938 0.356250 0.431697 0.340475 0.405202 0.333852
0 0.234156 0.698166 0.218125 0.695592 0.203280 0.699947 0.190414 0.706083 0.173589 0.714397 0.159375 0.729688 0.167827 0.905944 0.178836 0.925295 0.206195 0.952988 0.241897 0.958994 0.275261 0.956325 0.308292 0.955658 0.357812 0.946875 0.407548 0.921436 0.414062 0.912500 0.414062 0.737500 0.403391 0.725877 0.390625 0.715625 0.381250 0.712500 0.285938 0.709375 0.262500 0.704688 0.249002 0.703906
0 0.767188 0.709375 0.713092 0.707408 0.654273 0.711348 0.639062 0.717187 0.620313 0.734375 0.614556 0.783203 0.615625 0.885938 0.631250 0.893750 0.676562 0.895312 0.712500 0.889062 0.739062 0.876563 0.764062 0.856250 0.776563 0.828125 0.782813 0.792188 0.781250 0.729688 0.775000 0.709375
7 0.722869 0.715625 0.639062 0.715625 0.639062 0.720313 0.623437 0.737500 0.615625 0.739062 0.615625 0.818750 0.639062 0.823438 0.648438 0.851562 0.659375 0.862500 0.678125 0.868750 0.701562 0.870313 0.703125 0.876563 0.732812 0.876563 0.737500 0.865625 0.737500 0.832812 0.757812 0.795312 0.757812 0.789062 0.748437 0.775000 0.726562 0.751563 0.726562 0.732812 0.731250 0.725000 0.731250 0.715625
0 0.327269 0.042480 0.234628 0.032238 0.189938 0.046205 0.161073 0.071808 0.148970 0.102998 0.146875 0.300000 0.170384 0.323661 0.190403 0.334834 0.219266 0.337161 0.229687 0.331250 0.279687 0.318750 0.373437 0.312500 0.391978 0.308298 0.402686 0.299919 0.414062 0.281250 0.414062 0.106250 0.398438 0.076563 0.379688 0.059375 0.351562 0.048438
0 0.567077 0.684375 0.513400 0.679869 0.464062 0.689063 0.451562 0.696875 0.432812 0.720313 0.429341 0.738861 0.429530 0.902456 0.441403 0.918853 0.449131 0.919983 0.520312 0.918750 0.559375 0.914062 0.573438 0.907813 0.590625 0.889062 0.601562 0.875000 0.601562 0.710938 0.588789 0.694947 0.575000 0.689063
0 0.713750 0.096875 0.659984 0.091648 0.640625 0.096875 0.631592 0.109464 0.624355 0.124495 0.621848 0.272859 0.645312 0.295312 0.659375 0.301563 0.689063 0.301563 0.698438 0.300000 0.735938 0.300000 0.743750 0.301563 0.757131 0.305148 0.771875 0.303125 0.789062 0.285938 0.798438 0.264062 0.801562 0.228125 0.801562 0.190625 0.790625 0.159375 0.770312 0.134375 0.751563 0.117188 0.723437 0.103125
5 0.412500 0.346875 0.393750 0.346875 0.390625 0.354687 0.376563 0.362500 0.268750 0.409375 0.250000 0.421875 0.240625 0.437500 0.207813 0.464062 0.182812 0.465625 0.176563 0.475000 0.171875 0.471875 0.167187 0.489063 0.159375 0.492188 0.159375 0.507812 0.165625 0.509375 0.159375 0.510938 0.159375 0.553125 0.217188 0.593750 0.256250 0.629687 0.323437 0.653125 0.450000 0.654687 0.542188 0.642188 0.564063 0.629687 0.579688 0.607812 0.568750 0.570312 0.478125 0.429688 0.421875 0.353125 0.421875 0.346875
8 0.738672 0.140625 0.714063 0.140625 0.712500 0.146875 0.682813 0.153125 0.643750 0.170313 0.634375 0.181250 0.628125 0.181250 0.628125 0.270313 0.634375 0.270313 0.654687 0.289062 0.668750 0.293750 0.737500 0.295312 0.745313 0.290625 0.764062 0.262500 0.771875 0.248438 0.776563 0.225000 0.782813 0.223438 0.782813 0.190625 0.776563 0.189062 0.767188 0.162500 0.746875 0.145313 0.746875 0.140625
5 0.339062 0.379688 0.309375 0.387500 0.275000 0.404687 0.246875 0.414062 0.182812 0.450000 0.164062 0.471875 0.159375 0.471875 0.159375 0.500000 0.168750 0.498437 0.242188 0.443750 0.289062 0.418750 0.337500 0.385937 0.345313 0.384375 0.345313 0.379688
0 0.543509 0.071875 0.467762 0.064247 0.446875 0.071875 0.428125 0.092188 0.427728 0.301220 0.449806 0.327125 0.474534 0.338900 0.503089 0.343022 0.529583 0.341255 0.551366 0.339489 0.584336 0.328597 0.601998 0.312995 0.608181 0.303281 0.614062 0.196875 0.609653 0.115175 0.596994 0.091330 0.577566 0.077494 0.551562 0.071875
1 0.167187 0.729688 0.168750 0.876563 0.185938 0.920312 0.209375 0.928125 0.218750 0.921875 0.245312 0.931250 0.246875 0.937500 0.262500 0.921875 0.365625 0.921875 0.370312 0.928125 0.375000 0.920312 0.385937 0.918750 0.401562 0.885938 0.407813 0.785937 0.406250 0.739062 0.392188 0.718750 0.373437 0.712500 0.282813 0.710938 0.212500 0.696875 0.187500 0.706250
2 0.432812 0.726562 0.434375 0.890625 0.440625 0.904687 0.453125 0.914062 0.481250 0.914062 0.571875 0.889062 0.587500 0.873437 0.589063 0.862500 0.582812 0.765625 0.593750 0.721875 0.587500 0.701562 0.560937 0.687500 0.504687 0.681250 0.454688 0.695312
2 0.429688 0.109375 0.429688 0.285938 0.442188 0.315625 0.462500 0.331250 0.500000 0.339062 0.543750 0.337500 0.582812 0.323437 0.593750 0.309375 0.598437 0.276562 0.593750 0.120313 0.575000 0.098437 0.473438 0.081250 0.445312 0.087500
1 0.156250 0.109375 0.150000 0.126562 0.153125 0.275000 0.164062 0.310937 0.178125 0.323437 0.195312 0.331250 0.223438 0.331250 0.273438 0.315625 0.376563 0.309375 0.389062 0.303125 0.404687 0.275000 0.401562 0.107813 0.382812 0.076563 0.354687 0.062500 0.312500 0.056250 0.223438 0.053125 0.182812 0.070312
4 0.744792 0.315625 0.680633 0.316627 0.651563 0.321875 0.607812 0.340625 0.595313 0.354687 0.590625 0.368750 0.586975 0.657414 0.610938 0.681250 0.648438 0.687500 0.668145 0.693095 0.717445 0.696703 0.734375 0.689063 0.764062 0.681250 0.776563 0.659375 0.790625 0.581250 0.795312 0.495312 0.793750 0.475000 0.782813 0.442188 0.784375 0.393750 0.779687 0.356250 0.770312 0.335938 0.753125 0.315625
