1 0.746634 0.078125 0.650000 0.078125 0.650000 0.082812 0.640625 0.087500 0.640625 0.264062 0.667188 0.284375 0.748437 0.300000 0.815625 0.326562 0.815625 0.321875 0.832812 0.307812 0.839063 0.290625 0.845313 0.289062 0.845313 0.250000 0.839063 0.248438 0.837500 0.229687 0.835938 0.164062 0.831250 0.146875 0.812500 0.115625 0.790625 0.096875 0.756250 0.084375 0.754687 0.078125
2 0.547230 0.065533 0.465909 0.062792 0.455402 0.074664 0.448548 0.090189 0.447634 0.239498 0.453125 0.260937 0.463625 0.277853 0.490580 0.291552 0.545402 0.302511 0.599767 0.300684 0.615758 0.270548 0.615302 0.123522 0.611647 0.099778 0.602509 0.081970 0.585605 0.073295 0.568702 0.069184
7 0.284766 0.703125 0.257812 0.703125 0.256250 0.709375 0.240625 0.715625 0.221875 0.740625 0.212500 0.776563 0.203125 0.779687 0.203125 0.825000 0.218750 0.831250 0.243750 0.832812 0.248438 0.840625 0.240625 0.867188 0.245312 0.889062 0.256250 0.895312 0.300000 0.893750 0.345313 0.879687 0.384375 0.879687 0.409375 0.868750 0.423438 0.853125 0.426563 0.835938 0.432812 0.834375 0.432812 0.821875 0.426563 0.820312 0.418750 0.734375 0.401562 0.709375 0.401562 0.703125 0.303125 0.703125 0.301563 0.709375 0.295312 0.709375 0.293750 0.703125
0 0.713119 0.306286 0.637853 0.304306 0.620688 0.309916 0.598239 0.311895 0.563906 0.317503 0.515625 0.314063 0.498437 0.321875 0.484375 0.339062 0.478125 0.339062 0.478125 0.603125 0.482812 0.603125 0.493262 0.622028 0.507787 0.631595 0.598437 0.632812 0.617188 0.639062 0.633561 0.643473 0.640625 0.645312 0.709375 0.645312 0.734048 0.640173 0.779934 0.629286 0.834375 0.596875 0.843750 0.587500 0.851562 0.567187 0.853548 0.493825 0.854539 0.453347 0.850000 0.381250 0.834375 0.362500 0.795317 0.331691 0.738537 0.311566 0.719722 0.307275
2 0.585239 0.648309 0.513970 0.650592 0.496875 0.654687 0.471875 0.665625 0.446355 0.703559 0.448639 0.880722 0.475000 0.900000 0.494873 0.898745 0.515431 0.896462 0.521875 0.900000 0.581250 0.887500 0.615027 0.855366 0.615483 0.683919 0.615392 0.673422 0.603970 0.658355
0 0.582422 0.053125 0.474908 0.045248 0.455431 0.060095 0.443217 0.076591 0.443877 0.252084 0.460647 0.274941 0.482812 0.287500 0.523897 0.301334 0.547534 0.304634 0.574273 0.304964 0.588469 0.303314 0.605303 0.297705 0.619169 0.284508 0.626563 0.270313 0.626563 0.100000 0.622469 0.090119 0.613556 0.071972 0.592428 0.055475
0 0.315048 0.249295 0.251769 0.250075 0.243750 0.251563 0.222447 0.261788 0.203125 0.287500 0.203125 0.662500 0.209166 0.670019 0.226562 0.682813 0.244581 0.693442 0.254688 0.695312 0.315625 0.695312 0.333120 0.693181 0.377808 0.684853 0.414062 0.670312 0.449003 0.658252 0.467492 0.624937 0.465930 0.396456 0.464628 0.315989 0.449264 0.291816 0.428125 0.281250 0.371875 0.260937 0.347497 0.253980 0.328486 0.250856
0 0.395313 0.696875 0.312498 0.702289 0.300000 0.703125 0.242188 0.707812 0.223438 0.720313 0.210938 0.737500 0.203125 0.740625 0.201111 0.846184 0.216164 0.881375 0.242236 0.909045 0.271875 0.920312 0.390625 0.920312 0.416788 0.901059 0.432812 0.878125 0.432812 0.734375 0.424583 0.716527 0.405767 0.699870
0 0.814223 0.631500 0.785972 0.637945 0.775000 0.642188 0.754687 0.648438 0.681250 0.657813 0.659375 0.668750 0.645312 0.685937 0.640625 0.685937 0.640625 0.859375 0.667128 0.889578 0.696875 0.895312 0.705514 0.890192 0.776563 0.882812 0.806117 0.875767 0.834062 0.848452 0.847267 0.827887 0.851562 0.803125 0.851562 0.657813 0.842783 0.647153 0.832812 0.634375
5 0.571250 0.321875 0.537500 0.321875 0.521875 0.343750 0.484375 0.346875 0.484375 0.546875 0.489063 0.546875 0.493750 0.556250 0.498437 0.601562 0.510938 0.617188 0.520312 0.621875 0.645312 0.626563 0.718750 0.606250 0.793750 0.606250 0.835938 0.593750 0.854688 0.581250 0.851562 0.539062 0.828125 0.487500 0.864062 0.451562 0.870313 0.451562 0.870313 0.423438 0.864062 0.423438 0.814063 0.378125 0.798438 0.379688 0.759375 0.370312 0.739062 0.353125 0.707812 0.343750 0.695312 0.321875 0.621875 0.321875 0.621875 0.326562 0.614062 0.329688 0.585938 0.329688 0.579688 0.321875
0 0.587500 0.646875 0.537078 0.644973 0.498437 0.654687 0.473438 0.665625 0.446875 0.685937 0.445694 0.876706 0.460627 0.898197 0.480336 0.908942 0.517188 0.906250 0.585938 0.895312 0.610938 0.873437 0.623384 0.864469 0.626563 0.850000 0.626563 0.712500 0.625356 0.690939 0.620877 0.670941 0.606242 0.652734
0 0.741311 0.069219 0.669677 0.064930 0.656250 0.070312 0.637986 0.090003 0.638645 0.257133 0.655811 0.281217 0.681250 0.292187 0.738009 0.298705 0.792188 0.318750 0.800402 0.323119 0.829688 0.326562 0.846617 0.304973 0.851562 0.295312 0.851562 0.168750 0.849258 0.160939 0.846617 0.138503 0.822848 0.101881 0.801061 0.083405 0.764062 0.071875 0.754845 0.070208
0 0.378192 0.034483 0.288648 0.027178 0.247987 0.043158 0.225602 0.061880 0.205500 0.096581 0.204586 0.198861 0.235195 0.230367 0.256250 0.234375 0.364063 0.242188 0.371875 0.245312 0.379380 0.247261 0.385319 0.246805 0.399939 0.242695 0.412273 0.239956 0.425066 0.226714 0.432812 0.212500 0.432812 0.121875 0.432375 0.108909 0.430548 0.083797 0.419584 0.059139 0.407248 0.048638 0.396875 0.040625
8 0.387395 0.084375 0.276562 0.084375 0.273438 0.092188 0.257812 0.101562 0.239063 0.121875 0.234375 0.121875 0.234375 0.217188 0.240625 0.217188 0.254688 0.228125 0.275000 0.232813 0.317188 0.234375 0.373437 0.243750 0.403125 0.239063 0.412500 0.226562 0.414062 0.178125 0.418750 0.154688 0.426563 0.150000 0.426563 0.126562 0.421875 0.126562 0.414062 0.117188 0.396875 0.092188 0.395313 0.084375
6 0.814688 0.634375 0.779687 0.634375 0.776563 0.642188 0.756250 0.648438 0.675000 0.660937 0.640625 0.685937 0.640625 0.857812 0.657813 0.870313 0.673438 0.876563 0.760938 0.859375 0.781250 0.851562 0.807813 0.828125 0.825000 0.798438 0.832812 0.751563 0.831669 0.729580 0.833953 0.658805 0.831250 0.650000 0.822533 0.640997
