2 0.698438 0.443750 0.696875 0.496875 0.704688 0.539062 0.718750 0.570312 0.742188 0.589063 0.915625 0.582812 0.937500 0.573438 0.948438 0.554688 0.948438 0.451562 0.935937 0.409375 0.920312 0.396875 0.735938 0.396875 0.707812 0.417187
3 0.034375 0.453125 0.035937 0.562500 0.064062 0.609375 0.243750 0.609375 0.289062 0.593750 0.304688 0.570312 0.314063 0.540625 0.317188 0.473438 0.310937 0.439063 0.285938 0.414062 0.260937 0.406250 0.104688 0.406250 0.059375 0.417187 0.045312 0.428125
1 0.682813 0.154688 0.681250 0.187500 0.707812 0.264062 0.712500 0.332813 0.731250 0.364063 0.753125 0.373437 0.881250 0.371875 0.923438 0.365625 0.939063 0.350000 0.945312 0.329688 0.939063 0.212500 0.928125 0.175000 0.900000 0.145313 0.850000 0.132812 0.709375 0.131250
6 0.050000 0.170313 0.029687 0.210938 0.032813 0.334375 0.037500 0.365625 0.045312 0.375000 0.059375 0.384375 0.084375 0.389062 0.220312 0.387500 0.260937 0.381250 0.279687 0.365625 0.290625 0.339062 0.298438 0.235937 0.312500 0.195312 0.304688 0.160938 0.295312 0.160938 0.285938 0.150000 0.245312 0.153125 0.234375 0.148438 0.232813 0.140625 0.221875 0.150000 0.179688 0.146875 0.178125 0.140625 0.135937 0.139063 0.131250 0.134375 0.104688 0.139063 0.101562 0.145313 0.090625 0.143750
4 0.292187 0.712500 0.295312 0.767188 0.342187 0.825000 0.326562 0.848437 0.490625 0.851562 0.520312 0.846875 0.532813 0.851562 0.560937 0.840625 0.589063 0.843750 0.626563 0.837500 0.665625 0.823438 0.659375 0.814063 0.659375 0.785937 0.689063 0.784375 0.715625 0.739062 0.720313 0.659375 0.712500 0.621875 0.692187 0.590625 0.671875 0.578125 0.356250 0.587500 0.326562 0.598437 0.314063 0.612500 0.300000 0.670312 0.304688 0.673438 0.300000 0.681250 0.304688 0.693750
7 0.042188 0.726562 0.042188 0.775000 0.064062 0.779687 0.070312 0.806250 0.075000 0.804688 0.101562 0.829688 0.140625 0.846875 0.157812 0.868750 0.212500 0.870313 0.240625 0.834375 0.223438 0.778125 0.260937 0.768750 0.264062 0.707812 0.251563 0.689063 0.210938 0.656250 0.184375 0.642188 0.151562 0.635938 0.109375 0.640625 0.100000 0.648438 0.092188 0.673438 0.056250 0.701562
8 0.770312 0.693750 0.767188 0.714063 0.776563 0.740625 0.810937 0.767188 0.845313 0.765625 0.873437 0.737500 0.875000 0.712500 0.867188 0.687500 0.837500 0.660937 0.800000 0.660937
5 0.448437 0.493750 0.440625 0.517188 0.453125 0.520312 0.635938 0.523438 0.657813 0.517188 0.656250 0.409375 0.639062 0.234375 0.631250 0.234375 0.595313 0.285938 0.562500 0.306250
5 0.342187 0.260937 0.340625 0.329688 0.351562 0.390625 0.375000 0.404687 0.382812 0.420312 0.387500 0.410938 0.401562 0.410938 0.414062 0.426563 0.434375 0.426563 0.525000 0.287500 0.526563 0.257812 0.535937 0.239063 0.534375 0.234375 0.512500 0.232813 0.460938 0.237500 0.439063 0.245312 0.400000 0.243750 0.390625 0.254688 0.371875 0.245312 0.359375 0.245312
5 0.365625 0.209375 0.360938 0.232813 0.378125 0.239063 0.501563 0.235937 0.539062 0.231250 0.557813 0.192188 0.390625 0.143750
0 0.762500 0.120313 0.760938 0.121875 0.734375 0.121875 0.732812 0.123438 0.717187 0.123438 0.715625 0.125000 0.712500 0.125000 0.710938 0.126562 0.707812 0.126562 0.706250 0.128125 0.703125 0.128125 0.700000 0.131250 0.698438 0.131250 0.696875 0.132812 0.696875 0.134375 0.692187 0.139063 0.690625 0.139063 0.689063 0.140625 0.689063 0.142187 0.685937 0.145313 0.685937 0.146875 0.684375 0.148438 0.684375 0.153125 0.682813 0.154688 0.682813 0.157812 0.681250 0.159375 0.681250 0.175000 0.679688 0.176563 0.679688 0.182812 0.681250 0.184375 0.681250 0.189062 0.684375 0.192188 0.684375 0.193750 0.685937 0.195312 0.685937 0.203125 0.687500 0.204687 0.687500 0.207813 0.689063 0.209375 0.689063 0.212500 0.690625 0.214062 0.690625 0.217188 0.693750 0.220312 0.693750 0.225000 0.695312 0.226562 0.695312 0.232813 0.696875 0.234375 0.696875 0.239063 0.698438 0.240625 0.698438 0.245312 0.700000 0.246875 0.700000 0.253125 0.701562 0.254688 0.701562 0.257812 0.703125 0.259375 0.703125 0.268750 0.704688 0.270313 0.704688 0.271875 0.706250 0.273438 0.706250 0.278125 0.707812 0.279687 0.707812 0.285938 0.709375 0.287500 0.709375 0.300000 0.710938 0.301563 0.710938 0.306250 0.709375 0.307812 0.709375 0.326562 0.710938 0.328125 0.710938 0.332813 0.712500 0.334375 0.712500 0.339062 0.714063 0.340625 0.714063 0.343750 0.715625 0.345313 0.715625 0.350000 0.723437 0.357812 0.723437 0.359375 0.726562 0.362500 0.728125 0.362500 0.731250 0.365625 0.732812 0.365625 0.735938 0.368750 0.737500 0.368750 0.739062 0.370312 0.740625 0.370312 0.742188 0.371875 0.743750 0.371875 0.745313 0.373437 0.748437 0.373437 0.754687 0.379688 0.754687 0.381250 0.754687 0.376563 0.756250 0.375000 0.759375 0.375000 0.760938 0.376563 0.779687 0.376563 0.781250 0.378125 0.784375 0.378125 0.785937 0.379688 0.789062 0.379688 0.790625 0.381250 0.800000 0.381250 0.801562 0.379688 0.804688 0.379688 0.806250 0.378125 0.832812 0.378125 0.834375 0.376563 0.839063 0.376563 0.840625 0.378125 0.850000 0.378125 0.851562 0.376563 0.878125 0.376563 0.879687 0.375000 0.882812 0.375000 0.884375 0.376563 0.893750 0.376563 0.895312 0.375000 0.914062 0.375000 0.915625 0.373437 0.920312 0.373437 0.921875 0.371875 0.925000 0.371875 0.926562 0.370312 0.928125 0.370312 0.929688 0.368750 0.931250 0.368750 0.932813 0.367188 0.934375 0.367188 0.937500 0.364063 0.939063 0.364063 0.942187 0.360938 0.942187 0.359375 0.950000 0.351562 0.950000 0.350000 0.951562 0.348438 0.951562 0.346875 0.953125 0.345313 0.953125 0.343750 0.954688 0.342187 0.954688 0.340625 0.956250 0.339062 0.956250 0.334375 0.957812 0.332813 0.957812 0.321875 0.959375 0.320312 0.959375 0.306250 0.960938 0.304688 0.960938 0.237500 0.959375 0.235937 0.959375 0.225000 0.957812 0.223438 0.957812 0.215625 0.956250 0.214062 0.956250 0.210938 0.954688 0.209375 0.954688 0.204687 0.953125 0.203125 0.953125 0.198437 0.951562 0.196875 0.951562 0.195312 0.950000 0.193750 0.950000 0.190625 0.948438 0.189062 0.948438 0.184375 0.946875 0.182812 0.946875 0.181250 0.945312 0.179688 0.945312 0.176563 0.943750 0.175000 0.943750 0.173437 0.942187 0.171875 0.942187 0.170313 0.939063 0.167187 0.939063 0.165625 0.935937 0.162500 0.935937 0.160938 0.929688 0.154688 0.929688 0.153125 0.928125 0.151562 0.928125 0.150000 0.925000 0.146875 0.925000 0.145313 0.923438 0.143750 0.923438 0.140625 0.921875 0.139063 0.921875 0.137500 0.920312 0.135937 0.915625 0.135937 0.914062 0.134375 0.909375 0.134375 0.907813 0.132812 0.901563 0.132812 0.900000 0.131250 0.889062 0.131250 0.887500 0.129688 0.884375 0.129688 0.882812 0.128125 0.875000 0.128125 0.873437 0.126562 0.864062 0.126562 0.862500 0.125000 0.856250 0.125000 0.854688 0.126562 0.835938 0.126562 0.834375 0.125000 0.825000 0.125000 0.823438 0.123438 0.820312 0.123438 0.818750 0.121875 0.809375 0.121875 0.807813 0.123438 0.796875 0.123438 0.795312 0.121875 0.787500 0.121875 0.785937 0.120313
0 0.865625 0.387500 0.864062 0.389062 0.825000 0.389062 0.823438 0.390625 0.789062 0.390625 0.787500 0.392188 0.742188 0.392188 0.740625 0.393750 0.737500 0.393750 0.735938 0.395313 0.734375 0.395313 0.732812 0.396875 0.731250 0.396875 0.729688 0.398438 0.728125 0.398438 0.726562 0.400000 0.725000 0.400000 0.723437 0.401562 0.721875 0.401562 0.707812 0.415625 0.707812 0.417187 0.704688 0.420312 0.704688 0.421875 0.703125 0.423438 0.703125 0.425000 0.701562 0.426563 0.701562 0.428125 0.700000 0.429688 0.700000 0.434375 0.698438 0.435937 0.698438 0.440625 0.696875 0.442188 0.696875 0.451562 0.695312 0.453125 0.695312 0.493750 0.693750 0.495312 0.693750 0.496875 0.695312 0.498437 0.695312 0.509375 0.696875 0.510938 0.696875 0.515625 0.698438 0.517188 0.698438 0.523438 0.700000 0.525000 0.700000 0.529687 0.701562 0.531250 0.701562 0.534375 0.703125 0.535937 0.703125 0.539062 0.704688 0.540625 0.704688 0.542188 0.706250 0.543750 0.706250 0.546875 0.707812 0.548438 0.707812 0.550000 0.709375 0.551562 0.709375 0.554688 0.710938 0.556250 0.710938 0.557813 0.712500 0.559375 0.712500 0.560937 0.714063 0.562500 0.714063 0.564063 0.715625 0.565625 0.715625 0.567187 0.720313 0.571875 0.720313 0.573438 0.725000 0.578125 0.725000 0.579688 0.732812 0.587500 0.734375 0.587500 0.737500 0.590625 0.739062 0.590625 0.740625 0.592187 0.742188 0.592187 0.743750 0.593750 0.764062 0.593750 0.765625 0.595313 0.773438 0.595313 0.775000 0.593750 0.793750 0.593750 0.795312 0.592187 0.831250 0.592187 0.832812 0.590625 0.868750 0.590625 0.870313 0.589063 0.917188 0.589063 0.918750 0.587500 0.926562 0.587500 0.928125 0.585938 0.931250 0.585938 0.932813 0.584375 0.934375 0.584375 0.935937 0.582812 0.937500 0.582812 0.942187 0.578125 0.943750 0.578125 0.948438 0.573438 0.950000 0.573438 0.953125 0.570312 0.953125 0.568750 0.956250 0.565625 0.956250 0.564063 0.957812 0.562500 0.957812 0.560937 0.959375 0.559375 0.959375 0.557813 0.960938 0.556250 0.960938 0.554688 0.962500 0.553125 0.962500 0.545312 0.964063 0.543750 0.964063 0.532813 0.962500 0.531250 0.962500 0.518750 0.964063 0.517188 0.964063 0.462500 0.962500 0.460938 0.962500 0.440625 0.960938 0.439063 0.960938 0.431250 0.959375 0.429688 0.959375 0.425000 0.957812 0.423438 0.957812 0.421875 0.956250 0.420312 0.956250 0.417187 0.954688 0.415625 0.954688 0.414062 0.953125 0.412500 0.953125 0.410938 0.946875 0.404687 0.946875 0.403125 0.940625 0.396875 0.939063 0.396875 0.935937 0.393750 0.934375 0.393750 0.932813 0.392188 0.929688 0.392188 0.928125 0.390625 0.925000 0.390625 0.923438 0.389062 0.914062 0.389062 0.912500 0.387500
0 0.857812 0.603125 0.856250 0.604688 0.825000 0.604688 0.823438 0.606250 0.798438 0.606250 0.796875 0.607812 0.792188 0.607812 0.790625 0.609375 0.787500 0.609375 0.785937 0.610938 0.784375 0.610938 0.782813 0.612500 0.781250 0.612500 0.779687 0.614062 0.778125 0.614062 0.776563 0.615625 0.773438 0.615625 0.770312 0.618750 0.768750 0.618750 0.757812 0.629687 0.757812 0.631250 0.753125 0.635938 0.753125 0.637500 0.751563 0.639062 0.751563 0.640625 0.750000 0.642188 0.750000 0.654687 0.748437 0.656250 0.748437 0.671875 0.750000 0.673438 0.750000 0.678125 0.751563 0.679688 0.751563 0.689063 0.753125 0.690625 0.753125 0.698438 0.754687 0.700000 0.754687 0.707812 0.756250 0.709375 0.756250 0.740625 0.757812 0.742188 0.757812 0.751563 0.756250 0.753125 0.756250 0.764062 0.754687 0.765625 0.754687 0.771875 0.753125 0.773438 0.753125 0.776563 0.754687 0.778125 0.754687 0.785937 0.753125 0.787500 0.753125 0.795312 0.754687 0.796875 0.754687 0.801562 0.756250 0.803125 0.756250 0.806250 0.757812 0.807813 0.757812 0.809375 0.760938 0.812500 0.760938 0.814063 0.764062 0.817187 0.765625 0.817187 0.768750 0.820312 0.770312 0.820312 0.773438 0.823438 0.775000 0.823438 0.776563 0.825000 0.778125 0.825000 0.779687 0.826562 0.781250 0.826562 0.784375 0.829688 0.785937 0.829688 0.787500 0.831250 0.789062 0.831250 0.790625 0.832812 0.801562 0.832812 0.803125 0.834375 0.812500 0.834375 0.814063 0.832812 0.839063 0.832812 0.840625 0.831250 0.842187 0.831250 0.843750 0.829688 0.854688 0.829688 0.857812 0.832812 0.879687 0.832812 0.881250 0.831250 0.885938 0.831250 0.887500 0.829688 0.892188 0.829688 0.893750 0.828125 0.895312 0.828125 0.896875 0.826562 0.903125 0.826562 0.904687 0.825000 0.906250 0.825000 0.909375 0.821875 0.910937 0.821875 0.912500 0.820312 0.914062 0.820312 0.918750 0.815625 0.920312 0.815625 0.921875 0.814063 0.925000 0.814063 0.926562 0.812500 0.928125 0.812500 0.928125 0.809375 0.929688 0.807813 0.931250 0.807813 0.943750 0.795312 0.943750 0.793750 0.945312 0.792188 0.945312 0.790625 0.946875 0.789062 0.946875 0.787500 0.948438 0.785937 0.948438 0.784375 0.951562 0.781250 0.951562 0.779687 0.954688 0.776563 0.954688 0.775000 0.956250 0.773438 0.956250 0.771875 0.957812 0.770312 0.957812 0.768750 0.959375 0.767188 0.959375 0.765625 0.962500 0.762500 0.962500 0.760938 0.964063 0.759375 0.964063 0.757812 0.965625 0.756250 0.965625 0.746875 0.967187 0.745313 0.967187 0.739062 0.968750 0.737500 0.968750 0.712500 0.970313 0.710938 0.970313 0.671875 0.971875 0.670312 0.971875 0.659375 0.970313 0.657813 0.970313 0.654687 0.968750 0.653125 0.968750 0.650000 0.967187 0.648438 0.967187 0.643750 0.965625 0.642188 0.965625 0.639062 0.964063 0.637500 0.964063 0.635938 0.962500 0.634375 0.962500 0.631250 0.951562 0.620313 0.951562 0.618750 0.943750 0.610938 0.942187 0.610938 0.940625 0.609375 0.939063 0.609375 0.935937 0.606250 0.934375 0.606250 0.932813 0.604688 0.929688 0.604688 0.928125 0.603125 0.884375 0.603125 0.882812 0.604688 0.868750 0.604688 0.867188 0.603125
0 0.634375 0.576562 0.632812 0.578125 0.615625 0.578125 0.614062 0.579688 0.604688 0.579688 0.603125 0.578125 0.550000 0.578125 0.548438 0.579688 0.545312 0.579688 0.543750 0.578125 0.526563 0.578125 0.525000 0.579688 0.520312 0.579688 0.518750 0.581250 0.506250 0.581250 0.504687 0.579688 0.498437 0.579688 0.496875 0.578125 0.489063 0.578125 0.487500 0.579688 0.470313 0.579688 0.468750 0.581250 0.448437 0.581250 0.446875 0.579688 0.440625 0.579688 0.439063 0.581250 0.432812 0.581250 0.431250 0.579688 0.414062 0.579688 0.412500 0.581250 0.395313 0.581250 0.393750 0.582812 0.343750 0.582812 0.342187 0.584375 0.340625 0.584375 0.335938 0.589063 0.334375 0.589063 0.329688 0.593750 0.328125 0.593750 0.321875 0.600000 0.320312 0.600000 0.318750 0.601562 0.317188 0.601562 0.312500 0.606250 0.312500 0.607812 0.310937 0.609375 0.310937 0.610938 0.307812 0.614062 0.307812 0.617188 0.304688 0.620313 0.304688 0.621875 0.303125 0.623437 0.303125 0.626563 0.301563 0.628125 0.301563 0.629687 0.300000 0.631250 0.300000 0.634375 0.298438 0.635938 0.298438 0.640625 0.296875 0.642188 0.296875 0.646875 0.295312 0.648438 0.295312 0.651563 0.293750 0.653125 0.293750 0.654687 0.292187 0.656250 0.292187 0.664062 0.290625 0.665625 0.290625 0.675000 0.289062 0.676562 0.289062 0.679688 0.287500 0.681250 0.287500 0.693750 0.285938 0.695312 0.285938 0.710938 0.284375 0.712500 0.284375 0.725000 0.282813 0.726562 0.282813 0.743750 0.281250 0.745313 0.281250 0.748437 0.282813 0.750000 0.282813 0.771875 0.284375 0.773438 0.284375 0.790625 0.285938 0.792188 0.285938 0.798438 0.287500 0.800000 0.287500 0.810937 0.289062 0.812500 0.289062 0.814063 0.290625 0.815625 0.290625 0.818750 0.292187 0.820312 0.292187 0.821875 0.293750 0.823438 0.293750 0.826562 0.295312 0.828125 0.295312 0.829688 0.296875 0.831250 0.296875 0.832812 0.298438 0.834375 0.298438 0.835938 0.306250 0.843750 0.306250 0.845313 0.312500 0.851562 0.318750 0.851562 0.320312 0.853125 0.323437 0.853125 0.326562 0.856250 0.331250 0.856250 0.332813 0.857812 0.406250 0.857812 0.407813 0.856250 0.418750 0.856250 0.420312 0.857812 0.421875 0.857812 0.423438 0.856250 0.434375 0.856250 0.435937 0.854688 0.439063 0.854688 0.440625 0.853125 0.465625 0.853125 0.467187 0.851562 0.507812 0.851562 0.509375 0.850000 0.521875 0.850000 0.523438 0.848437 0.548438 0.848437 0.550000 0.846875 0.559375 0.846875 0.560937 0.845313 0.589063 0.845313 0.590625 0.843750 0.612500 0.843750 0.614062 0.842187 0.634375 0.842187 0.635938 0.843750 0.678125 0.843750 0.679688 0.842187 0.698438 0.842187 0.700000 0.840625 0.704688 0.840625 0.706250 0.839063 0.707812 0.839063 0.723437 0.823438 0.723437 0.821875 0.726562 0.818750 0.726562 0.815625 0.728125 0.814063 0.728125 0.812500 0.729688 0.810937 0.729688 0.809375 0.731250 0.807813 0.731250 0.806250 0.732812 0.804688 0.732812 0.801562 0.734375 0.800000 0.734375 0.798438 0.735938 0.796875 0.735938 0.790625 0.737500 0.789062 0.737500 0.781250 0.739062 0.779687 0.739062 0.767188 0.740625 0.765625 0.740625 0.757812 0.742188 0.756250 0.742188 0.750000 0.740625 0.748437 0.740625 0.729688 0.742188 0.728125 0.742188 0.721875 0.740625 0.720313 0.740625 0.717187 0.739062 0.715625 0.739062 0.707812 0.740625 0.706250 0.740625 0.703125 0.739062 0.701562 0.739062 0.696875 0.737500 0.695312 0.737500 0.690625 0.735938 0.689063 0.735938 0.685937 0.734375 0.684375 0.734375 0.678125 0.732812 0.676562 0.732812 0.670312 0.731250 0.668750 0.731250 0.664062 0.729688 0.662500 0.729688 0.651563 0.728125 0.650000 0.728125 0.645312 0.726562 0.643750 0.726562 0.640625 0.725000 0.639062 0.725000 0.635938 0.723437 0.634375 0.723437 0.629687 0.725000 0.628125 0.725000 0.626563 0.723437 0.625000 0.723437 0.623437 0.721875 0.621875 0.721875 0.620313 0.720313 0.618750 0.720313 0.617188 0.718750 0.615625 0.718750 0.614062 0.717187 0.612500 0.717187 0.609375 0.715625 0.607812 0.715625 0.604688 0.712500 0.604688 0.710938 0.603125 0.710938 0.601562 0.709375 0.600000 0.709375 0.598437 0.701562 0.590625 0.701562 0.589063 0.696875 0.584375 0.695312 0.584375 0.693750 0.582812 0.687500 0.582812 0.685937 0.581250 0.684375 0.581250 0.682813 0.579688 0.678125 0.579688 0.676562 0.578125 0.675000 0.578125 0.673438 0.576562
0 0.156250 0.631250 0.154688 0.632812 0.106250 0.632812 0.104688 0.634375 0.089063 0.634375 0.087500 0.635938 0.075000 0.635938 0.073438 0.637500 0.068750 0.637500 0.067187 0.639062 0.065625 0.639062 0.064062 0.640625 0.062500 0.640625 0.059375 0.643750 0.057813 0.643750 0.040625 0.660937 0.040625 0.662500 0.039062 0.664062 0.039062 0.667188 0.037500 0.668750 0.037500 0.670312 0.035937 0.671875 0.035937 0.681250 0.034375 0.682813 0.034375 0.689063 0.032813 0.690625 0.032813 0.698438 0.034375 0.700000 0.034375 0.765625 0.035937 0.767188 0.035937 0.782813 0.037500 0.784375 0.037500 0.817187 0.039062 0.818750 0.040625 0.818750 0.042188 0.820312 0.043750 0.820312 0.050000 0.826562 0.050000 0.828125 0.056250 0.834375 0.057813 0.834375 0.062500 0.839063 0.064062 0.839063 0.070312 0.845313 0.071875 0.845313 0.075000 0.848437 0.076563 0.848437 0.078125 0.850000 0.079687 0.850000 0.082812 0.853125 0.084375 0.853125 0.085938 0.854688 0.087500 0.854688 0.089063 0.856250 0.090625 0.856250 0.092188 0.857812 0.093750 0.857812 0.095312 0.859375 0.100000 0.859375 0.101562 0.860938 0.103125 0.860938 0.104688 0.862500 0.114062 0.862500 0.115625 0.864062 0.121875 0.864062 0.123438 0.865625 0.140625 0.865625 0.142187 0.867188 0.195312 0.867188 0.196875 0.865625 0.207813 0.865625 0.209375 0.864062 0.223438 0.864062 0.225000 0.862500 0.229687 0.862500 0.231250 0.860938 0.235937 0.860938 0.237500 0.859375 0.239063 0.859375 0.240625 0.857812 0.243750 0.857812 0.245312 0.856250 0.246875 0.856250 0.254688 0.848437 0.254688 0.846875 0.256250 0.845313 0.257812 0.845313 0.257812 0.843750 0.260937 0.840625 0.260937 0.839063 0.262500 0.837500 0.262500 0.835938 0.264062 0.834375 0.264062 0.832812 0.265625 0.831250 0.265625 0.814063 0.264062 0.812500 0.264062 0.809375 0.265625 0.807813 0.265625 0.760938 0.267188 0.759375 0.267188 0.731250 0.268750 0.729688 0.268750 0.715625 0.267188 0.714063 0.267188 0.706250 0.268750 0.704688 0.268750 0.698438 0.270313 0.696875 0.270313 0.693750 0.271875 0.692187 0.271875 0.676562 0.273438 0.675000 0.271875 0.673438 0.271875 0.667188 0.268750 0.664062 0.268750 0.662500 0.260937 0.654687 0.260937 0.653125 0.243750 0.635938 0.242188 0.635938 0.240625 0.634375 0.239063 0.634375 0.237500 0.632812 0.226562 0.632812 0.225000 0.631250 0.175000 0.631250 0.173437 0.632812 0.167187 0.632812 0.165625 0.631250
0 0.092188 0.403125 0.090625 0.404687 0.075000 0.404687 0.073438 0.406250 0.070312 0.406250 0.068750 0.407813 0.064062 0.407813 0.062500 0.409375 0.059375 0.409375 0.057813 0.410938 0.056250 0.410938 0.054688 0.412500 0.053125 0.412500 0.050000 0.415625 0.048438 0.415625 0.029687 0.434375 0.029687 0.435937 0.028125 0.437500 0.028125 0.439063 0.026562 0.440625 0.026562 0.442188 0.025000 0.443750 0.025000 0.445312 0.023438 0.446875 0.023438 0.450000 0.021875 0.451562 0.021875 0.468750 0.023438 0.470313 0.023438 0.548438 0.025000 0.550000 0.025000 0.565625 0.026562 0.567187 0.026562 0.575000 0.028125 0.576562 0.028125 0.579688 0.029687 0.581250 0.029687 0.582812 0.031250 0.584375 0.031250 0.587500 0.034375 0.590625 0.034375 0.592187 0.037500 0.595313 0.037500 0.596875 0.039062 0.598437 0.039062 0.600000 0.042188 0.603125 0.042188 0.604688 0.045312 0.607812 0.046875 0.607812 0.050000 0.610938 0.053125 0.610938 0.054688 0.612500 0.059375 0.612500 0.062500 0.615625 0.064062 0.615625 0.065625 0.617188 0.070312 0.617188 0.071875 0.618750 0.160938 0.618750 0.162500 0.617188 0.203125 0.617188 0.204687 0.615625 0.220312 0.615625 0.221875 0.614062 0.257812 0.614062 0.259375 0.612500 0.265625 0.612500 0.267188 0.610938 0.270313 0.610938 0.271875 0.609375 0.275000 0.609375 0.276562 0.607812 0.278125 0.607812 0.279687 0.606250 0.281250 0.606250 0.284375 0.603125 0.285938 0.603125 0.287500 0.601562 0.289062 0.601562 0.295312 0.595313 0.295312 0.593750 0.296875 0.592187 0.296875 0.589063 0.298438 0.587500 0.298438 0.582812 0.301563 0.579688 0.301563 0.578125 0.303125 0.576562 0.303125 0.575000 0.304688 0.573438 0.304688 0.567187 0.306250 0.565625 0.306250 0.562500 0.307812 0.560937 0.307812 0.557813 0.309375 0.556250 0.309375 0.554688 0.310937 0.553125 0.310937 0.548438 0.312500 0.546875 0.312500 0.540625 0.314063 0.539062 0.314063 0.534375 0.315625 0.532813 0.315625 0.528125 0.317188 0.526563 0.317188 0.521875 0.318750 0.520312 0.318750 0.478125 0.317188 0.476562 0.317188 0.467187 0.315625 0.465625 0.315625 0.454688 0.314063 0.453125 0.314063 0.448437 0.312500 0.446875 0.312500 0.443750 0.310937 0.442188 0.310937 0.440625 0.309375 0.439063 0.309375 0.437500 0.307812 0.435937 0.307812 0.434375 0.306250 0.432812 0.306250 0.431250 0.304688 0.429688 0.304688 0.428125 0.293750 0.417187 0.293750 0.415625 0.290625 0.412500 0.289062 0.412500 0.285938 0.409375 0.282813 0.409375 0.281250 0.407813 0.278125 0.407813 0.276562 0.406250 0.275000 0.406250 0.273438 0.404687 0.268750 0.404687 0.267188 0.403125 0.250000 0.403125 0.248438 0.404687 0.181250 0.404687 0.179688 0.403125 0.173437 0.403125 0.171875 0.404687 0.145313 0.404687 0.143750 0.406250 0.140625 0.406250 0.139063 0.404687 0.114062 0.404687 0.112500 0.403125
0 0.221875 0.123438 0.220312 0.125000 0.182812 0.125000 0.181250 0.126562 0.170313 0.126562 0.168750 0.125000 0.135937 0.125000 0.134375 0.126562 0.085938 0.126562 0.084375 0.128125 0.082812 0.128125 0.081250 0.129688 0.079687 0.129688 0.078125 0.131250 0.073438 0.131250 0.071875 0.132812 0.070312 0.132812 0.068750 0.134375 0.067187 0.134375 0.065625 0.135937 0.064062 0.135937 0.059375 0.140625 0.057813 0.140625 0.048438 0.150000 0.046875 0.150000 0.043750 0.153125 0.042188 0.153125 0.034375 0.160938 0.034375 0.162500 0.032813 0.164062 0.032813 0.165625 0.031250 0.167187 0.031250 0.168750 0.029687 0.170313 0.029687 0.171875 0.025000 0.176563 0.025000 0.178125 0.023438 0.179688 0.023438 0.181250 0.021875 0.182812 0.021875 0.187500 0.020313 0.189062 0.020313 0.193750 0.018750 0.195312 0.018750 0.200000 0.017188 0.201563 0.017188 0.234375 0.015625 0.235937 0.015625 0.292187 0.017188 0.293750 0.017188 0.301563 0.018750 0.303125 0.018750 0.306250 0.017188 0.307812 0.017188 0.343750 0.018750 0.345313 0.018750 0.350000 0.020313 0.351562 0.020313 0.354687 0.021875 0.356250 0.021875 0.357812 0.023438 0.359375 0.023438 0.360938 0.026562 0.364063 0.026562 0.365625 0.028125 0.367188 0.028125 0.368750 0.029687 0.370312 0.029687 0.371875 0.039062 0.381250 0.040625 0.381250 0.042188 0.382812 0.043750 0.382812 0.045312 0.384375 0.046875 0.384375 0.048438 0.385937 0.057813 0.385937 0.059375 0.387500 0.060937 0.387500 0.062500 0.389062 0.065625 0.389062 0.067187 0.390625 0.071875 0.390625 0.073438 0.392188 0.087500 0.392188 0.089063 0.393750 0.106250 0.393750 0.107813 0.392188 0.117188 0.392188 0.118750 0.390625 0.126562 0.390625 0.128125 0.389062 0.129688 0.389062 0.131250 0.387500 0.153125 0.387500 0.154688 0.389062 0.160938 0.389062 0.162500 0.390625 0.187500 0.390625 0.189062 0.389062 0.200000 0.389062 0.201563 0.390625 0.242188 0.390625 0.243750 0.389062 0.248438 0.389062 0.250000 0.387500 0.253125 0.387500 0.254688 0.385937 0.257812 0.385937 0.259375 0.384375 0.262500 0.384375 0.264062 0.382812 0.265625 0.382812 0.268750 0.379688 0.270313 0.379688 0.275000 0.375000 0.275000 0.373437 0.278125 0.370312 0.278125 0.368750 0.279687 0.367188 0.279687 0.364063 0.281250 0.362500 0.281250 0.360938 0.282813 0.359375 0.282813 0.357812 0.285938 0.354687 0.285938 0.353125 0.287500 0.351562 0.287500 0.350000 0.289062 0.348438 0.289062 0.343750 0.290625 0.342187 0.290625 0.332813 0.289062 0.331250 0.289062 0.310937 0.290625 0.309375 0.290625 0.271875 0.292187 0.270313 0.292187 0.257812 0.293750 0.256250 0.293750 0.251563 0.295312 0.250000 0.295312 0.245312 0.296875 0.243750 0.296875 0.239063 0.298438 0.237500 0.298438 0.234375 0.300000 0.232813 0.300000 0.226562 0.301563 0.225000 0.301563 0.223438 0.303125 0.221875 0.303125 0.220312 0.306250 0.217188 0.306250 0.215625 0.307812 0.214062 0.307812 0.210938 0.309375 0.209375 0.309375 0.203125 0.310937 0.201563 0.310937 0.198437 0.312500 0.196875 0.312500 0.193750 0.314063 0.192188 0.314063 0.176563 0.312500 0.175000 0.312500 0.171875 0.310937 0.170313 0.310937 0.168750 0.309375 0.167187 0.309375 0.154688 0.307812 0.153125 0.307812 0.150000 0.306250 0.148438 0.306250 0.146875 0.303125 0.143750 0.303125 0.142187 0.298438 0.137500 0.296875 0.137500 0.293750 0.134375 0.292187 0.134375 0.290625 0.132812 0.287500 0.132812 0.285938 0.131250 0.278125 0.131250 0.276562 0.129688 0.273438 0.129688 0.271875 0.128125 0.257812 0.128125 0.256250 0.126562 0.251563 0.126562 0.250000 0.125000 0.246875 0.125000 0.245312 0.123438
0 0.489063 0.121875 0.487500 0.123438 0.481250 0.123438 0.479687 0.125000 0.373437 0.125000 0.371875 0.126562 0.368750 0.126562 0.367188 0.128125 0.365625 0.128125 0.362500 0.131250 0.360938 0.131250 0.356250 0.135937 0.356250 0.137500 0.353125 0.140625 0.353125 0.142187 0.351562 0.143750 0.351562 0.146875 0.348438 0.150000 0.348438 0.151562 0.346875 0.153125 0.346875 0.154688 0.342187 0.159375 0.342187 0.160938 0.340625 0.162500 0.340625 0.164062 0.339062 0.165625 0.339062 0.168750 0.337500 0.170313 0.337500 0.171875 0.335938 0.173437 0.335938 0.175000 0.334375 0.176563 0.334375 0.178125 0.332813 0.179688 0.332813 0.181250 0.331250 0.182812 0.331250 0.184375 0.329688 0.185938 0.329688 0.189062 0.328125 0.190625 0.328125 0.192188 0.326562 0.193750 0.326562 0.196875 0.325000 0.198437 0.325000 0.201563 0.323437 0.203125 0.323437 0.206250 0.321875 0.207813 0.321875 0.210938 0.320312 0.212500 0.320312 0.218750 0.318750 0.220312 0.318750 0.229687 0.317188 0.231250 0.317188 0.234375 0.315625 0.235937 0.315625 0.243750 0.314063 0.245312 0.314063 0.250000 0.312500 0.251563 0.312500 0.259375 0.310937 0.260937 0.310937 0.267188 0.309375 0.268750 0.309375 0.290625 0.307812 0.292187 0.307812 0.303125 0.306250 0.304688 0.306250 0.335938 0.307812 0.337500 0.307812 0.348438 0.309375 0.350000 0.309375 0.364063 0.310937 0.365625 0.310937 0.381250 0.312500 0.382812 0.312500 0.387500 0.314063 0.389062 0.314063 0.392188 0.315625 0.393750 0.315625 0.404687 0.317188 0.406250 0.317188 0.409375 0.318750 0.410938 0.318750 0.418750 0.320312 0.420312 0.320312 0.428125 0.321875 0.429688 0.321875 0.448437 0.323437 0.450000 0.323437 0.454688 0.325000 0.456250 0.325000 0.460938 0.326562 0.462500 0.326562 0.468750 0.328125 0.470313 0.328125 0.475000 0.329688 0.476562 0.329688 0.479687 0.331250 0.481250 0.331250 0.489063 0.332813 0.490625 0.332813 0.518750 0.334375 0.520312 0.334375 0.525000 0.335938 0.526563 0.335938 0.529687 0.337500 0.531250 0.337500 0.535937 0.339062 0.537500 0.339062 0.539062 0.340625 0.540625 0.340625 0.542188 0.342187 0.543750 0.342187 0.545312 0.343750 0.546875 0.343750 0.548438 0.351562 0.556250 0.353125 0.556250 0.359375 0.562500 0.360938 0.562500 0.362500 0.564063 0.364063 0.564063 0.365625 0.565625 0.367188 0.565625 0.368750 0.567187 0.373437 0.567187 0.375000 0.568750 0.418750 0.568750 0.420312 0.567187 0.437500 0.567187 0.439063 0.565625 0.450000 0.565625 0.451562 0.567187 0.484375 0.567187 0.485938 0.565625 0.514062 0.565625 0.515625 0.564063 0.531250 0.564063 0.532813 0.562500 0.559375 0.562500 0.560937 0.564063 0.581250 0.564063 0.582812 0.562500 0.587500 0.562500 0.589063 0.560937 0.592187 0.560937 0.595313 0.564063 0.596875 0.564063 0.598437 0.565625 0.600000 0.565625 0.601562 0.567187 0.614062 0.567187 0.615625 0.565625 0.629687 0.565625 0.631250 0.564063 0.632812 0.564063 0.634375 0.562500 0.637500 0.562500 0.639062 0.560937 0.643750 0.560937 0.645312 0.559375 0.654687 0.559375 0.656250 0.557813 0.659375 0.557813 0.660937 0.556250 0.664062 0.556250 0.664062 0.554688 0.668750 0.550000 0.670312 0.550000 0.671875 0.548438 0.671875 0.546875 0.673438 0.545312 0.673438 0.542188 0.675000 0.540625 0.675000 0.537500 0.676562 0.535937 0.676562 0.532813 0.678125 0.531250 0.678125 0.529687 0.679688 0.528125 0.679688 0.526563 0.681250 0.525000 0.681250 0.523438 0.682813 0.521875 0.682813 0.515625 0.684375 0.514062 0.684375 0.460938 0.685937 0.459375 0.685937 0.457813 0.687500 0.456250 0.687500 0.435937 0.689063 0.434375 0.689063 0.428125 0.690625 0.426563 0.690625 0.420312 0.692187 0.418750 0.692187 0.403125 0.693750 0.401562 0.693750 0.389062 0.695312 0.387500 0.695312 0.379688 0.696875 0.378125 0.696875 0.340625 0.695312 0.339062 0.695312 0.298438 0.693750 0.296875 0.693750 0.290625 0.692187 0.289062 0.692187 0.276562 0.690625 0.275000 0.690625 0.268750 0.689063 0.267188 0.689063 0.265625 0.687500 0.264062 0.687500 0.262500 0.685937 0.260937 0.685937 0.251563 0.684375 0.250000 0.684375 0.243750 0.682813 0.242188 0.682813 0.232813 0.681250 0.231250 0.681250 0.226562 0.679688 0.225000 0.679688 0.220312 0.678125 0.218750 0.678125 0.217188 0.676562 0.215625 0.676562 0.214062 0.675000 0.212500 0.675000 0.210938 0.673438 0.209375 0.673438 0.207813 0.671875 0.206250 0.671875 0.204687 0.670312 0.203125 0.670312 0.200000 0.668750 0.198437 0.668750 0.193750 0.667188 0.192188 0.667188 0.190625 0.665625 0.189062 0.665625 0.187500 0.664062 0.185938 0.664062 0.184375 0.662500 0.182812 0.662500 0.181250 0.660937 0.179688 0.660937 0.178125 0.656250 0.173437 0.656250 0.171875 0.654687 0.170313 0.654687 0.168750 0.651563 0.165625 0.651563 0.164062 0.648438 0.160938 0.648438 0.159375 0.645312 0.156250 0.645312 0.153125 0.643750 0.151562 0.643750 0.150000 0.642188 0.148438 0.642188 0.146875 0.639062 0.143750 0.639062 0.142187 0.631250 0.134375 0.629687 0.134375 0.626563 0.131250 0.625000 0.131250 0.623437 0.129688 0.621875 0.129688 0.620313 0.128125 0.617188 0.128125 0.615625 0.126562 0.601562 0.126562 0.600000 0.128125 0.596875 0.128125 0.595313 0.129688 0.589063 0.129688 0.587500 0.128125 0.584375 0.128125 0.582812 0.126562 0.579688 0.126562 0.578125 0.125000 0.571875 0.125000 0.570312 0.123438 0.535937 0.123438 0.534375 0.121875
