0 0.177678 0.628125 0.147883 0.628366 0.125259 0.632962 0.125811 0.969195 0.140625 0.978125 0.164069 0.982437 0.320312 0.982812 0.334375 0.975000 0.351562 0.953125 0.364063 0.921875 0.375000 0.779687 0.376563 0.767188 0.376563 0.720313 0.364063 0.690625 0.337500 0.670312 0.232813 0.651563 0.193750 0.637500
0 0.714063 0.232813 0.704688 0.237500 0.653125 0.246875 0.629687 0.259375 0.615625 0.278125 0.609375 0.329688 0.602366 0.642159 0.629687 0.673438 0.651563 0.685937 0.715625 0.706250 0.765625 0.714063 0.825000 0.714063 0.876563 0.700000 0.874344 0.272536 0.865625 0.260937 0.840625 0.240625 0.821875 0.234375 0.794534 0.229286
5 0.282589 0.253125 0.178125 0.253125 0.178125 0.398438 0.185938 0.404687 0.198437 0.495312 0.200000 0.612500 0.210938 0.620313 0.229687 0.623437 0.287500 0.621875 0.362500 0.612500 0.432812 0.610938 0.523438 0.590625 0.559375 0.593750 0.576562 0.587500 0.589063 0.548438 0.595313 0.546875 0.595313 0.526563 0.589063 0.525000 0.581250 0.489063 0.556250 0.432812 0.526563 0.390625 0.484375 0.343750 0.435937 0.309375 0.414062 0.298438 0.323437 0.271875 0.292187 0.259375 0.290625 0.253125
7 0.741145 0.053125 0.723437 0.053125 0.721875 0.059375 0.681250 0.067187 0.668750 0.076563 0.659375 0.095312 0.653125 0.096875 0.653125 0.182812 0.659375 0.182812 0.685937 0.209375 0.704688 0.214062 0.706250 0.220312 0.721875 0.220312 0.723437 0.214062 0.735938 0.212500 0.785937 0.212500 0.796875 0.214062 0.798438 0.220312 0.823438 0.220312 0.851562 0.178125 0.857812 0.176563 0.857812 0.140625 0.835938 0.135937 0.823438 0.126562 0.817187 0.112500 0.810937 0.053125 0.764062 0.053125 0.762500 0.059375 0.751563 0.059375 0.750000 0.053125
0 0.590350 0.003125 0.485439 0.001594 0.460938 0.009375 0.440625 0.032813 0.434375 0.082812 0.428125 0.221875 0.451562 0.240625 0.485938 0.251563 0.517677 0.255370 0.570312 0.250000 0.607812 0.240625 0.625000 0.226562 0.634375 0.210938 0.639505 0.061195 0.632812 0.040625 0.598437 0.007812
0 0.395052 0.003125 0.242219 0.001848 0.209375 0.007812 0.176563 0.039062 0.164062 0.067187 0.159375 0.098437 0.147459 0.217284 0.155439 0.233592 0.179688 0.245312 0.212500 0.245312 0.253125 0.234375 0.357812 0.228125 0.392188 0.214062 0.409375 0.189062 0.420312 0.053125 0.418750 0.032813 0.403125 0.003125
4 0.794886 0.234375 0.712500 0.234375 0.710938 0.240625 0.695312 0.242188 0.668750 0.256250 0.639062 0.264062 0.614062 0.290625 0.609375 0.345313 0.603125 0.346875 0.603125 0.354687 0.609375 0.356250 0.609375 0.384375 0.603125 0.385937 0.603125 0.640625 0.609375 0.640625 0.632812 0.670312 0.651563 0.679688 0.732812 0.703125 0.834375 0.704688 0.854688 0.700000 0.876563 0.687500 0.876563 0.320312 0.850000 0.296875 0.834375 0.276562 0.825000 0.253125 0.806250 0.242188 0.803125 0.234375
0 0.780916 0.015625 0.687972 0.013042 0.663542 0.031770 0.653194 0.044698 0.654531 0.183808 0.681250 0.207813 0.703125 0.214062 0.831250 0.220312 0.856250 0.217188 0.876563 0.200000 0.870313 0.092188 0.859375 0.070312 0.834375 0.045312 0.807813 0.028125 0.789062 0.015625
8 0.751433 0.734375 0.664062 0.734375 0.648438 0.759375 0.640625 0.762500 0.640625 0.918750 0.648438 0.920312 0.667188 0.940625 0.689063 0.951562 0.725000 0.959375 0.745313 0.979688 0.754687 0.982812 0.756250 0.989062 0.762500 0.981250 0.804688 0.971875 0.850000 0.928125 0.857812 0.926562 0.857812 0.918750 0.829688 0.900000 0.800000 0.857812 0.801562 0.845313 0.815625 0.826562 0.815625 0.812500 0.800000 0.784375 0.779687 0.757812 0.759375 0.740625 0.759375 0.734375
0 0.846875 0.728125 0.776941 0.731927 0.697098 0.720914 0.667188 0.728125 0.646875 0.760938 0.639283 0.953831 0.659375 0.976562 0.687500 0.998437 0.826562 0.998437 0.854688 0.987500 0.876563 0.968750 0.876563 0.743750 0.856250 0.735938
0 0.350452 0.249350 0.230067 0.263172 0.205098 0.270306 0.176406 0.285938 0.163906 0.290625 0.143594 0.307812 0.132656 0.326562 0.125289 0.356805 0.125734 0.583305 0.172550 0.613178 0.232742 0.636362 0.336630 0.652859 0.450770 0.639037 0.543956 0.639037 0.572937 0.625216 0.585781 0.607812 0.588906 0.587500 0.593594 0.364063 0.595156 0.353125 0.595156 0.337500 0.583639 0.299288 0.551983 0.278778 0.480644 0.277441 0.429531 0.265625 0.412427 0.257822
0 0.478434 0.648813 0.432812 0.657813 0.409375 0.676562 0.398438 0.700000 0.392980 0.773605 0.390625 0.954688 0.404219 0.969900 0.411194 0.974358 0.428125 0.982812 0.506144 0.986372 0.585938 0.982812 0.609375 0.960938 0.620313 0.940625 0.625000 0.881250 0.626563 0.873437 0.626563 0.734375 0.618750 0.709375 0.600000 0.684375 0.548438 0.659375
6 0.162500 0.121875 0.159375 0.164062 0.165625 0.170313 0.168750 0.226562 0.175000 0.240625 0.201563 0.243750 0.265625 0.228125 0.367188 0.223438 0.390625 0.214062 0.407813 0.190625 0.415625 0.054688 0.404687 0.034375 0.348438 0.014063 0.271875 0.012500 0.232813 0.020313 0.204687 0.034375 0.193750 0.050000
2 0.445312 0.046875 0.439063 0.226562 0.467187 0.245312 0.514062 0.253125 0.564063 0.250000 0.618750 0.231250 0.629687 0.210938 0.632812 0.178125 0.632812 0.067187 0.623437 0.042188 0.607812 0.028125 0.581250 0.021875 0.478125 0.017188 0.456250 0.029687
3 0.401562 0.721875 0.390625 0.953125 0.404687 0.960938 0.410938 0.956250 0.417187 0.964063 0.473438 0.965625 0.490625 0.971875 0.496875 0.967187 0.507812 0.975000 0.550000 0.976562 0.581250 0.967187 0.581250 0.960938 0.570312 0.956250 0.567187 0.937500 0.593750 0.932813 0.607812 0.940625 0.615625 0.931250 0.614062 0.750000 0.607812 0.703125 0.595313 0.689063 0.542188 0.664062 0.465625 0.660937 0.431250 0.667188 0.412500 0.681250
1 0.126562 0.637500 0.128125 0.935937 0.151562 0.946875 0.164062 0.921875 0.179688 0.928125 0.192188 0.925000 0.207813 0.934375 0.221875 0.926562 0.250000 0.943750 0.264062 0.928125 0.279687 0.923438 0.314063 0.928125 0.359375 0.923438 0.364063 0.915625 0.373437 0.756250 0.365625 0.695312 0.337500 0.673438 0.254688 0.665625 0.171875 0.632812
