5 0.503437 0.171875 0.467187 0.171875 0.467187 0.178125 0.442188 0.201563 0.410938 0.245312 0.385937 0.318750 0.378125 0.321875 0.378125 0.481250 0.404687 0.496875 0.545312 0.495312 0.615625 0.440625 0.684375 0.370312 0.689063 0.370312 0.689063 0.351562 0.679688 0.346875 0.665625 0.321875 0.589063 0.267188 0.543750 0.218750 0.515625 0.182812 0.512500 0.171875
8 0.918750 0.559375 0.871875 0.559375 0.871875 0.564063 0.851562 0.581250 0.829688 0.593750 0.821875 0.593750 0.821875 0.629687 0.831250 0.634375 0.834375 0.643750 0.828125 0.707812 0.834375 0.748437 0.859375 0.779687 0.890625 0.793750 0.942187 0.792188 0.978125 0.785937 0.989062 0.778125 0.978125 0.698438 0.967187 0.671875 0.981250 0.657813 0.998437 0.653125 0.998437 0.623437 0.968750 0.607812 0.926562 0.564063 0.926562 0.559375
7 0.256250 0.578125 0.228125 0.578125 0.225000 0.585938 0.196875 0.596875 0.157812 0.595313 0.151562 0.590625 0.121875 0.601562 0.084375 0.626563 0.048438 0.629687 0.040625 0.639062 0.035937 0.665625 0.021875 0.676562 0.021875 0.773438 0.039062 0.779687 0.056250 0.776563 0.090625 0.781250 0.104688 0.787500 0.126562 0.779687 0.148438 0.779687 0.162500 0.793750 0.182812 0.776563 0.240625 0.773438 0.251563 0.756250 0.257812 0.664062 0.270313 0.610938 0.276562 0.609375 0.276562 0.590625 0.265625 0.584375 0.265625 0.578125
0 0.690550 0.515625 0.367188 0.515625 0.348864 0.521386 0.332308 0.532733 0.318750 0.554688 0.301563 0.592187 0.285938 0.646875 0.275261 0.688950 0.273605 0.761553 0.284248 0.790322 0.307812 0.815625 0.346875 0.826562 0.374359 0.825780 0.398248 0.826489 0.407813 0.826562 0.428125 0.823438 0.526563 0.825000 0.546875 0.818750 0.626563 0.820312 0.671875 0.812500 0.725000 0.812500 0.757812 0.807813 0.781120 0.806058 0.799333 0.789983 0.806428 0.776983 0.813050 0.763981 0.811158 0.697347 0.787980 0.618158 0.766220 0.569161 0.749428 0.543230 0.724594 0.523609 0.709456 0.517464 0.698438 0.515625
4 0.557445 0.515625 0.426563 0.515625 0.423438 0.523438 0.395313 0.529687 0.328125 0.557813 0.314063 0.576562 0.292187 0.651563 0.284375 0.656250 0.284375 0.770312 0.317188 0.776563 0.332813 0.803125 0.342187 0.809375 0.346875 0.809375 0.359375 0.784375 0.400000 0.782813 0.417187 0.776563 0.451562 0.776563 0.467187 0.784375 0.496875 0.775000 0.539062 0.775000 0.548438 0.784375 0.550000 0.806250 0.559375 0.801562 0.565625 0.787500 0.579688 0.782813 0.640625 0.785937 0.667188 0.806250 0.751563 0.806250 0.768750 0.800000 0.782813 0.785937 0.793750 0.751563 0.801562 0.746875 0.801562 0.714063 0.793750 0.707812 0.782813 0.646875 0.768750 0.601562 0.731250 0.543750 0.704688 0.523438 0.701562 0.515625 0.660937 0.515625 0.657813 0.523438 0.648438 0.526563 0.575000 0.525000 0.568750 0.523438 0.565625 0.515625
2 0.307753 0.371875 0.110937 0.371875 0.110937 0.376563 0.092188 0.387500 0.070312 0.414062 0.054688 0.467187 0.046875 0.471875 0.046875 0.520312 0.079687 0.537500 0.265625 0.535937 0.295312 0.526563 0.312500 0.512500 0.326562 0.490625 0.342187 0.439063 0.337500 0.395313 0.315625 0.376563 0.315625 0.371875
0 0.954380 0.548272 0.827617 0.549252 0.809911 0.558691 0.798148 0.573384 0.795208 0.597547 0.810937 0.637500 0.814063 0.646875 0.832812 0.750000 0.850000 0.778125 0.873437 0.793750 0.907813 0.801562 0.998437 0.795312 0.998437 0.575000 0.982148 0.559048 0.971875 0.553125
0 0.242000 0.559375 0.079181 0.553145 0.045172 0.563342 0.027486 0.576258 0.013316 0.595513 0.000900 0.624812 0.000900 0.788055 0.034355 0.817355 0.092641 0.829419 0.130578 0.825972 0.145313 0.826562 0.187500 0.826562 0.208867 0.821147 0.228125 0.809375 0.245312 0.790625 0.253125 0.771875 0.262500 0.657813 0.270313 0.625000 0.275431 0.619883 0.276562 0.589063 0.266464 0.574727 0.250000 0.559375
0 0.469062 0.178125 0.432812 0.178125 0.415984 0.183969 0.401439 0.195828 0.368905 0.236761 0.357805 0.262008 0.347853 0.293030 0.345941 0.336258 0.353125 0.393750 0.360102 0.416252 0.357806 0.470573 0.369670 0.485875 0.385364 0.499647 0.407813 0.500000 0.603125 0.501563 0.671055 0.501942 0.696316 0.487788 0.703970 0.462158 0.697847 0.435380 0.693750 0.409375 0.699761 0.354522 0.695550 0.314738 0.681389 0.274187 0.659572 0.236316 0.635841 0.207242 0.607517 0.186967 0.576562 0.185938 0.567937 0.183969 0.512822 0.182439 0.506250 0.185938 0.499425 0.182822 0.490622 0.182056 0.478125 0.178125
0 0.883680 0.365155 0.746464 0.365481 0.725881 0.371031 0.711572 0.383439 0.706997 0.393562 0.712552 0.442867 0.717187 0.456250 0.736402 0.498377 0.761884 0.524498 0.786059 0.535273 0.813830 0.535600 0.941572 0.535600 0.954313 0.535927 0.971302 0.531356 0.982409 0.519927 0.986003 0.494458 0.968361 0.439928 0.953006 0.402052 0.936670 0.382786 0.920009 0.374297 0.904327 0.368419 0.894853 0.366787
6 0.826562 0.196875 0.748437 0.196875 0.743750 0.206250 0.726562 0.217188 0.695312 0.215625 0.671875 0.225000 0.671875 0.245312 0.681250 0.250000 0.693750 0.275000 0.707812 0.320312 0.723437 0.339062 0.734375 0.346875 0.753125 0.351562 0.754687 0.357812 0.854688 0.357812 0.856250 0.351562 0.889062 0.348438 0.900000 0.331250 0.907813 0.289062 0.834375 0.203125 0.834375 0.196875
0 0.306134 0.365625 0.100000 0.365625 0.092555 0.373123 0.081250 0.382812 0.068750 0.398438 0.056250 0.439063 0.038203 0.511988 0.046875 0.526563 0.079687 0.539062 0.093703 0.542209 0.153030 0.540297 0.168750 0.539062 0.248438 0.539062 0.286611 0.536470 0.315317 0.516195 0.335220 0.476028 0.345313 0.453125 0.345313 0.401562 0.338283 0.381923 0.314063 0.365625
2 0.867256 0.387528 0.735205 0.387528 0.719130 0.387528 0.711092 0.398239 0.713006 0.442614 0.715625 0.450000 0.728125 0.481250 0.745313 0.506250 0.771875 0.526563 0.798438 0.532813 0.825000 0.532813 0.826562 0.539062 0.829688 0.532813 0.835938 0.532813 0.837500 0.539062 0.875000 0.539062 0.876563 0.532813 0.906250 0.532813 0.907813 0.539062 0.917188 0.539062 0.918750 0.532813 0.956250 0.528125 0.962500 0.517188 0.961797 0.514150 0.961414 0.506881 0.958734 0.498083 0.935769 0.425783 0.919311 0.398622 0.892517 0.389441 0.881800 0.388675
0 0.826328 0.196875 0.688203 0.188114 0.673275 0.198444 0.665625 0.204687 0.663706 0.222544 0.671875 0.235937 0.687437 0.259267 0.706250 0.320312 0.720313 0.339062 0.745313 0.351562 0.767050 0.356052 0.881111 0.356052 0.892211 0.355669 0.907905 0.355669 0.922448 0.344958 0.926277 0.334247 0.920152 0.304791 0.914411 0.292548 0.899100 0.251234 0.874222 0.221778 0.844750 0.205330 0.834375 0.196875
0 0.337825 0.175414 0.180205 0.173119 0.143078 0.190333 0.107098 0.224380 0.094086 0.265311 0.078775 0.320781 0.090258 0.333022 0.104420 0.339525 0.128533 0.347177 0.286994 0.349855 0.293750 0.345313 0.316083 0.337230 0.331250 0.315625 0.343750 0.262500 0.360938 0.220312 0.368063 0.207547 0.358111 0.186891
6 0.332648 0.190625 0.189062 0.190625 0.187500 0.196875 0.151562 0.209375 0.123438 0.234375 0.110937 0.257812 0.104688 0.282813 0.096875 0.285938 0.096875 0.334375 0.126562 0.343750 0.242188 0.343750 0.267188 0.345313 0.268750 0.351562 0.309375 0.337500 0.329688 0.315625 0.339062 0.273438 0.362500 0.215625 0.340625 0.190625
