5 0.415105 0.359375 0.398438 0.359375 0.389062 0.376563 0.342187 0.401562 0.318750 0.435937 0.285938 0.535937 0.278125 0.540625 0.278125 0.648438 0.285938 0.653125 0.321875 0.743750 0.351562 0.781250 0.379688 0.775000 0.393750 0.781250 0.426563 0.778125 0.431250 0.782813 0.432812 0.798438 0.417187 0.807813 0.412500 0.818750 0.400000 0.828125 0.431250 0.843750 0.509375 0.867188 0.515625 0.876563 0.632812 0.876563 0.635938 0.868750 0.660937 0.860938 0.684375 0.832812 0.693750 0.829688 0.721875 0.798438 0.726562 0.798438 0.726562 0.751563 0.720313 0.750000 0.720313 0.745313 0.726562 0.743750 0.726562 0.732812 0.720313 0.731250 0.692187 0.679688 0.567187 0.540625 0.493750 0.437500 0.423438 0.365625 0.423438 0.359375
4 0.699913 0.121875 0.281250 0.121875 0.267188 0.143750 0.259375 0.146875 0.259375 0.259375 0.265625 0.260937 0.275000 0.293750 0.292187 0.325000 0.303125 0.335938 0.323437 0.343750 0.365625 0.345313 0.367188 0.351562 0.637500 0.351562 0.639062 0.345313 0.695312 0.340625 0.709375 0.334375 0.718750 0.321875 0.740625 0.264062 0.743750 0.232813 0.751563 0.228125 0.751563 0.196875 0.745313 0.195312 0.735938 0.156250 0.707812 0.121875
8 0.879375 0.128125 0.765625 0.128125 0.765625 0.260937 0.770312 0.260937 0.800000 0.295312 0.815625 0.303125 0.937500 0.303125 0.951562 0.298438 0.957812 0.284375 0.964063 0.282813 0.964063 0.257812 0.957812 0.256250 0.943750 0.185938 0.921875 0.159375 0.887500 0.132812 0.887500 0.128125
0 0.237500 0.121875 0.010937 0.121875 0.009375 0.132812 0.003125 0.134375 0.003125 0.307812 0.009375 0.307812 0.010937 0.314063 0.160938 0.314063 0.162500 0.307812 0.195312 0.306250 0.207813 0.300000 0.225000 0.282813 0.237500 0.257812 0.235937 0.182812 0.239063 0.151562 0.245312 0.150000 0.245312 0.121875
7 0.188778 0.121875 0.107813 0.121875 0.095312 0.176563 0.067187 0.209375 0.057813 0.226562 0.048438 0.235937 0.040625 0.237500 0.040625 0.271875 0.046875 0.271875 0.087500 0.296875 0.114062 0.300000 0.118750 0.307812 0.189062 0.307812 0.192188 0.300000 0.210938 0.290625 0.220312 0.278125 0.218750 0.253125 0.226562 0.235937 0.231250 0.206250 0.231250 0.164062 0.226562 0.153125 0.196875 0.126562 0.196875 0.121875
0 0.735938 0.121875 0.259375 0.121875 0.259375 0.271875 0.267188 0.275000 0.282813 0.315625 0.301563 0.335938 0.321875 0.345313 0.323437 0.351562 0.675000 0.351562 0.676562 0.345313 0.707812 0.335938 0.723437 0.323437 0.739062 0.292187 0.750000 0.248438 0.757812 0.243750 0.757812 0.157812 0.750000 0.153125 0.743750 0.121875
0 0.234219 0.328125 0.003125 0.328125 0.003125 0.556250 0.037500 0.557813 0.039062 0.564063 0.084375 0.564063 0.085938 0.557813 0.098437 0.556250 0.206250 0.556250 0.243750 0.548438 0.262500 0.535937 0.282813 0.501563 0.287500 0.420312 0.276562 0.375000 0.260937 0.348438 0.242188 0.334375 0.242188 0.328125
2 0.227884 0.334375 0.026562 0.334375 0.021875 0.342187 0.003125 0.345313 0.003125 0.550000 0.067187 0.556250 0.212500 0.551562 0.239063 0.546875 0.257812 0.535937 0.270313 0.521875 0.282813 0.485938 0.289062 0.484375 0.289062 0.412500 0.282813 0.410938 0.278125 0.389062 0.262500 0.357812 0.239063 0.342187 0.235937 0.334375
0 0.987447 0.328125 0.767188 0.328125 0.734375 0.379688 0.728125 0.381250 0.728125 0.464062 0.735938 0.470313 0.745313 0.523438 0.778125 0.545312 0.814063 0.550000 0.953125 0.546875 0.998437 0.540625 0.995313 0.328125
2 0.966947 0.340625 0.765625 0.340625 0.765625 0.345313 0.728125 0.378125 0.728125 0.500000 0.735938 0.503125 0.743750 0.520312 0.757812 0.534375 0.782813 0.543750 0.906250 0.542188 0.998437 0.532813 0.998437 0.359375 0.978125 0.348438 0.975000 0.340625
6 0.857617 0.571875 0.801562 0.571875 0.798438 0.579688 0.781250 0.589063 0.770312 0.601562 0.759375 0.640625 0.759375 0.687500 0.751563 0.751563 0.746875 0.767188 0.740625 0.768750 0.740625 0.837500 0.790625 0.864062 0.812500 0.870313 0.814063 0.876563 0.825000 0.876563 0.826562 0.870313 0.857812 0.876563 0.859375 0.870313 0.892188 0.867188 0.914062 0.850000 0.940625 0.853125 0.998437 0.842187 0.998437 0.600000 0.979688 0.582812 0.965625 0.578125 0.964063 0.571875 0.904687 0.571875 0.904687 0.576562 0.896875 0.579688 0.870313 0.579688 0.865625 0.571875
0 0.953125 0.121875 0.765625 0.121875 0.765625 0.267188 0.771875 0.267188 0.790625 0.292187 0.807813 0.303125 0.823438 0.306250 0.826562 0.314063 0.945312 0.314063 0.946875 0.307812 0.971875 0.306250 0.987500 0.298438 0.998437 0.289062 0.998437 0.184375 0.982812 0.153125 0.964063 0.135937 0.960938 0.121875
0 0.990625 0.571875 0.795312 0.571875 0.795312 0.578125 0.770312 0.596875 0.760938 0.623437 0.756250 0.706250 0.742188 0.785937 0.740625 0.792188 0.734375 0.793750 0.734375 0.840625 0.742188 0.843750 0.757812 0.870313 0.803125 0.875000 0.998437 0.873437 0.998437 0.571875
1 0.130078 0.559375 0.103125 0.559375 0.096875 0.570312 0.078125 0.578125 0.000000 0.581250 0.000000 0.870313 0.268750 0.870313 0.273438 0.857812 0.282813 0.853125 0.282813 0.820312 0.251563 0.817187 0.242188 0.806250 0.220312 0.795312 0.220312 0.789062 0.228125 0.782813 0.259375 0.775000 0.268750 0.765625 0.251563 0.615625 0.228125 0.589063 0.204687 0.581250 0.165625 0.578125 0.140625 0.567187 0.139063 0.559375
0 0.463125 0.359375 0.428125 0.359375 0.423438 0.368750 0.385937 0.365625 0.357812 0.373437 0.331250 0.389062 0.315625 0.412500 0.304688 0.500000 0.292187 0.532813 0.284375 0.535937 0.284375 0.732812 0.290625 0.734375 0.310937 0.810937 0.332813 0.850000 0.356250 0.870313 0.481250 0.875000 0.671875 0.871875 0.689063 0.856250 0.715625 0.810937 0.731250 0.737500 0.735938 0.679688 0.729688 0.584375 0.712500 0.514062 0.703125 0.414062 0.682813 0.389062 0.637500 0.371875 0.606250 0.367188 0.482812 0.367188 0.473438 0.365625 0.471875 0.359375
0 0.123438 0.570312 0.085938 0.578125 0.003125 0.579688 0.003125 0.876563 0.264062 0.876563 0.264062 0.868750 0.281250 0.837500 0.289062 0.834375 0.289062 0.806250 0.281250 0.803125 0.275000 0.789062 0.253125 0.617188 0.242188 0.598437 0.221875 0.582812 0.131250 0.570312
