0 0.537383 0.736655 0.458358 0.734697 0.420312 0.742188 0.396875 0.759375 0.385937 0.778125 0.379658 0.795148 0.378125 0.998437 0.657813 0.998437 0.657813 0.825000 0.648084 0.797034 0.618750 0.767188 0.590625 0.753125 0.553125 0.742188
7 0.139063 0.715625 0.137500 0.721875 0.128125 0.726562 0.128125 0.998437 0.353125 0.998437 0.353125 0.979688 0.357812 0.971875 0.364063 0.971875 0.364063 0.962500 0.357812 0.962500 0.351562 0.953125 0.364063 0.948438 0.364063 0.812500 0.357812 0.810937 0.339062 0.778125 0.321875 0.759375 0.303125 0.751563 0.231250 0.743750 0.140625 0.715625
0 0.656205 0.003125 0.396875 0.003125 0.393134 0.186934 0.409127 0.211850 0.432812 0.229687 0.478125 0.237500 0.553125 0.232813 0.621875 0.207813 0.651363 0.181294 0.658417 0.152617 0.661709 0.128172 0.664062 0.048438 0.664062 0.045312 0.664062 0.035937 0.664062 0.031250 0.664062 0.003125
2 0.649848 0.000000 0.417577 0.003895 0.415980 0.036612 0.412386 0.045789 0.410789 0.067334 0.407995 0.173848 0.407813 0.198437 0.425000 0.220312 0.462500 0.232813 0.475861 0.236091 0.512188 0.237686 0.528125 0.232813 0.575000 0.223438 0.621875 0.203125 0.640625 0.182812 0.648438 0.162500 0.650000 0.057813 0.651563 0.039062 0.650713 0.028658 0.650713 0.012300
8 0.865625 0.003125 0.684970 0.002664 0.686723 0.084547 0.684375 0.106250 0.695312 0.132812 0.717187 0.151562 0.734375 0.157812 0.735938 0.164062 0.784375 0.164062 0.785937 0.157812 0.801562 0.154688 0.870313 0.150000 0.873437 0.140625 0.873437 0.003125
2 0.530198 0.736002 0.441050 0.737634 0.429688 0.739062 0.406250 0.757812 0.398438 0.776563 0.398480 0.805686 0.399575 0.998437 0.643750 0.998437 0.640392 0.843141 0.639062 0.795312 0.617188 0.768750 0.540625 0.740625
4 0.868389 0.184375 0.770312 0.184375 0.767188 0.192188 0.743750 0.203125 0.673438 0.221875 0.646875 0.250000 0.634375 0.271875 0.628125 0.315625 0.621875 0.317188 0.621875 0.598437 0.628125 0.600000 0.628125 0.615625 0.621875 0.617188 0.621875 0.668750 0.629687 0.673438 0.643750 0.715625 0.712500 0.767188 0.732812 0.776563 0.767188 0.776563 0.817187 0.787500 0.823438 0.789062 0.825000 0.795312 0.876563 0.795312 0.876563 0.184375
5 0.359219 0.321875 0.207813 0.321875 0.204687 0.329688 0.173437 0.342187 0.128125 0.370312 0.128125 0.626563 0.142187 0.639062 0.159375 0.678125 0.179688 0.693750 0.182812 0.701562 0.221875 0.701562 0.231250 0.682813 0.259375 0.654687 0.276562 0.650000 0.298438 0.632812 0.320312 0.626563 0.335938 0.615625 0.376563 0.603125 0.393750 0.581250 0.410938 0.570312 0.489063 0.532813 0.571875 0.503125 0.585938 0.489063 0.575000 0.456250 0.540625 0.414062 0.503125 0.379688 0.485938 0.368750 0.371875 0.329688 0.367188 0.321875
0 0.853125 0.168750 0.795312 0.175000 0.687500 0.206250 0.665625 0.217188 0.639062 0.242188 0.626563 0.276562 0.621875 0.421875 0.621917 0.473994 0.621875 0.696875 0.632812 0.731250 0.668750 0.765625 0.750000 0.795312 0.818750 0.806250 0.876563 0.814063 0.876563 0.171875 0.865625 0.168750
0 0.158203 0.715625 0.131250 0.715625 0.124420 0.726303 0.125073 0.998437 0.364063 0.998437 0.364063 0.960938 0.357812 0.959375 0.364063 0.954688 0.362153 0.820977 0.357812 0.803125 0.340625 0.771875 0.312500 0.751563 0.201563 0.734375 0.170313 0.723437
1 0.367036 0.003125 0.128125 0.003125 0.128125 0.264062 0.139063 0.264062 0.143750 0.256250 0.212500 0.232813 0.317188 0.215625 0.353125 0.193750 0.365625 0.176563 0.371875 0.154688 0.375000 0.003125
0 0.734933 0.817364 0.712500 0.821875 0.693750 0.839063 0.685937 0.853125 0.678125 0.856250 0.678125 0.998437 0.876563 0.998437 0.876563 0.828125 0.840444 0.827675 0.821217 0.824863
0 0.374853 0.003125 0.128125 0.003125 0.128125 0.264062 0.141302 0.262213 0.150000 0.256250 0.160938 0.251563 0.220312 0.232813 0.312500 0.218750 0.338289 0.213378 0.357103 0.195514 0.374977 0.164958 0.376563 0.056250 0.378270 0.036381 0.379681 0.005825
0 0.868555 0.003125 0.680256 0.002397 0.679458 0.109105 0.690625 0.129688 0.714063 0.153125 0.737500 0.160938 0.760938 0.162500 0.840625 0.153125 0.876563 0.153125 0.876563 0.003125
7 0.868303 0.828125 0.760938 0.828125 0.760938 0.834375 0.742188 0.854688 0.704688 0.887500 0.692187 0.918750 0.684375 0.921875 0.684375 0.998437 0.876563 0.998437 0.876563 0.828125
5 0.393359 0.590625 0.368750 0.590625 0.367188 0.598437 0.296875 0.629687 0.267188 0.639062 0.212500 0.675000 0.203125 0.676562 0.203125 0.698438 0.320312 0.690625 0.354687 0.679688 0.384375 0.654687 0.396875 0.635938 0.401562 0.635938 0.401562 0.590625
0 0.404441 0.240625 0.321405 0.237628 0.254688 0.248438 0.185938 0.264062 0.128125 0.289062 0.128125 0.682813 0.139063 0.684375 0.153125 0.698438 0.192188 0.714063 0.235937 0.723437 0.285938 0.731250 0.345313 0.732812 0.456250 0.717187 0.540625 0.718750 0.575000 0.703125 0.595313 0.679688 0.604688 0.657813 0.606250 0.503125 0.607812 0.429688 0.607812 0.362500 0.607812 0.329688 0.603125 0.303125 0.578125 0.270313 0.550000 0.254688 0.460938 0.254688 0.417187 0.248438
