0 0.227942 0.398931 0.061150 0.398931 0.041203 0.406836 0.028125 0.423438 0.018848 0.438814 0.021875 0.556250 0.028422 0.576914 0.045819 0.594302 0.063216 0.606473 0.078689 0.605478 0.085938 0.607812 0.139063 0.607812 0.151595 0.605822 0.163977 0.606508 0.173437 0.607812 0.237500 0.607812 0.258894 0.603759 0.270930 0.597228 0.282280 0.587261 0.292595 0.571106 0.298442 0.544641 0.297067 0.485178 0.281934 0.430209 0.258206 0.407867 0.248438 0.403125
0 0.662467 0.146875 0.293750 0.146875 0.293750 0.151562 0.265625 0.176563 0.260937 0.189062 0.253125 0.192188 0.253125 0.314063 0.260937 0.318750 0.270313 0.353125 0.292187 0.393750 0.303125 0.407813 0.328125 0.420312 0.329688 0.426563 0.653125 0.426563 0.656250 0.418750 0.673438 0.407813 0.690625 0.378125 0.710938 0.312500 0.712500 0.243750 0.714063 0.231250 0.720313 0.229687 0.720313 0.207813 0.714063 0.206250 0.706250 0.181250 0.690625 0.162500 0.673438 0.154688 0.670312 0.146875
2 0.896203 0.414055 0.724550 0.416373 0.694973 0.445353 0.679688 0.476562 0.678156 0.495777 0.675256 0.559531 0.676562 0.567187 0.695312 0.590625 0.717187 0.598437 0.837500 0.600000 0.862500 0.601562 0.864062 0.607812 0.878125 0.607812 0.879687 0.601562 0.901563 0.596875 0.923438 0.567187 0.926562 0.495312 0.928098 0.486503 0.926937 0.451728 0.926562 0.443750 0.906641 0.418111
2 0.231038 0.407197 0.075594 0.408228 0.057813 0.410938 0.044986 0.431258 0.046705 0.565992 0.072498 0.589709 0.101042 0.590741 0.230350 0.594522 0.244794 0.594864 0.279687 0.576562 0.290625 0.557813 0.295312 0.501563 0.281250 0.445312 0.267188 0.421875 0.250000 0.410938 0.243761 0.409603
4 0.457483 0.146875 0.310937 0.146875 0.309375 0.153125 0.282813 0.159375 0.267188 0.175000 0.259375 0.207813 0.253125 0.209375 0.253125 0.301563 0.259375 0.303125 0.271875 0.351562 0.301563 0.407813 0.331250 0.420312 0.332813 0.426563 0.642188 0.426563 0.643750 0.420312 0.670312 0.407813 0.682813 0.389062 0.706250 0.312500 0.712500 0.237500 0.714063 0.231250 0.720313 0.229687 0.720313 0.200000 0.714063 0.198437 0.693750 0.168750 0.668750 0.154688 0.618750 0.154688 0.607812 0.153125 0.606250 0.146875 0.553125 0.146875 0.551562 0.153125 0.540625 0.154688 0.478125 0.154688 0.467187 0.153125 0.465625 0.146875
0 0.908381 0.405941 0.813855 0.403622 0.715625 0.409375 0.689063 0.440625 0.678125 0.470313 0.674677 0.479548 0.671875 0.576562 0.685695 0.591409 0.711791 0.607058 0.751563 0.607812 0.758184 0.610536 0.762823 0.608797 0.768750 0.607812 0.850000 0.607812 0.859669 0.609956 0.865467 0.610536 0.878125 0.607812 0.902002 0.607637 0.920559 0.601263 0.939695 0.584455 0.947814 0.560111 0.949555 0.535769 0.951562 0.525000 0.951562 0.448437 0.945495 0.436658 0.932158 0.419270 0.921875 0.409375
5 0.609375 0.453125 0.546875 0.453125 0.543750 0.460938 0.420312 0.495312 0.404687 0.507812 0.329688 0.671875 0.321875 0.675000 0.321875 0.721875 0.332813 0.731250 0.328125 0.765625 0.331250 0.795312 0.356250 0.795312 0.365625 0.776563 0.385937 0.776563 0.395313 0.781250 0.428125 0.776563 0.437500 0.784375 0.453125 0.776563 0.490625 0.781250 0.606250 0.668750 0.639062 0.600000 0.645312 0.598437 0.645312 0.535937 0.637500 0.531250 0.628125 0.473438 0.617188 0.453125
7 0.842578 0.165625 0.815625 0.165625 0.814063 0.171875 0.779687 0.182812 0.750000 0.214062 0.740625 0.234375 0.734375 0.235937 0.734375 0.332813 0.748437 0.339062 0.790625 0.378125 0.818750 0.382812 0.820312 0.389062 0.825000 0.382812 0.842187 0.379688 0.867188 0.357812 0.879687 0.321875 0.900000 0.304688 0.914062 0.275000 0.920312 0.273438 0.920312 0.259375 0.914062 0.257812 0.901563 0.232813 0.884375 0.218750 0.845313 0.204687 0.853125 0.178125 0.851562 0.165625
0 0.590625 0.440625 0.356250 0.440625 0.339569 0.446659 0.325278 0.455816 0.312817 0.478891 0.312817 0.511853 0.312817 0.565209 0.306222 0.583889 0.296327 0.638828 0.301823 0.728609 0.312084 0.759742 0.336638 0.826977 0.355694 0.851516 0.380980 0.864702 0.410938 0.864062 0.517188 0.864062 0.531230 0.868364 0.562378 0.867266 0.575645 0.867997 0.593967 0.861770 0.622186 0.840161 0.640875 0.799130 0.651563 0.765625 0.665061 0.719959 0.671658 0.648514 0.653334 0.470659 0.630614 0.447211 0.600000 0.446875 0.598437 0.440625
0 0.202394 0.151141 0.142895 0.147547 0.083745 0.151605 0.043152 0.184061 0.023438 0.214062 0.014155 0.240861 0.014155 0.348666 0.030973 0.372428 0.047791 0.381702 0.062867 0.386919 0.190216 0.387034 0.215152 0.382398 0.227330 0.371966 0.240669 0.359214 0.247047 0.341247 0.238348 0.270536 0.240625 0.201563 0.232813 0.176563 0.216544 0.160298
0 0.898166 0.621875 0.720313 0.621875 0.709039 0.634927 0.696875 0.645312 0.690625 0.662500 0.682813 0.726562 0.673438 0.759375 0.655169 0.809692 0.659200 0.833498 0.665625 0.843750 0.685219 0.861702 0.710938 0.864062 0.712500 0.870313 0.717187 0.870313 0.718750 0.864062 0.723437 0.864062 0.725000 0.870313 0.834375 0.870313 0.865519 0.860911 0.884575 0.852853 0.907663 0.829778 0.924886 0.806338 0.934414 0.757625 0.939063 0.739062 0.939063 0.657813 0.927084 0.638956 0.906250 0.621875
1 0.737623 0.626437 0.721875 0.629687 0.709375 0.635938 0.692187 0.659375 0.677523 0.748359 0.663598 0.789747 0.665625 0.832812 0.695114 0.847266 0.720400 0.852394 0.736523 0.852761 0.746052 0.852394 0.762177 0.851516 0.803586 0.845831 0.839866 0.843634 0.903125 0.803125 0.912059 0.780597 0.909128 0.762650 0.913159 0.753494 0.913525 0.747267 0.917188 0.746875 0.917188 0.707812 0.915358 0.655739 0.904364 0.631200
0 0.238997 0.615625 0.057813 0.615625 0.056250 0.623437 0.034375 0.635938 0.034375 0.795312 0.040625 0.796875 0.046875 0.814063 0.060937 0.828125 0.107813 0.851562 0.178125 0.864062 0.179688 0.870313 0.217188 0.870313 0.218750 0.864062 0.268750 0.860938 0.285938 0.853125 0.298438 0.835938 0.307812 0.831250 0.307812 0.785937 0.301563 0.784375 0.292187 0.748437 0.276562 0.654687 0.268750 0.639062 0.246875 0.620313 0.246875 0.615625
1 0.227942 0.620552 0.067339 0.621583 0.053927 0.634300 0.052895 0.652517 0.052208 0.696512 0.053239 0.720228 0.056334 0.770067 0.067683 0.803925 0.092100 0.827297 0.123395 0.839473 0.152283 0.844286 0.190112 0.846348 0.235508 0.844973 0.295691 0.839817 0.299817 0.785167 0.295312 0.764062 0.281250 0.706250 0.275000 0.653125 0.248233 0.623302
0 0.872991 0.153125 0.765625 0.153125 0.737500 0.192188 0.734375 0.221875 0.735567 0.239939 0.736147 0.284567 0.726869 0.332673 0.728125 0.359375 0.748906 0.380780 0.773262 0.392950 0.908961 0.392370 0.947814 0.365709 0.957673 0.347742 0.961153 0.315866 0.960572 0.281089 0.957812 0.257812 0.953125 0.232813 0.940856 0.201686 0.916500 0.175025 0.881250 0.153125
8 0.109375 0.232813 0.107813 0.234375 0.103125 0.234375 0.101562 0.235937 0.098437 0.235937 0.096875 0.237500 0.095312 0.237500 0.092188 0.240625 0.090625 0.240625 0.081250 0.250000 0.081250 0.251563 0.079687 0.253125 0.079687 0.254688 0.078125 0.256250 0.078125 0.257812 0.076563 0.259375 0.076563 0.265625 0.075000 0.267188 0.075000 0.282813 0.076563 0.284375 0.076563 0.290625 0.078125 0.292187 0.078125 0.295312 0.082812 0.300000 0.082812 0.301563 0.087500 0.306250 0.089063 0.306250 0.092188 0.309375 0.095312 0.309375 0.096875 0.310937 0.098437 0.310937 0.100000 0.312500 0.101562 0.312500 0.103125 0.314063 0.106250 0.314063 0.107813 0.315625 0.112500 0.315625 0.114062 0.317188 0.118750 0.317188 0.120313 0.318750 0.137500 0.318750 0.139063 0.317188 0.142187 0.317188 0.143750 0.315625 0.145313 0.315625 0.146875 0.314063 0.148438 0.314063 0.157812 0.304688 0.157812 0.301563 0.160938 0.298438 0.160938 0.295312 0.162500 0.293750 0.162500 0.289062 0.164062 0.287500 0.164062 0.278125 0.162500 0.276562 0.162500 0.271875 0.160938 0.270313 0.160938 0.267188 0.159375 0.265625 0.159375 0.262500 0.157812 0.260937 0.157812 0.259375 0.156250 0.257812 0.156250 0.256250 0.151562 0.251563 0.151562 0.250000 0.142187 0.240625 0.140625 0.240625 0.139063 0.239063 0.137500 0.239063 0.135937 0.237500 0.132812 0.237500 0.131250 0.235937 0.128125 0.235937 0.126562 0.234375 0.121875 0.234375 0.120313 0.232813
