6 0.177812 0.121875 0.064062 0.121875 0.037500 0.162500 0.015625 0.184375 0.007812 0.168750 0.003125 0.168750 0.003125 0.457813 0.045312 0.462500 0.285938 0.462500 0.326562 0.448437 0.353125 0.420312 0.357812 0.396875 0.329688 0.350000 0.304688 0.271875 0.260937 0.195312 0.226562 0.164062 0.232813 0.153125 0.193750 0.135937 0.185938 0.121875
4 0.874805 0.128125 0.690625 0.128125 0.689063 0.134375 0.668750 0.143750 0.632812 0.181250 0.604688 0.278125 0.600000 0.287500 0.590625 0.292187 0.590625 0.329688 0.596875 0.331250 0.603125 0.346875 0.629687 0.365625 0.676562 0.370312 0.678125 0.376563 0.885938 0.376563 0.887500 0.370312 0.890625 0.376563 0.901563 0.376563 0.903125 0.370312 0.920312 0.365625 0.940625 0.342187 0.945312 0.329688 0.951562 0.328125 0.951562 0.323437 0.945312 0.321875 0.939063 0.300000 0.945312 0.246875 0.942187 0.210938 0.923438 0.159375 0.909375 0.146875 0.887500 0.137500 0.882812 0.128125
0 0.209259 0.121875 0.003125 0.121875 0.003125 0.467187 0.098437 0.468750 0.112500 0.470313 0.114062 0.476562 0.146875 0.476562 0.148438 0.470313 0.170313 0.467187 0.284375 0.467187 0.329688 0.451562 0.356250 0.418750 0.364063 0.415625 0.364063 0.382812 0.356250 0.379688 0.285938 0.242188 0.223438 0.143750 0.217188 0.121875
0 0.260937 0.484375 0.003125 0.484375 0.003125 0.876563 0.132812 0.876563 0.146875 0.856250 0.181250 0.825000 0.218750 0.732812 0.287500 0.592187 0.300000 0.557813 0.307812 0.554688 0.307812 0.531250 0.301563 0.529687 0.295312 0.515625 0.268750 0.484375
0 0.568616 0.128125 0.298438 0.128125 0.295312 0.135937 0.271875 0.146875 0.271875 0.196875 0.279687 0.200000 0.345313 0.325000 0.370312 0.354687 0.395313 0.367188 0.465625 0.370312 0.467187 0.376563 0.498437 0.376563 0.500000 0.370312 0.532813 0.357812 0.546875 0.340625 0.606250 0.192188 0.614062 0.189062 0.614062 0.159375 0.579688 0.135937 0.576562 0.128125
0 0.867733 0.134244 0.656250 0.128125 0.656250 0.134375 0.639062 0.153125 0.592133 0.281934 0.578916 0.311289 0.586748 0.339666 0.612694 0.361194 0.714063 0.373437 0.728125 0.376563 0.760528 0.375870 0.896125 0.375381 0.910937 0.376563 0.926562 0.371875 0.948014 0.358747 0.958295 0.341623 0.957812 0.328125 0.957805 0.311289 0.946547 0.274106 0.933819 0.216439 0.918155 0.170938 0.892209 0.147944 0.883398 0.138158
0 0.932813 0.390625 0.417187 0.390625 0.395313 0.417187 0.357812 0.485938 0.245312 0.740625 0.228144 0.773081 0.234375 0.828125 0.257033 0.852273 0.278125 0.870313 0.533536 0.871247 0.797658 0.869598 0.821875 0.867188 0.914062 0.856250 0.978125 0.857812 0.998437 0.853125 0.998437 0.440625 0.970166 0.403234
5 0.632812 0.428125 0.601562 0.428125 0.600000 0.434375 0.553125 0.446875 0.520312 0.465625 0.467187 0.509375 0.431250 0.520312 0.354687 0.618750 0.304688 0.726562 0.275000 0.750000 0.240625 0.748437 0.240625 0.773438 0.275000 0.776563 0.304688 0.803125 0.307812 0.829688 0.301563 0.857812 0.587500 0.857812 0.571875 0.821875 0.539062 0.821875 0.514062 0.795312 0.517188 0.787500 0.535937 0.778125 0.576562 0.785937 0.595313 0.798438 0.625000 0.784375 0.675000 0.779687 0.685937 0.782813 0.703125 0.800000 0.723437 0.798438 0.768750 0.807813 0.796875 0.806250 0.825000 0.818750 0.931250 0.837500 0.950000 0.835938 0.965625 0.823438 0.975000 0.801562 0.976562 0.764062 0.982812 0.762500 0.982812 0.740625 0.976562 0.739062 0.970313 0.684375 0.975000 0.646875 0.982812 0.642188 0.982812 0.632812 0.976562 0.631250 0.975000 0.621875 0.976562 0.590625 0.965625 0.534375 0.964063 0.490625 0.956250 0.467187 0.923438 0.443750 0.889062 0.435937 0.885938 0.428125 0.806250 0.428125 0.801562 0.435937 0.737500 0.443750 0.662500 0.462500 0.640625 0.428125
7 0.208806 0.528125 0.125000 0.528125 0.125000 0.532813 0.112500 0.540625 0.015625 0.585938 0.015625 0.667188 0.023438 0.670312 0.054688 0.720313 0.042188 0.764062 0.045312 0.795312 0.057813 0.825000 0.104688 0.848437 0.132812 0.848437 0.151562 0.834375 0.176563 0.782813 0.195312 0.768750 0.212500 0.737500 0.226562 0.701562 0.226562 0.665625 0.265625 0.623437 0.289062 0.567187 0.295312 0.565625 0.295312 0.546875 0.289062 0.545312 0.282813 0.528125 0.264062 0.528125 0.260937 0.535937 0.243750 0.543750 0.229687 0.542188 0.217188 0.528125
2 0.486200 0.156938 0.324950 0.154981 0.303125 0.156250 0.285298 0.172105 0.282362 0.197056 0.292187 0.215625 0.306250 0.237500 0.371875 0.351562 0.385652 0.362913 0.412575 0.367805 0.514062 0.370312 0.534375 0.346875 0.592187 0.209375 0.601562 0.176563 0.595313 0.176563 0.581250 0.160938 0.559139 0.161831 0.532705 0.160852
