0 0.801955 0.233663 0.763936 0.246533 0.751563 0.251563 0.590625 0.340625 0.570312 0.364063 0.568325 0.484938 0.590625 0.504687 0.617188 0.517188 0.790625 0.575000 0.806250 0.576562 0.829688 0.565625 0.842187 0.553125 0.850000 0.528125 0.850000 0.451562 0.851562 0.425000 0.851623 0.311497 0.851623 0.269209 0.833841 0.250823
7 0.308789 0.059375 0.250000 0.059375 0.246875 0.067187 0.215625 0.092188 0.215625 0.156250 0.221875 0.157812 0.248438 0.195312 0.262500 0.226562 0.285938 0.256250 0.328125 0.271875 0.354687 0.276562 0.379688 0.267188 0.400000 0.245312 0.407813 0.181250 0.418750 0.156250 0.426563 0.153125 0.426563 0.129688 0.420312 0.128125 0.409375 0.107813 0.367188 0.103125 0.339062 0.076563 0.320312 0.067187 0.317188 0.059375
1 0.798763 0.249600 0.761311 0.257967 0.612822 0.339878 0.571875 0.364063 0.576427 0.486486 0.638112 0.513791 0.736811 0.549461 0.774705 0.563553 0.782813 0.564063 0.803125 0.559375 0.818750 0.545312 0.827580 0.493092 0.827844 0.379072 0.826562 0.265625
4 0.644420 0.553125 0.592187 0.553125 0.592187 0.559375 0.571875 0.575000 0.571875 0.860938 0.579688 0.864062 0.600000 0.893750 0.628125 0.900000 0.656250 0.898438 0.670312 0.881250 0.760938 0.867188 0.800000 0.853125 0.818750 0.851562 0.832812 0.839063 0.839063 0.809375 0.845313 0.807813 0.845313 0.792188 0.834375 0.782813 0.826562 0.746875 0.829688 0.714063 0.839063 0.689063 0.845313 0.687500 0.845313 0.670312 0.839063 0.668750 0.817187 0.631250 0.820312 0.609375 0.796875 0.593750 0.757812 0.579688 0.709375 0.568750 0.671875 0.567187 0.656250 0.560937 0.653125 0.553125
0 0.627805 0.543277 0.592187 0.553125 0.570778 0.592919 0.576562 0.879687 0.600000 0.907813 0.670312 0.907813 0.814063 0.879687 0.840625 0.857812 0.854689 0.818617 0.851562 0.650000 0.842187 0.629687 0.820312 0.610938 0.728125 0.568750 0.682813 0.554688
0 0.792039 0.003125 0.465625 0.003125 0.465625 0.293750 0.479687 0.312500 0.496875 0.329688 0.517188 0.339062 0.553125 0.337500 0.677106 0.275395 0.725000 0.243750 0.818750 0.195312 0.842187 0.175000 0.854689 0.167100 0.857812 0.153125 0.857812 0.070312 0.851562 0.068750 0.834375 0.032813 0.815625 0.015625 0.803125 0.010937
5 0.370312 0.478125 0.359375 0.478125 0.359375 0.507812 0.368750 0.514062 0.450000 0.698438 0.457813 0.710938 0.464062 0.712500 0.514062 0.559375 0.512500 0.550000 0.500000 0.537500 0.384375 0.485938 0.381250 0.478125
0 0.423317 0.000000 0.121875 0.000000 0.121875 0.198437 0.167187 0.225000 0.214062 0.237500 0.260937 0.259375 0.362500 0.293750 0.404687 0.300000 0.423438 0.292187 0.442188 0.270313 0.451562 0.240625 0.446875 0.039062 0.440625 0.014063 0.431250 0.000000
5 0.206027 0.340625 0.157812 0.340625 0.146875 0.365625 0.140625 0.367188 0.140625 0.454688 0.148438 0.460938 0.170313 0.600000 0.165625 0.629687 0.170313 0.670312 0.168750 0.715625 0.171875 0.723437 0.179688 0.726562 0.178125 0.751563 0.168750 0.757812 0.170313 0.771875 0.189062 0.781250 0.203125 0.753125 0.203125 0.743750 0.209375 0.737500 0.220312 0.737500 0.229687 0.751563 0.292187 0.809375 0.331250 0.856250 0.365625 0.879687 0.378125 0.878125 0.404687 0.864062 0.489063 0.864062 0.507812 0.857812 0.507812 0.829688 0.501563 0.828125 0.484375 0.790625 0.445312 0.809375 0.418750 0.784375 0.303125 0.493750 0.290625 0.476562 0.254688 0.451562 0.228125 0.415625 0.218750 0.389062 0.214062 0.340625
0 0.209028 0.253125 0.143750 0.253125 0.135937 0.270313 0.128125 0.273438 0.128125 0.598437 0.135937 0.603125 0.140625 0.631250 0.135937 0.717187 0.146875 0.776563 0.148438 0.826562 0.139063 0.890625 0.146875 0.931250 0.179688 0.970313 0.253125 0.970313 0.254688 0.964063 0.265625 0.960938 0.407813 0.940625 0.425000 0.934375 0.509375 0.926562 0.528125 0.914062 0.545312 0.892188 0.551562 0.870313 0.557813 0.868750 0.557813 0.726562 0.551562 0.725000 0.540625 0.410938 0.518750 0.381250 0.489063 0.364063 0.353125 0.306250 0.262500 0.281250 0.220312 0.260937 0.217188 0.253125
2 0.720030 0.043280 0.496213 0.029795 0.477816 0.048795 0.478430 0.287812 0.479687 0.295312 0.511542 0.330713 0.541589 0.328261 0.550000 0.325000 0.813237 0.184850 0.813850 0.134595 0.807719 0.078825 0.804652 0.054311
5 0.179688 0.634375 0.171875 0.634375 0.171875 0.881250 0.200000 0.879687 0.239063 0.867188 0.290625 0.859375 0.314063 0.843750 0.320312 0.843750 0.320312 0.834375 0.315625 0.834375 0.300000 0.814063 0.262500 0.785937 0.232813 0.754687 0.206250 0.695312 0.187500 0.634375
