7 0.626339 0.621875 0.578125 0.621875 0.560937 0.651563 0.553125 0.654687 0.553125 0.753125 0.560937 0.756250 0.567187 0.768750 0.567187 0.790625 0.590625 0.821875 0.623437 0.832812 0.642188 0.845313 0.643750 0.851562 0.648438 0.851562 0.650000 0.845313 0.684375 0.839063 0.728125 0.837500 0.748437 0.825000 0.762500 0.809375 0.779687 0.778125 0.789062 0.773438 0.789062 0.756250 0.782813 0.754687 0.775000 0.731250 0.745313 0.695312 0.734375 0.689063 0.709375 0.689063 0.687500 0.659375 0.635938 0.629687 0.634375 0.621875
4 0.485591 0.578125 0.420312 0.578125 0.415625 0.587500 0.400000 0.596875 0.334375 0.623437 0.318750 0.623437 0.268750 0.645312 0.240625 0.668750 0.175000 0.704688 0.159375 0.717187 0.159375 0.832812 0.190625 0.843750 0.234375 0.846875 0.262500 0.856250 0.335938 0.856250 0.357812 0.882812 0.371875 0.882812 0.373437 0.875000 0.415625 0.848437 0.470313 0.839063 0.489063 0.831250 0.503125 0.815625 0.510938 0.795312 0.512500 0.701562 0.514062 0.687500 0.520312 0.685937 0.520312 0.635938 0.514062 0.634375 0.509375 0.603125 0.493750 0.584375 0.493750 0.578125
6 0.351562 0.065625 0.328125 0.065625 0.326562 0.071875 0.317188 0.075000 0.225000 0.071875 0.198437 0.095312 0.189062 0.114062 0.187500 0.179688 0.184375 0.189062 0.178125 0.190625 0.178125 0.262500 0.184375 0.264062 0.187500 0.282813 0.201563 0.306250 0.368750 0.368750 0.373437 0.376563 0.404687 0.376563 0.434375 0.339062 0.439063 0.275000 0.445312 0.273438 0.445312 0.262500 0.439063 0.260937 0.435937 0.250000 0.435937 0.159375 0.439063 0.146875 0.445312 0.145313 0.445312 0.117188 0.417187 0.092188 0.371875 0.087500 0.359375 0.065625
0 0.573719 0.601525 0.557813 0.612500 0.539767 0.630875 0.539062 0.854688 0.564063 0.881250 0.589063 0.893750 0.660937 0.895312 0.696875 0.895312 0.723437 0.895312 0.792188 0.893750 0.814063 0.881250 0.829688 0.860938 0.839063 0.856250 0.832812 0.745313 0.826562 0.700000 0.806250 0.676562 0.784375 0.664062 0.632812 0.612500 0.596606 0.601525
0 0.412500 0.059375 0.235602 0.060425 0.209375 0.065625 0.189062 0.082812 0.179688 0.098437 0.177237 0.116795 0.169608 0.274600 0.178125 0.293750 0.207813 0.315625 0.364063 0.375000 0.404687 0.376563 0.428125 0.357812 0.439063 0.323437 0.439063 0.254688 0.437500 0.246875 0.439063 0.234375 0.437500 0.087500 0.427102 0.070336
0 0.478906 0.559375 0.457966 0.558019 0.434375 0.567187 0.370312 0.595313 0.326562 0.623437 0.285938 0.634375 0.168750 0.695312 0.142187 0.728125 0.139063 0.831250 0.167187 0.860938 0.245312 0.875000 0.389062 0.878125 0.435937 0.881250 0.443750 0.882812 0.473438 0.882812 0.498437 0.870313 0.510938 0.856250 0.518750 0.839063 0.520312 0.815625 0.520312 0.743750 0.518750 0.695312 0.520312 0.676562 0.520312 0.615625 0.512500 0.589063 0.487500 0.559375
0 0.610938 0.040625 0.603125 0.042188 0.510938 0.046875 0.490625 0.054688 0.464062 0.082812 0.459375 0.512500 0.492188 0.537500 0.703125 0.615625 0.725000 0.625000 0.771702 0.636212 0.807813 0.626563 0.825000 0.604688 0.830952 0.585978 0.832812 0.310937 0.826562 0.309375 0.825000 0.287500 0.818750 0.082812 0.809375 0.060937 0.785937 0.040625
0 0.233005 0.337428 0.211642 0.335523 0.187500 0.346875 0.170313 0.365625 0.159375 0.410938 0.154688 0.507812 0.148973 0.612145 0.166139 0.644162 0.178125 0.653125 0.187733 0.661316 0.217188 0.656250 0.282813 0.617188 0.407813 0.557813 0.423438 0.543750 0.432133 0.532545 0.439063 0.520312 0.439063 0.443750 0.427936 0.426580 0.412500 0.412500 0.292187 0.368750 0.256250 0.348438
5 0.561931 0.153125 0.478125 0.153125 0.478125 0.298438 0.487500 0.303125 0.492188 0.314063 0.501563 0.360938 0.521875 0.415625 0.596875 0.514062 0.621875 0.514062 0.623437 0.504687 0.648438 0.468750 0.670312 0.475000 0.676562 0.467187 0.709375 0.396875 0.753125 0.332813 0.798438 0.234375 0.787500 0.226562 0.715625 0.212500 0.628125 0.176563 0.575000 0.160938 0.570312 0.153125
5 0.766406 0.290625 0.756250 0.290625 0.751563 0.325000 0.715625 0.384375 0.671875 0.473438 0.662500 0.473438 0.650000 0.465625 0.610938 0.520312 0.601562 0.520312 0.589063 0.501563 0.562500 0.482812 0.570312 0.501563 0.590625 0.520312 0.628125 0.540625 0.650000 0.543750 0.654687 0.551562 0.689063 0.551562 0.731250 0.464062 0.760938 0.357812 0.768750 0.303125 0.776563 0.300000 0.776563 0.290625
