0 0.630698 0.573075 0.603494 0.573075 0.587500 0.584375 0.571875 0.600000 0.561534 0.618237 0.565625 0.909375 0.596875 0.935937 0.646875 0.948438 0.682988 0.951914 0.836533 0.952836 0.865625 0.940625 0.873437 0.887500 0.870313 0.678125 0.834375 0.653125 0.727067 0.609942 0.674503 0.590127 0.650000 0.578125
5 0.512259 0.846875 0.415625 0.846875 0.415625 0.853125 0.410938 0.867188 0.407813 0.870313 0.403125 0.870313 0.403125 0.889062 0.501563 0.889062 0.503125 0.882812 0.515625 0.881250 0.520312 0.876563 0.526563 0.876563 0.526563 0.856250 0.520312 0.854688 0.520312 0.846875
0 0.826775 0.256433 0.798083 0.260233 0.768750 0.275000 0.750000 0.287500 0.589063 0.368750 0.565625 0.392188 0.559375 0.392188 0.559375 0.510938 0.565625 0.510938 0.581250 0.529687 0.598437 0.539062 0.685937 0.575000 0.793934 0.615700 0.803125 0.620313 0.809491 0.622264 0.818823 0.623647 0.835417 0.622264 0.849936 0.617428 0.860653 0.609136 0.872406 0.593933 0.874481 0.574239 0.874136 0.310281 0.875519 0.305098 0.874136 0.297202 0.867913 0.285800 0.857197 0.273363 0.845313 0.265625
0 0.834227 0.040625 0.507812 0.040625 0.504687 0.048438 0.489063 0.056250 0.473438 0.078125 0.465625 0.081250 0.465625 0.332813 0.473438 0.335938 0.490625 0.359375 0.509375 0.368750 0.512500 0.376563 0.540625 0.376563 0.542188 0.370312 0.620313 0.335938 0.812500 0.234375 0.845313 0.212500 0.865625 0.189062 0.870313 0.171875 0.876563 0.170313 0.876563 0.076563 0.868750 0.075000 0.842187 0.040625
4 0.629687 0.034375 0.628125 0.040625 0.604688 0.045312 0.553125 0.043750 0.507812 0.048438 0.490625 0.060937 0.470313 0.089063 0.465625 0.089063 0.465625 0.292187 0.471875 0.293750 0.476562 0.326562 0.487500 0.345313 0.514062 0.367188 0.532813 0.368750 0.560937 0.359375 0.829688 0.221875 0.857812 0.196875 0.870313 0.151562 0.876563 0.150000 0.876563 0.071875 0.864062 0.064062 0.857812 0.051562 0.831250 0.042188 0.828125 0.034375 0.760938 0.034375 0.759375 0.040625 0.751563 0.042188 0.728125 0.040625 0.726562 0.034375 0.679688 0.034375 0.678125 0.040625 0.662500 0.043750 0.646875 0.042188 0.642188 0.034375
1 0.616773 0.586541 0.597869 0.585619 0.585938 0.592187 0.572508 0.609325 0.574352 0.902811 0.608473 0.922628 0.718750 0.921875 0.794756 0.919402 0.824728 0.918019 0.842250 0.887142 0.844555 0.832302 0.845478 0.777922 0.845478 0.711100 0.843750 0.678125 0.825000 0.660937 0.667188 0.600000 0.650000 0.592187 0.640289 0.589306
0 0.400144 0.043134 0.191556 0.046175 0.169962 0.063805 0.160533 0.074445 0.149889 0.097055 0.150192 0.229242 0.162662 0.247784 0.182812 0.264062 0.268750 0.290625 0.354687 0.325000 0.398438 0.331250 0.421875 0.321875 0.439063 0.304688 0.448437 0.281250 0.450000 0.112500 0.445706 0.080828 0.426241 0.058030 0.417117 0.049519
5 0.269792 0.371875 0.228125 0.371875 0.220312 0.384375 0.193750 0.523438 0.190625 0.570312 0.178125 0.632812 0.171875 0.634375 0.171875 0.726562 0.335938 0.726562 0.340625 0.717187 0.342187 0.689063 0.329688 0.523438 0.295312 0.456250 0.300000 0.387500 0.279687 0.378125 0.278125 0.371875
0 0.211558 0.296052 0.193575 0.298817 0.182812 0.303125 0.151152 0.337256 0.147464 0.913888 0.177434 0.949406 0.195312 0.957812 0.500000 0.957812 0.511917 0.951709 0.523905 0.946641 0.532666 0.939728 0.541887 0.925442 0.543733 0.900095 0.541887 0.885809 0.541887 0.850784 0.540625 0.829688 0.537500 0.821875 0.539583 0.616002 0.537500 0.487500 0.539062 0.478125 0.540781 0.475320 0.543088 0.465642 0.539062 0.446875 0.526563 0.414062 0.501563 0.395313 0.284375 0.321875 0.240625 0.304688 0.233691 0.298817
1 0.815625 0.284375 0.784798 0.290955 0.759437 0.302014 0.592150 0.390267 0.570312 0.396875 0.568173 0.416536 0.567252 0.511930 0.597777 0.530825 0.685847 0.562623 0.775000 0.600000 0.807813 0.604688 0.829688 0.593750 0.843750 0.567187 0.844003 0.507322 0.839853 0.438656 0.842187 0.376563 0.845313 0.318750 0.835938 0.301563 0.823438 0.290625 0.823438 0.284375
5 0.385937 0.409375 0.378125 0.409375 0.378125 0.434375 0.384375 0.435937 0.390625 0.453125 0.396875 0.459375 0.420312 0.470313 0.446875 0.490625 0.476562 0.520312 0.495312 0.545312 0.495312 0.551562 0.507812 0.551562 0.507812 0.532813 0.500000 0.529687 0.489063 0.510938 0.457813 0.471875 0.414062 0.428125 0.398438 0.418750 0.393750 0.414062 0.393750 0.409375
5 0.334297 0.721875 0.184375 0.721875 0.184375 0.839063 0.218750 0.839063 0.220312 0.832812 0.231250 0.831250 0.307812 0.831250 0.314063 0.834375 0.314063 0.839063 0.351562 0.839063 0.351562 0.751563 0.345313 0.750000 0.342187 0.721875
5 0.331042 0.828125 0.218750 0.828125 0.217188 0.834375 0.196875 0.840625 0.196875 0.895312 0.334375 0.895312 0.370312 0.890625 0.370312 0.885938 0.365625 0.885938 0.359375 0.878125 0.348438 0.843750 0.339062 0.832812 0.339062 0.828125
7 0.228125 0.065625 0.218750 0.065625 0.173437 0.135937 0.165625 0.168750 0.159375 0.170313 0.159375 0.214062 0.165625 0.214062 0.184375 0.232813 0.189062 0.246875 0.200000 0.257812 0.226562 0.270313 0.278125 0.289062 0.310937 0.293750 0.362500 0.318750 0.378125 0.320312 0.400000 0.310937 0.420312 0.295312 0.432812 0.271875 0.439063 0.270313 0.439063 0.176563 0.432812 0.175000 0.420312 0.140625 0.403125 0.115625 0.359375 0.071875 0.359375 0.065625 0.351562 0.065625 0.354687 0.089063 0.334375 0.096875 0.290625 0.090625 0.256250 0.096875 0.237500 0.065625
5 0.518333 0.728125 0.403125 0.728125 0.403125 0.828125 0.409375 0.829688 0.415625 0.842187 0.470313 0.850000 0.496875 0.850000 0.510938 0.846875 0.518750 0.834375 0.520312 0.825000 0.526563 0.823438 0.526563 0.728125
5 0.503014 0.878125 0.400000 0.878125 0.400000 0.882812 0.395313 0.887500 0.390625 0.887500 0.390625 0.901563 0.404687 0.900000 0.415625 0.904687 0.428125 0.906250 0.453125 0.917188 0.476562 0.920312 0.478125 0.926562 0.512500 0.926562 0.512500 0.920312 0.515625 0.917188 0.520312 0.917188 0.520312 0.910937 0.514062 0.909375 0.510938 0.878125
5 0.415105 0.440625 0.398438 0.440625 0.389062 0.451562 0.379688 0.489063 0.371875 0.492188 0.371875 0.587500 0.376563 0.587500 0.379688 0.595313 0.396875 0.718750 0.407813 0.739062 0.412500 0.732812 0.425000 0.731250 0.432812 0.732812 0.434375 0.739062 0.507812 0.739062 0.509375 0.728125 0.520312 0.725000 0.532813 0.707812 0.539062 0.706250 0.539062 0.676562 0.531250 0.671875 0.521875 0.628125 0.518750 0.575000 0.507812 0.550000 0.479687 0.523438 0.465625 0.501563 0.417187 0.465625 0.426563 0.451562 0.423438 0.440625
