0 0.410795 0.000000 0.156250 0.000000 0.128125 0.025000 0.128125 0.260937 0.145313 0.275000 0.164062 0.285938 0.273438 0.329688 0.312630 0.339419 0.346875 0.351562 0.393750 0.351562 0.415625 0.339062 0.428125 0.326562 0.432812 0.314063 0.436647 0.307222 0.439063 0.028125 0.430623 0.017431 0.418750 0.000000
0 0.471836 0.562142 0.441623 0.567662 0.429688 0.575000 0.338056 0.616689 0.124752 0.724591 0.121875 0.909375 0.124752 0.943369 0.134375 0.942187 0.148438 0.946875 0.171875 0.943750 0.217188 0.951562 0.320312 0.951562 0.409375 0.950000 0.462416 0.942313 0.475000 0.939063 0.507245 0.938742 0.526412 0.918936 0.539062 0.882812 0.539062 0.637500 0.529012 0.598230 0.501398 0.568961
0 0.608614 0.606497 0.587500 0.615625 0.557813 0.646875 0.553125 0.646875 0.553125 0.895312 0.562919 0.909350 0.585938 0.931250 0.631250 0.953125 0.826897 0.953806 0.864062 0.948438 0.877450 0.939314 0.876563 0.795312 0.876563 0.714063 0.877058 0.696583 0.861383 0.686400 0.831250 0.673438 0.659952 0.613939 0.638397 0.607672
7 0.309152 0.334375 0.260937 0.334375 0.259375 0.340625 0.231250 0.354687 0.218750 0.367188 0.207813 0.393750 0.170313 0.434375 0.165625 0.465625 0.159375 0.467187 0.159375 0.485938 0.164062 0.485938 0.167187 0.493750 0.165625 0.509375 0.159375 0.510938 0.159375 0.576562 0.167187 0.579688 0.185938 0.604688 0.231250 0.626563 0.232813 0.632812 0.248438 0.632812 0.250000 0.626563 0.278125 0.615625 0.309375 0.589063 0.332813 0.582812 0.346875 0.568750 0.356250 0.525000 0.393750 0.448437 0.393750 0.417187 0.379688 0.389062 0.350000 0.357812 0.320312 0.342187 0.317188 0.334375
4 0.475312 0.571875 0.439063 0.571875 0.437500 0.578125 0.395313 0.604688 0.371875 0.615625 0.328125 0.625000 0.276562 0.651563 0.251563 0.678125 0.225000 0.687500 0.203125 0.703125 0.157812 0.721875 0.128125 0.740625 0.128125 0.912500 0.198437 0.921875 0.242188 0.918750 0.256250 0.923438 0.285938 0.917188 0.314063 0.925000 0.346875 0.926562 0.398438 0.920312 0.434375 0.904687 0.496875 0.904687 0.515625 0.868750 0.525000 0.801562 0.532813 0.795312 0.532813 0.779687 0.526563 0.778125 0.523438 0.767188 0.526563 0.734375 0.532813 0.732812 0.532813 0.700000 0.528125 0.700000 0.525000 0.692187 0.521875 0.618750 0.509375 0.600000 0.484375 0.578125 0.484375 0.571875
1 0.243987 0.030934 0.190238 0.034953 0.168083 0.056369 0.156098 0.079963 0.150287 0.122430 0.143023 0.254042 0.207306 0.286711 0.268683 0.310667 0.312500 0.328125 0.353125 0.345313 0.366742 0.346966 0.384175 0.347691 0.390625 0.343750 0.409375 0.334375 0.426563 0.306250 0.425577 0.296148 0.425941 0.280541 0.426563 0.276562 0.425000 0.259375 0.425000 0.181250 0.426563 0.162500 0.425214 0.145305 0.427756 0.061787 0.426563 0.048438 0.420492 0.041097 0.401244 0.030934
3 0.619822 0.627672 0.602970 0.634330 0.584159 0.641380 0.560645 0.660572 0.562997 0.893391 0.602578 0.915325 0.648822 0.915325 0.689970 0.911408 0.749145 0.909842 0.805578 0.906316 0.850645 0.897308 0.857700 0.869108 0.855348 0.750214 0.851038 0.709480 0.833794 0.705170 0.754241 0.669920 0.705645 0.653522 0.653131 0.636680 0.637064 0.633547
0 0.171944 0.302092 0.135937 0.309375 0.121875 0.331250 0.121875 0.689063 0.153566 0.688528 0.173437 0.681250 0.240961 0.650289 0.256339 0.643542 0.396875 0.573438 0.415625 0.557813 0.432812 0.518750 0.432812 0.442188 0.426563 0.414062 0.414062 0.396875 0.245312 0.329688 0.215625 0.317188
0 0.828092 0.003125 0.467187 0.003125 0.460938 0.018750 0.453125 0.021875 0.453125 0.498437 0.459375 0.500000 0.478125 0.528125 0.492188 0.535937 0.753125 0.628125 0.793750 0.643750 0.796875 0.651563 0.854688 0.651563 0.867188 0.632812 0.876563 0.628125 0.876563 0.248438 0.871875 0.248438 0.868750 0.240625 0.851562 0.039062 0.835938 0.003125
5 0.492188 0.065625 0.492188 0.071875 0.484375 0.073438 0.484375 0.515625 0.507812 0.523438 0.562500 0.523438 0.573438 0.517188 0.570312 0.503125 0.578125 0.495312 0.582812 0.503125 0.600000 0.503125 0.614062 0.510938 0.617188 0.521875 0.604688 0.542188 0.628125 0.570312 0.681250 0.570312 0.698438 0.531250 0.717187 0.514062 0.723437 0.485938 0.798438 0.339062 0.804688 0.318750 0.803125 0.301563 0.829688 0.260937 0.834375 0.245312 0.706250 0.182812 0.693750 0.210938 0.678125 0.273438 0.651563 0.300000 0.645312 0.278125 0.648438 0.271875 0.640625 0.264062 0.646875 0.259375 0.643750 0.251563 0.650000 0.246875 0.646875 0.239063 0.653125 0.234375 0.651563 0.228125 0.659375 0.221875 0.656250 0.214062 0.662500 0.210938 0.657813 0.203125 0.662500 0.195312 0.656250 0.178125 0.656250 0.140625 0.664062 0.098437 0.635938 0.090625 0.532813 0.081250 0.525000 0.084375 0.518750 0.121875 0.514062 0.125000 0.501563 0.100000 0.503125 0.087500 0.510938 0.079687 0.506250 0.065625
5 0.782813 0.384375 0.773438 0.384375 0.773438 0.390625 0.725000 0.479687 0.717187 0.501563 0.709375 0.504687 0.709375 0.532813 0.746875 0.532813 0.746875 0.528125 0.757812 0.520312 0.775000 0.514062 0.807813 0.507812 0.818750 0.500000 0.820312 0.487500 0.814063 0.439063 0.804688 0.410938 0.792188 0.390625 0.792188 0.384375
