4 0.801427 0.490625 0.626563 0.490625 0.625000 0.498437 0.609375 0.512500 0.603125 0.512500 0.603125 0.546875 0.615625 0.553125 0.629687 0.578125 0.623437 0.618750 0.687500 0.734375 0.718750 0.814063 0.751563 0.870313 0.775000 0.875000 0.940625 0.875000 0.959375 0.840625 0.954688 0.787500 0.962500 0.765625 0.956250 0.703125 0.959375 0.678125 0.945312 0.617188 0.953125 0.585938 0.951562 0.554688 0.923438 0.520312 0.896875 0.503125 0.884375 0.498437 0.814063 0.498437 0.809375 0.490625
0 0.337456 0.584375 0.062500 0.584375 0.028125 0.617188 0.028125 0.854688 0.050000 0.873437 0.076563 0.876563 0.281250 0.875000 0.300000 0.870313 0.348438 0.753125 0.365769 0.708850 0.383100 0.656858 0.382812 0.625000 0.360753 0.599848 0.345313 0.584375
0 0.611447 0.153455 0.345867 0.166995 0.305892 0.169892 0.275766 0.171630 0.134375 0.182812 0.076563 0.182812 0.046875 0.195312 0.028125 0.207813 0.024911 0.527345 0.062500 0.565625 0.092188 0.570312 0.132812 0.570312 0.170313 0.568750 0.306250 0.570312 0.506250 0.570312 0.542188 0.559375 0.557813 0.543750 0.571875 0.515625 0.648438 0.290625 0.662500 0.235937 0.670312 0.196875 0.656972 0.181478 0.640625 0.165625
0 0.546764 0.584375 0.443750 0.584375 0.421875 0.609375 0.396875 0.670312 0.354687 0.784375 0.348438 0.815625 0.335213 0.858897 0.341597 0.877595 0.721050 0.876228 0.714063 0.859375 0.693750 0.809375 0.600000 0.628125 0.584375 0.607812 0.556250 0.590625
0 0.631250 0.490625 0.594217 0.519941 0.585214 0.554753 0.598437 0.592187 0.743672 0.876470 0.976562 0.873437 0.978358 0.869869 0.970313 0.578125 0.957812 0.521875 0.939063 0.501563 0.921875 0.492188
0 0.921672 0.134375 0.743672 0.139402 0.710938 0.165625 0.642188 0.364063 0.624228 0.408300 0.640625 0.442188 0.662500 0.464062 0.676562 0.468750 0.893750 0.470313 0.926562 0.457813 0.970313 0.420312 0.970313 0.201563 0.954688 0.168750 0.929688 0.140625
7 0.544642 0.603125 0.493750 0.603125 0.456250 0.650000 0.456250 0.696875 0.453125 0.715625 0.446875 0.717187 0.446875 0.771875 0.462500 0.775000 0.482812 0.787500 0.514062 0.782813 0.523438 0.790625 0.523438 0.814063 0.515625 0.821875 0.492188 0.825000 0.493750 0.835938 0.517188 0.856250 0.546875 0.868750 0.604688 0.867188 0.621875 0.859375 0.654687 0.826562 0.656250 0.810937 0.664062 0.806250 0.664062 0.764062 0.656250 0.760938 0.612500 0.678125 0.604688 0.654687 0.592187 0.637500 0.556250 0.610938 0.553125 0.603125
7 0.544642 0.603125 0.493750 0.603125 0.460938 0.645312 0.453125 0.646875 0.453125 0.775000 0.470313 0.781250 0.476562 0.789062 0.507812 0.784375 0.523438 0.795312 0.523438 0.810937 0.518750 0.817187 0.512500 0.821875 0.490625 0.821875 0.493750 0.837500 0.517188 0.856250 0.546875 0.868750 0.604688 0.867188 0.621875 0.859375 0.654687 0.828125 0.670312 0.782813 0.664062 0.781250 0.656250 0.756250 0.612500 0.676562 0.606250 0.656250 0.593750 0.639062 0.554688 0.609375 0.553125 0.603125
3 0.639062 0.376563 0.635938 0.421875 0.670312 0.456250 0.695312 0.462500 0.712500 0.457813 0.723437 0.462500 0.820312 0.460938 0.903125 0.456250 0.907813 0.448437 0.914062 0.450000 0.928125 0.439063 0.948438 0.378125 0.931250 0.334375 0.937500 0.265625 0.929688 0.204687 0.917188 0.179688 0.907813 0.181250 0.900000 0.168750 0.882812 0.162500 0.806250 0.162500 0.793750 0.168750 0.764062 0.162500 0.710938 0.181250
1 0.064062 0.831250 0.062500 0.840625 0.076563 0.860938 0.100000 0.871875 0.146875 0.873437 0.285938 0.873437 0.300000 0.865625 0.312500 0.837500 0.289062 0.820312 0.196875 0.825000 0.190625 0.818750 0.193750 0.806250 0.182812 0.806250 0.179688 0.826562 0.157812 0.826562 0.132812 0.803125 0.120313 0.823438 0.082812 0.821875
1 0.059375 0.653125 0.059375 0.770312 0.098437 0.784375 0.104688 0.803125 0.121875 0.779687 0.148438 0.778125 0.164062 0.807813 0.175000 0.781250 0.193230 0.776563 0.282813 0.776563 0.295312 0.781250 0.310937 0.775000 0.326562 0.787500 0.371875 0.679688 0.378125 0.639062 0.368750 0.618750 0.345313 0.598437 0.168750 0.592187 0.098437 0.600000 0.084375 0.610938
