2 0.182812 0.465625 0.185938 0.657813 0.190625 0.695312 0.198437 0.706250 0.217188 0.715625 0.242188 0.714063 0.284375 0.687500 0.339062 0.665625 0.421875 0.612500 0.429688 0.582812 0.429688 0.520312 0.423438 0.503125 0.409375 0.490625 0.320312 0.464062 0.239063 0.431250 0.206250 0.432812 0.192188 0.445312
1 0.193750 0.229687 0.192188 0.350000 0.195312 0.370312 0.204687 0.382812 0.375000 0.445312 0.396875 0.443750 0.412500 0.434375 0.423438 0.415625 0.423438 0.398438 0.415625 0.209375 0.414062 0.189062 0.407813 0.181250 0.396875 0.171875 0.364063 0.165625 0.346875 0.140625 0.331250 0.132812 0.268750 0.179688 0.243750 0.176563 0.209375 0.189062 0.200000 0.201563
4 0.187500 0.812500 0.195312 0.893750 0.215625 0.918750 0.365625 0.920312 0.385937 0.909375 0.389062 0.914062 0.429688 0.909375 0.435937 0.914062 0.487500 0.900000 0.498437 0.890625 0.507812 0.865625 0.518750 0.810937 0.510938 0.703125 0.498437 0.646875 0.481250 0.632812 0.456250 0.632812 0.390625 0.660937 0.350000 0.682813 0.329688 0.701562 0.315625 0.701562 0.215625 0.756250 0.201563 0.771875 0.192188 0.792188 0.196875 0.803125
7 0.550000 0.710938 0.556250 0.865625 0.600000 0.920312 0.618750 0.929688 0.654687 0.887500 0.723437 0.887500 0.754687 0.875000 0.768750 0.860938 0.776563 0.831250 0.775000 0.818750 0.764062 0.804688 0.764062 0.784375 0.773438 0.775000 0.773438 0.764062 0.759375 0.721875 0.740625 0.710938 0.703125 0.706250 0.642188 0.687500 0.623437 0.678125 0.615625 0.667188 0.573438 0.667188
5 0.473438 0.506250 0.478125 0.526563 0.471875 0.562500 0.493750 0.589063 0.601562 0.621875 0.703125 0.632812 0.707812 0.659375 0.718750 0.664062 0.754687 0.665625 0.768750 0.656250 0.767188 0.612500 0.754687 0.570312 0.693750 0.443750 0.671875 0.382812 0.648438 0.360938 0.607812 0.382812 0.589063 0.373437 0.571875 0.389062 0.571875 0.406250 0.565625 0.412500 0.489063 0.468750
5 0.542188 0.390625 0.540625 0.404687 0.559375 0.415625 0.581250 0.403125 0.582812 0.393750 0.595313 0.387500 0.601562 0.392188 0.606250 0.384375 0.650000 0.364063 0.656250 0.371875 0.650000 0.396875 0.670312 0.404687 0.676562 0.425000 0.685937 0.434375 0.684375 0.459375 0.704688 0.473438 0.721875 0.503125 0.709375 0.520312 0.710938 0.535937 0.732812 0.537500 0.740625 0.529687 0.746875 0.501563 0.735938 0.490625 0.731250 0.448437 0.706250 0.387500 0.692187 0.362500 0.631250 0.304688 0.617188 0.307812
5 0.501563 0.432812 0.500000 0.439063 0.518750 0.443750 0.539062 0.428125 0.537500 0.403125 0.529687 0.403125
5 0.718750 0.637500 0.712500 0.640625 0.712500 0.654687 0.720313 0.660937 0.729688 0.656250 0.737500 0.664062 0.751563 0.664062 0.770312 0.654687 0.754687 0.645312 0.739062 0.651563 0.734375 0.650000 0.734375 0.637500
5 0.714063 0.557813 0.717187 0.565625 0.742188 0.560937 0.760938 0.548438 0.775000 0.548438 0.776563 0.542188 0.760938 0.534375 0.754687 0.540625 0.735938 0.540625 0.734375 0.556250
5 0.462500 0.392188 0.460938 0.412500 0.470313 0.428125 0.468750 0.468750 0.476562 0.471875 0.482812 0.468750 0.484375 0.446875 0.623437 0.303125 0.670312 0.340625 0.706250 0.379688 0.709375 0.400000 0.720313 0.403125 0.723437 0.439063 0.734375 0.445312 0.735938 0.493750 0.750000 0.503125 0.746875 0.521875 0.778125 0.532813 0.789062 0.526563 0.784375 0.496875 0.790625 0.492188 0.795312 0.468750 0.778125 0.396875 0.754687 0.351562 0.754687 0.332813 0.760938 0.328125 0.746875 0.320312 0.734375 0.292187 0.720313 0.279687 0.720313 0.264062 0.657813 0.189062 0.646875 0.185938 0.631250 0.193750 0.517188 0.306250 0.509375 0.307812 0.476562 0.348438
5 0.457813 0.307812 0.454688 0.342187 0.465625 0.371875 0.498437 0.320312 0.631250 0.195312 0.648438 0.187500 0.660937 0.196875 0.712500 0.271875 0.734375 0.285938 0.740625 0.306250 0.748437 0.309375 0.754687 0.348438 0.760938 0.354687 0.768750 0.345313 0.762500 0.300000 0.757812 0.292187 0.746875 0.290625 0.748437 0.270313 0.731250 0.237500 0.618750 0.129688 0.592187 0.143750 0.567187 0.178125 0.531250 0.207813 0.501563 0.243750 0.498437 0.256250 0.473438 0.278125
0 0.309375 0.142187 0.307812 0.143750 0.296875 0.143750 0.295312 0.145313 0.248438 0.145313 0.246875 0.146875 0.237500 0.146875 0.235937 0.148438 0.229687 0.148438 0.228125 0.146875 0.210938 0.146875 0.209375 0.148438 0.206250 0.148438 0.204687 0.150000 0.201563 0.150000 0.200000 0.151562 0.196875 0.151562 0.195312 0.153125 0.193750 0.153125 0.185938 0.160938 0.184375 0.160938 0.181250 0.164062 0.179688 0.164062 0.175000 0.168750 0.175000 0.170313 0.171875 0.173437 0.171875 0.175000 0.170313 0.176563 0.170313 0.178125 0.168750 0.179688 0.168750 0.181250 0.167187 0.182812 0.167187 0.185938 0.165625 0.187500 0.165625 0.195312 0.164062 0.196875 0.164062 0.239063 0.162500 0.240625 0.162500 0.270313 0.164062 0.271875 0.164062 0.357812 0.165625 0.359375 0.165625 0.362500 0.167187 0.364063 0.167187 0.365625 0.168750 0.367188 0.168750 0.368750 0.192188 0.392188 0.193750 0.392188 0.196875 0.395313 0.198437 0.395313 0.200000 0.396875 0.203125 0.396875 0.204687 0.398438 0.209375 0.398438 0.210938 0.400000 0.212500 0.400000 0.214062 0.401562 0.217188 0.401562 0.218750 0.403125 0.223438 0.403125 0.225000 0.404687 0.226562 0.404687 0.228125 0.406250 0.232813 0.406250 0.234375 0.407813 0.239063 0.407813 0.240625 0.409375 0.243750 0.409375 0.245312 0.410938 0.251563 0.410938 0.253125 0.412500 0.257812 0.412500 0.259375 0.414062 0.262500 0.414062 0.264062 0.415625 0.267188 0.415625 0.268750 0.417187 0.270313 0.417187 0.271875 0.418750 0.273438 0.418750 0.275000 0.420312 0.276562 0.420312 0.278125 0.421875 0.279687 0.421875 0.281250 0.423438 0.282813 0.423438 0.284375 0.425000 0.285938 0.425000 0.287500 0.426563 0.290625 0.426563 0.292187 0.428125 0.295312 0.428125 0.296875 0.429688 0.300000 0.429688 0.301563 0.431250 0.303125 0.431250 0.304688 0.432812 0.307812 0.432812 0.309375 0.434375 0.310937 0.434375 0.312500 0.435937 0.315625 0.435937 0.317188 0.437500 0.320312 0.437500 0.321875 0.439063 0.325000 0.439063 0.326562 0.440625 0.329688 0.440625 0.331250 0.442188 0.334375 0.442188 0.335938 0.443750 0.339062 0.443750 0.340625 0.445312 0.345313 0.445312 0.346875 0.446875 0.364063 0.446875 0.365625 0.448437 0.370312 0.448437 0.371875 0.450000 0.396875 0.450000 0.398438 0.448437 0.401562 0.448437 0.403125 0.446875 0.404687 0.446875 0.410938 0.440625 0.412500 0.440625 0.417187 0.435937 0.417187 0.434375 0.420312 0.431250 0.420312 0.429688 0.421875 0.428125 0.421875 0.426563 0.423438 0.425000 0.423438 0.423438 0.425000 0.421875 0.425000 0.418750 0.426563 0.417187 0.426563 0.412500 0.428125 0.410938 0.428125 0.400000 0.429688 0.398438 0.429688 0.378125 0.428125 0.376563 0.428125 0.335938 0.426563 0.334375 0.426563 0.276562 0.425000 0.275000 0.425000 0.257812 0.426563 0.256250 0.426563 0.221875 0.425000 0.220312 0.425000 0.189062 0.423438 0.187500 0.423438 0.181250 0.421875 0.179688 0.421875 0.176563 0.420312 0.175000 0.420312 0.173437 0.418750 0.171875 0.418750 0.168750 0.417187 0.167187 0.417187 0.165625 0.414062 0.162500 0.414062 0.160938 0.398438 0.145313 0.396875 0.145313 0.395313 0.143750 0.392188 0.143750 0.390625 0.142187
0 0.203125 0.418750 0.201563 0.420312 0.198437 0.420312 0.196875 0.421875 0.193750 0.421875 0.190625 0.425000 0.189062 0.425000 0.182812 0.431250 0.181250 0.431250 0.176563 0.435937 0.176563 0.437500 0.173437 0.440625 0.173437 0.443750 0.171875 0.445312 0.171875 0.450000 0.170313 0.451562 0.170313 0.454688 0.168750 0.456250 0.168750 0.459375 0.167187 0.460938 0.167187 0.471875 0.168750 0.473438 0.168750 0.479687 0.167187 0.481250 0.167187 0.585938 0.168750 0.587500 0.168750 0.614062 0.167187 0.615625 0.167187 0.673438 0.168750 0.675000 0.168750 0.689063 0.170313 0.690625 0.170313 0.696875 0.171875 0.698438 0.171875 0.701562 0.173437 0.703125 0.173437 0.704688 0.176563 0.707812 0.176563 0.709375 0.181250 0.714063 0.182812 0.714063 0.184375 0.715625 0.185938 0.715625 0.189062 0.718750 0.190625 0.718750 0.193750 0.721875 0.195312 0.721875 0.196875 0.723437 0.198437 0.723437 0.200000 0.725000 0.203125 0.725000 0.204687 0.726562 0.206250 0.726562 0.207813 0.728125 0.210938 0.728125 0.212500 0.729688 0.228125 0.729688 0.229687 0.728125 0.232813 0.728125 0.234375 0.726562 0.235937 0.726562 0.237500 0.725000 0.239063 0.725000 0.240625 0.723437 0.242188 0.723437 0.243750 0.721875 0.246875 0.721875 0.248438 0.720313 0.250000 0.720313 0.251563 0.718750 0.253125 0.718750 0.254688 0.717187 0.256250 0.717187 0.257812 0.715625 0.259375 0.715625 0.260937 0.714063 0.262500 0.714063 0.264062 0.712500 0.265625 0.712500 0.267188 0.710938 0.270313 0.710938 0.271875 0.709375 0.275000 0.709375 0.276562 0.707812 0.278125 0.707812 0.285938 0.700000 0.287500 0.700000 0.289062 0.698438 0.290625 0.698438 0.293750 0.695312 0.295312 0.695312 0.296875 0.693750 0.298438 0.693750 0.300000 0.692187 0.301563 0.692187 0.303125 0.690625 0.306250 0.690625 0.307812 0.689063 0.309375 0.689063 0.310937 0.687500 0.312500 0.687500 0.314063 0.685937 0.317188 0.685937 0.320312 0.682813 0.323437 0.682813 0.326562 0.679688 0.328125 0.679688 0.329688 0.678125 0.332813 0.678125 0.334375 0.676562 0.335938 0.676562 0.337500 0.675000 0.339062 0.675000 0.340625 0.673438 0.342187 0.673438 0.345313 0.670312 0.346875 0.670312 0.351562 0.665625 0.353125 0.665625 0.356250 0.662500 0.357812 0.662500 0.359375 0.660937 0.360938 0.660937 0.364063 0.657813 0.365625 0.657813 0.368750 0.654687 0.370312 0.654687 0.371875 0.653125 0.373437 0.653125 0.375000 0.651563 0.376563 0.651563 0.378125 0.650000 0.379688 0.650000 0.381250 0.648438 0.382812 0.648438 0.384375 0.646875 0.385937 0.646875 0.387500 0.645312 0.389062 0.645312 0.390625 0.643750 0.392188 0.643750 0.393750 0.642188 0.395313 0.642188 0.396875 0.640625 0.400000 0.640625 0.401562 0.639062 0.403125 0.639062 0.407813 0.634375 0.409375 0.634375 0.414062 0.629687 0.415625 0.629687 0.417187 0.628125 0.418750 0.628125 0.428125 0.618750 0.428125 0.617188 0.429688 0.615625 0.429688 0.614062 0.431250 0.612500 0.431250 0.607812 0.432812 0.606250 0.432812 0.600000 0.434375 0.598437 0.434375 0.592187 0.435937 0.590625 0.435937 0.537500 0.434375 0.535937 0.434375 0.528125 0.432812 0.526563 0.432812 0.517188 0.431250 0.515625 0.431250 0.512500 0.429688 0.510938 0.429688 0.509375 0.428125 0.507812 0.428125 0.506250 0.426563 0.504687 0.426563 0.503125 0.425000 0.501563 0.425000 0.500000 0.423438 0.498437 0.423438 0.496875 0.417187 0.490625 0.415625 0.490625 0.410938 0.485938 0.409375 0.485938 0.407813 0.484375 0.406250 0.484375 0.404687 0.482812 0.401562 0.482812 0.400000 0.481250 0.396875 0.481250 0.395313 0.479687 0.392188 0.479687 0.390625 0.478125 0.385937 0.478125 0.384375 0.476562 0.381250 0.476562 0.379688 0.475000 0.371875 0.475000 0.370312 0.473438 0.367188 0.473438 0.365625 0.471875 0.364063 0.471875 0.362500 0.470313 0.360938 0.470313 0.359375 0.468750 0.357812 0.468750 0.356250 0.467187 0.353125 0.467187 0.351562 0.465625 0.348438 0.465625 0.346875 0.464062 0.345313 0.464062 0.343750 0.462500 0.339062 0.462500 0.335938 0.459375 0.334375 0.459375 0.332813 0.457813 0.331250 0.457813 0.329688 0.456250 0.326562 0.456250 0.325000 0.454688 0.323437 0.454688 0.321875 0.453125 0.320312 0.453125 0.318750 0.451562 0.315625 0.451562 0.314063 0.450000 0.312500 0.450000 0.310937 0.448437 0.309375 0.448437 0.307812 0.446875 0.306250 0.446875 0.304688 0.445312 0.301563 0.445312 0.300000 0.443750 0.298438 0.443750 0.296875 0.442188 0.289062 0.442188 0.287500 0.440625 0.284375 0.440625 0.282813 0.439063 0.278125 0.439063 0.276562 0.437500 0.273438 0.437500 0.271875 0.435937 0.268750 0.435937 0.267188 0.434375 0.265625 0.434375 0.264062 0.432812 0.260937 0.432812 0.259375 0.431250 0.253125 0.431250 0.251563 0.429688 0.248438 0.429688 0.245312 0.426563 0.242188 0.426563 0.240625 0.425000 0.237500 0.425000 0.235937 0.423438 0.231250 0.423438 0.229687 0.421875 0.228125 0.421875 0.226562 0.420312 0.223438 0.420312 0.221875 0.418750
0 0.459375 0.625000 0.457813 0.626563 0.454688 0.626563 0.453125 0.628125 0.451562 0.628125 0.448437 0.631250 0.446875 0.631250 0.439063 0.639062 0.429688 0.639062 0.428125 0.640625 0.425000 0.640625 0.423438 0.642188 0.421875 0.642188 0.418750 0.645312 0.417187 0.645312 0.414062 0.648438 0.412500 0.648438 0.409375 0.651563 0.407813 0.651563 0.406250 0.653125 0.404687 0.653125 0.403125 0.654687 0.401562 0.654687 0.400000 0.656250 0.398438 0.656250 0.396875 0.657813 0.393750 0.657813 0.392188 0.659375 0.390625 0.659375 0.387500 0.662500 0.385937 0.662500 0.382812 0.665625 0.381250 0.665625 0.379688 0.667188 0.378125 0.667188 0.375000 0.670312 0.373437 0.670312 0.371875 0.671875 0.370312 0.671875 0.367188 0.675000 0.365625 0.675000 0.364063 0.676562 0.362500 0.676562 0.359375 0.679688 0.357812 0.679688 0.356250 0.681250 0.351562 0.681250 0.350000 0.682813 0.348438 0.682813 0.346875 0.684375 0.343750 0.684375 0.342187 0.685937 0.340625 0.685937 0.339062 0.687500 0.337500 0.687500 0.335938 0.689063 0.332813 0.689063 0.331250 0.690625 0.328125 0.690625 0.326562 0.692187 0.325000 0.692187 0.323437 0.693750 0.321875 0.693750 0.320312 0.695312 0.318750 0.695312 0.317188 0.696875 0.315625 0.696875 0.314063 0.698438 0.312500 0.698438 0.310937 0.700000 0.309375 0.700000 0.306250 0.703125 0.304688 0.703125 0.301563 0.706250 0.300000 0.706250 0.296875 0.709375 0.295312 0.709375 0.287500 0.717187 0.285938 0.717187 0.282813 0.720313 0.281250 0.720313 0.279687 0.721875 0.278125 0.721875 0.276562 0.723437 0.275000 0.723437 0.273438 0.725000 0.271875 0.725000 0.270313 0.726562 0.268750 0.726562 0.267188 0.728125 0.264062 0.728125 0.262500 0.729688 0.260937 0.729688 0.259375 0.731250 0.257812 0.731250 0.256250 0.732812 0.254688 0.732812 0.253125 0.734375 0.250000 0.734375 0.248438 0.735938 0.245312 0.735938 0.243750 0.737500 0.242188 0.737500 0.239063 0.740625 0.237500 0.740625 0.234375 0.743750 0.232813 0.743750 0.231250 0.745313 0.229687 0.745313 0.226562 0.748437 0.225000 0.748437 0.221875 0.751563 0.220312 0.751563 0.217188 0.754687 0.215625 0.754687 0.207813 0.762500 0.206250 0.762500 0.204687 0.764062 0.203125 0.764062 0.200000 0.767188 0.196875 0.767188 0.193750 0.770312 0.192188 0.770312 0.189062 0.773438 0.187500 0.773438 0.184375 0.776563 0.182812 0.776563 0.170313 0.789062 0.170313 0.790625 0.168750 0.792188 0.168750 0.795312 0.167187 0.796875 0.167187 0.821875 0.168750 0.823438 0.168750 0.825000 0.170313 0.826562 0.170313 0.846875 0.168750 0.848437 0.168750 0.881250 0.170313 0.882812 0.170313 0.885938 0.171875 0.887500 0.171875 0.889062 0.173437 0.890625 0.173437 0.892188 0.175000 0.893750 0.175000 0.895312 0.178125 0.898438 0.178125 0.900000 0.189062 0.910937 0.190625 0.910937 0.198437 0.918750 0.200000 0.918750 0.203125 0.921875 0.204687 0.921875 0.206250 0.923438 0.207813 0.923438 0.209375 0.925000 0.212500 0.925000 0.214062 0.926562 0.218750 0.926562 0.220312 0.928125 0.225000 0.928125 0.226562 0.929688 0.254688 0.929688 0.256250 0.928125 0.268750 0.928125 0.270313 0.926562 0.309375 0.926562 0.310937 0.925000 0.318750 0.925000 0.320312 0.926562 0.339062 0.926562 0.340625 0.928125 0.367188 0.928125 0.368750 0.929688 0.381250 0.929688 0.382812 0.928125 0.393750 0.928125 0.395313 0.926562 0.421875 0.926562 0.423438 0.925000 0.460938 0.925000 0.462500 0.923438 0.476562 0.923438 0.478125 0.921875 0.490625 0.921875 0.492188 0.920312 0.496875 0.920312 0.498437 0.918750 0.500000 0.918750 0.501563 0.917188 0.504687 0.917188 0.506250 0.915625 0.507812 0.915625 0.518750 0.904687 0.518750 0.903125 0.520312 0.901563 0.520312 0.900000 0.523438 0.896875 0.523438 0.893750 0.525000 0.892188 0.525000 0.889062 0.526563 0.887500 0.526563 0.881250 0.528125 0.879687 0.528125 0.860938 0.526563 0.859375 0.526563 0.856250 0.528125 0.854688 0.528125 0.843750 0.526563 0.842187 0.526563 0.762500 0.525000 0.760938 0.525000 0.756250 0.523438 0.754687 0.523438 0.751563 0.521875 0.750000 0.521875 0.706250 0.520312 0.704688 0.520312 0.689063 0.518750 0.687500 0.518750 0.675000 0.517188 0.673438 0.517188 0.667188 0.515625 0.665625 0.515625 0.662500 0.514062 0.660937 0.514062 0.657813 0.512500 0.656250 0.512500 0.654687 0.510938 0.653125 0.510938 0.651563 0.507812 0.648438 0.507812 0.646875 0.506250 0.645312 0.506250 0.643750 0.500000 0.637500 0.498437 0.637500 0.495312 0.634375 0.493750 0.634375 0.492188 0.632812 0.490625 0.632812 0.487500 0.629687 0.485938 0.629687 0.484375 0.628125 0.482812 0.628125 0.481250 0.626563 0.478125 0.626563 0.476562 0.625000
0 0.571875 0.657813 0.570312 0.659375 0.565625 0.659375 0.564063 0.660937 0.562500 0.660937 0.560937 0.662500 0.559375 0.662500 0.553125 0.668750 0.553125 0.670312 0.550000 0.673438 0.550000 0.675000 0.546875 0.678125 0.546875 0.679688 0.543750 0.682813 0.543750 0.685937 0.542188 0.687500 0.542188 0.701562 0.540625 0.703125 0.540625 0.792188 0.542188 0.793750 0.542188 0.831250 0.543750 0.832812 0.543750 0.862500 0.545312 0.864062 0.545312 0.875000 0.546875 0.876563 0.546875 0.878125 0.548438 0.879687 0.548438 0.882812 0.550000 0.884375 0.550000 0.885938 0.551562 0.887500 0.551562 0.890625 0.554688 0.893750 0.554688 0.895312 0.562500 0.903125 0.564063 0.903125 0.573438 0.912500 0.575000 0.912500 0.576562 0.914062 0.579688 0.914062 0.582812 0.917188 0.585938 0.917188 0.587500 0.918750 0.592187 0.918750 0.593750 0.920312 0.601562 0.920312 0.603125 0.921875 0.621875 0.921875 0.623437 0.920312 0.629687 0.920312 0.631250 0.918750 0.737500 0.918750 0.739062 0.917188 0.773438 0.917188 0.775000 0.915625 0.779687 0.915625 0.781250 0.914062 0.785937 0.914062 0.787500 0.912500 0.790625 0.912500 0.792188 0.910937 0.795312 0.910937 0.796875 0.909375 0.798438 0.909375 0.800000 0.907813 0.801562 0.907813 0.810937 0.898438 0.810937 0.896875 0.812500 0.895312 0.812500 0.893750 0.814063 0.892188 0.814063 0.887500 0.815625 0.885938 0.815625 0.854688 0.817187 0.853125 0.817187 0.848437 0.818750 0.846875 0.818750 0.831250 0.817187 0.829688 0.817187 0.821875 0.815625 0.820312 0.815625 0.809375 0.814063 0.807813 0.814063 0.762500 0.812500 0.760938 0.812500 0.756250 0.810937 0.754687 0.810937 0.753125 0.807813 0.750000 0.807813 0.746875 0.806250 0.745313 0.806250 0.742188 0.804688 0.740625 0.804688 0.739062 0.801562 0.735938 0.801562 0.734375 0.800000 0.732812 0.800000 0.731250 0.798438 0.729688 0.798438 0.728125 0.792188 0.721875 0.790625 0.721875 0.787500 0.718750 0.785937 0.718750 0.784375 0.717187 0.782813 0.717187 0.781250 0.715625 0.778125 0.715625 0.776563 0.714063 0.775000 0.714063 0.773438 0.712500 0.768750 0.712500 0.767188 0.710938 0.765625 0.710938 0.764062 0.709375 0.757812 0.709375 0.756250 0.707812 0.746875 0.707812 0.745313 0.706250 0.742188 0.706250 0.740625 0.704688 0.737500 0.704688 0.735938 0.703125 0.731250 0.703125 0.729688 0.701562 0.726562 0.701562 0.725000 0.700000 0.723437 0.700000 0.721875 0.698438 0.717187 0.698438 0.715625 0.696875 0.712500 0.696875 0.710938 0.695312 0.704688 0.695312 0.703125 0.693750 0.701562 0.693750 0.700000 0.692187 0.698438 0.692187 0.696875 0.690625 0.695312 0.690625 0.693750 0.689063 0.692187 0.689063 0.689063 0.685937 0.687500 0.685937 0.685937 0.684375 0.682813 0.684375 0.681250 0.682813 0.675000 0.682813 0.673438 0.681250 0.671875 0.681250 0.670312 0.679688 0.668750 0.679688 0.667188 0.678125 0.665625 0.678125 0.664062 0.676562 0.660937 0.676562 0.659375 0.675000 0.657813 0.675000 0.656250 0.673438 0.653125 0.673438 0.651563 0.671875 0.648438 0.671875 0.646875 0.670312 0.643750 0.670312 0.642188 0.668750 0.634375 0.668750 0.632812 0.667188 0.626563 0.667188 0.625000 0.665625 0.618750 0.665625 0.617188 0.664062 0.615625 0.664062 0.614062 0.662500 0.610938 0.662500 0.609375 0.660937 0.601562 0.660937 0.600000 0.659375 0.593750 0.659375 0.592187 0.657813
0 0.662500 0.118750 0.660937 0.120313 0.646875 0.120313 0.645312 0.121875 0.626563 0.121875 0.625000 0.123438 0.592187 0.123438 0.590625 0.125000 0.584375 0.125000 0.582812 0.126562 0.532813 0.126562 0.531250 0.128125 0.525000 0.128125 0.523438 0.129688 0.482812 0.129688 0.481250 0.131250 0.473438 0.131250 0.471875 0.132812 0.468750 0.132812 0.467187 0.134375 0.465625 0.134375 0.462500 0.137500 0.460938 0.137500 0.451562 0.146875 0.451562 0.148438 0.450000 0.150000 0.450000 0.151562 0.448437 0.153125 0.448437 0.154688 0.446875 0.156250 0.446875 0.159375 0.445312 0.160938 0.445312 0.237500 0.446875 0.239063 0.446875 0.245312 0.448437 0.246875 0.448437 0.350000 0.450000 0.351562 0.450000 0.381250 0.448437 0.382812 0.448437 0.407813 0.450000 0.409375 0.450000 0.428125 0.451562 0.429688 0.451562 0.462500 0.453125 0.464062 0.453125 0.517188 0.454688 0.518750 0.454688 0.545312 0.456250 0.546875 0.456250 0.585938 0.460938 0.590625 0.462500 0.590625 0.465625 0.593750 0.467187 0.593750 0.471875 0.598437 0.473438 0.598437 0.475000 0.600000 0.476562 0.600000 0.478125 0.601562 0.482812 0.601562 0.484375 0.603125 0.487500 0.603125 0.489063 0.604688 0.490625 0.604688 0.492188 0.606250 0.495312 0.606250 0.496875 0.607812 0.500000 0.607812 0.501563 0.609375 0.504687 0.609375 0.506250 0.610938 0.507812 0.610938 0.509375 0.612500 0.510938 0.612500 0.512500 0.614062 0.526563 0.614062 0.528125 0.615625 0.532813 0.615625 0.534375 0.617188 0.537500 0.617188 0.539062 0.618750 0.542188 0.618750 0.543750 0.620313 0.545312 0.620313 0.546875 0.621875 0.548438 0.621875 0.550000 0.623437 0.551562 0.623437 0.553125 0.625000 0.557813 0.625000 0.559375 0.626563 0.564063 0.626563 0.565625 0.628125 0.568750 0.628125 0.570312 0.629687 0.573438 0.629687 0.575000 0.631250 0.578125 0.631250 0.579688 0.632812 0.582812 0.632812 0.584375 0.634375 0.585938 0.634375 0.587500 0.635938 0.589063 0.635938 0.592187 0.639062 0.593750 0.639062 0.595313 0.640625 0.596875 0.640625 0.598437 0.642188 0.600000 0.642188 0.601562 0.643750 0.607812 0.643750 0.609375 0.645312 0.614062 0.645312 0.615625 0.646875 0.621875 0.646875 0.623437 0.648438 0.626563 0.648438 0.628125 0.650000 0.629687 0.650000 0.631250 0.651563 0.632812 0.651563 0.634375 0.653125 0.639062 0.653125 0.640625 0.654687 0.648438 0.654687 0.650000 0.656250 0.653125 0.656250 0.654687 0.657813 0.656250 0.657813 0.657813 0.659375 0.665625 0.659375 0.667188 0.660937 0.668750 0.660937 0.670312 0.662500 0.671875 0.662500 0.673438 0.664062 0.678125 0.664062 0.679688 0.665625 0.684375 0.665625 0.685937 0.667188 0.690625 0.667188 0.692187 0.668750 0.693750 0.668750 0.695312 0.670312 0.698438 0.670312 0.700000 0.671875 0.701562 0.671875 0.703125 0.673438 0.704688 0.673438 0.706250 0.675000 0.709375 0.675000 0.710938 0.676562 0.717187 0.676562 0.718750 0.678125 0.721875 0.678125 0.723437 0.679688 0.726562 0.679688 0.728125 0.681250 0.734375 0.681250 0.735938 0.682813 0.764062 0.682813 0.765625 0.681250 0.771875 0.681250 0.773438 0.679688 0.776563 0.679688 0.779687 0.676562 0.781250 0.676562 0.782813 0.675000 0.784375 0.675000 0.790625 0.668750 0.790625 0.667188 0.793750 0.664062 0.793750 0.662500 0.795312 0.660937 0.795312 0.659375 0.796875 0.657813 0.796875 0.654687 0.798438 0.653125 0.798438 0.650000 0.800000 0.648438 0.800000 0.604688 0.798438 0.603125 0.798438 0.551562 0.796875 0.550000 0.796875 0.542188 0.795312 0.540625 0.795312 0.517188 0.793750 0.515625 0.793750 0.506250 0.792188 0.504687 0.792188 0.476562 0.790625 0.475000 0.790625 0.462500 0.789062 0.460938 0.789062 0.404687 0.787500 0.403125 0.787500 0.364063 0.785937 0.362500 0.785937 0.354687 0.784375 0.353125 0.784375 0.337500 0.782813 0.335938 0.782813 0.307812 0.781250 0.306250 0.781250 0.253125 0.779687 0.251563 0.779687 0.231250 0.778125 0.229687 0.778125 0.196875 0.776563 0.195312 0.776563 0.159375 0.775000 0.157812 0.775000 0.154688 0.773438 0.153125 0.773438 0.151562 0.771875 0.150000 0.771875 0.148438 0.770312 0.146875 0.770312 0.145313 0.768750 0.143750 0.768750 0.142187 0.762500 0.135937 0.762500 0.134375 0.756250 0.128125 0.754687 0.128125 0.751563 0.125000 0.750000 0.125000 0.748437 0.123438 0.746875 0.123438 0.745313 0.121875 0.742188 0.121875 0.740625 0.120313 0.734375 0.120313 0.732812 0.118750 0.721875 0.118750 0.720313 0.120313 0.714063 0.120313 0.712500 0.121875 0.700000 0.121875 0.698438 0.120313 0.687500 0.120313 0.685937 0.118750
