2 0.176563 0.346875 0.121875 0.346875 0.121875 0.704688 0.142187 0.712500 0.145313 0.720313 0.198437 0.700000 0.390625 0.584375 0.426563 0.556250 0.426563 0.520312 0.420312 0.518750 0.412500 0.440625 0.396875 0.418750 0.370312 0.406250 0.195312 0.359375 0.184375 0.346875
0 0.376420 0.000000 0.121875 0.000000 0.121875 0.300000 0.254688 0.342187 0.351562 0.364063 0.354687 0.364063 0.384375 0.354687 0.401562 0.339062 0.414062 0.314063 0.420312 0.312500 0.414619 0.225355 0.410441 0.189447 0.398438 0.035937 0.384375 0.000000
7 0.645312 0.653125 0.634375 0.653125 0.634375 0.657813 0.596875 0.693750 0.590625 0.693750 0.590625 0.778125 0.596875 0.778125 0.609375 0.793750 0.642188 0.814063 0.653125 0.846875 0.695312 0.881250 0.698438 0.889062 0.748437 0.889062 0.784375 0.848437 0.809375 0.843750 0.845313 0.821875 0.856250 0.795312 0.857812 0.746875 0.850000 0.725000 0.825000 0.695312 0.800000 0.682813 0.778125 0.678125 0.762500 0.678125 0.739062 0.687500 0.704688 0.659375 0.703125 0.653125 0.667188 0.653125 0.665625 0.659375 0.657813 0.659375 0.656250 0.653125
0 0.170089 0.328125 0.121875 0.328125 0.121875 0.745313 0.154688 0.745313 0.157812 0.737500 0.189062 0.721875 0.239063 0.682813 0.276562 0.665625 0.392188 0.595313 0.418750 0.573438 0.431250 0.546875 0.432812 0.518750 0.425000 0.446875 0.415625 0.420312 0.403125 0.406250 0.389062 0.396875 0.342187 0.381250 0.193750 0.340625 0.179688 0.334375 0.178125 0.328125
1 0.328130 0.017344 0.282714 0.017642 0.227739 0.024213 0.124656 0.040337 0.128125 0.293750 0.203125 0.312500 0.262500 0.334375 0.326562 0.345313 0.343750 0.351562 0.354483 0.353100 0.371875 0.350000 0.395313 0.335938 0.406250 0.312500 0.407813 0.292187 0.407813 0.285938 0.398438 0.201563 0.396875 0.112500 0.382812 0.032813 0.358905 0.022420
0 0.637705 0.610844 0.607620 0.617575 0.574033 0.649886 0.576816 0.746788 0.581250 0.767188 0.582812 0.871875 0.587500 0.920312 0.592187 0.929688 0.618750 0.959375 0.646875 0.970313 0.652700 0.974198 0.695312 0.970313 0.704688 0.968750 0.871875 0.954688 0.876563 0.939063 0.876563 0.893750 0.876563 0.887500 0.876563 0.839063 0.876563 0.718750 0.875234 0.671427 0.820312 0.653125 0.695312 0.623437 0.675000 0.617188
4 0.481250 0.590625 0.453125 0.590625 0.431250 0.615625 0.376563 0.642188 0.321875 0.679688 0.273438 0.687500 0.217188 0.740625 0.170313 0.773438 0.142187 0.801562 0.139063 0.832812 0.135937 0.840625 0.128125 0.843750 0.128125 0.967187 0.134375 0.967187 0.142187 0.978125 0.173437 0.998437 0.321875 0.998437 0.350000 0.984375 0.396875 0.979688 0.410938 0.965625 0.401562 0.957812 0.403125 0.945312 0.393750 0.939063 0.407813 0.929688 0.432812 0.925000 0.490625 0.926562 0.540625 0.914062 0.545312 0.898438 0.551562 0.896875 0.551562 0.814063 0.545312 0.812500 0.534375 0.650000 0.525000 0.629687 0.490625 0.596875 0.490625 0.590625
0 0.494866 0.578125 0.464291 0.576931 0.445312 0.584375 0.430614 0.596678 0.368750 0.635938 0.125281 0.782652 0.123438 0.990625 0.125000 0.998437 0.343750 0.998437 0.379688 0.992188 0.475000 0.992188 0.517188 0.984375 0.546875 0.962500 0.564063 0.923438 0.564063 0.876563 0.556250 0.739062 0.547359 0.629886 0.526563 0.601562 0.511437 0.586805
5 0.598437 0.042188 0.582812 0.043750 0.571875 0.051562 0.565625 0.071875 0.559375 0.073438 0.559375 0.101562 0.570312 0.104688 0.609375 0.146875 0.621875 0.175000 0.621875 0.231250 0.628125 0.248438 0.704688 0.392188 0.742188 0.451562 0.753125 0.451562 0.754687 0.443750 0.821875 0.396875 0.846875 0.368750 0.870313 0.353125 0.870313 0.346875 0.860938 0.342187 0.839063 0.307812 0.832812 0.271875 0.760938 0.203125 0.656250 0.078125 0.606250 0.042188
0 0.814031 0.000000 0.421875 0.000000 0.415625 0.003125 0.419889 0.108648 0.421875 0.120313 0.428125 0.159375 0.445312 0.459375 0.451562 0.496875 0.464062 0.521875 0.489063 0.543750 0.546875 0.564063 0.746875 0.618750 0.825000 0.635938 0.853125 0.637500 0.871875 0.626563 0.876563 0.609375 0.875000 0.306250 0.835938 0.046875 0.821875 0.000000
5 0.491406 0.178125 0.482812 0.178125 0.473438 0.209375 0.465625 0.214062 0.465625 0.454688 0.471875 0.456250 0.485938 0.503125 0.498437 0.520312 0.515625 0.528125 0.548438 0.532813 0.596875 0.556250 0.600000 0.564063 0.617188 0.564063 0.620313 0.554688 0.682813 0.504687 0.689063 0.504687 0.689063 0.496875 0.682813 0.495312 0.662500 0.457813 0.578125 0.271875 0.528125 0.232813 0.509375 0.207813 0.500000 0.178125
