5 0.379167 0.396875 0.337500 0.396875 0.337500 0.403125 0.203125 0.559375 0.146875 0.620313 0.140625 0.620313 0.140625 0.654687 0.146875 0.654687 0.173437 0.675000 0.256250 0.753125 0.318750 0.800000 0.362500 0.840625 0.390625 0.857812 0.421875 0.789062 0.487500 0.690625 0.504687 0.559375 0.496875 0.470313 0.484375 0.432812 0.460938 0.414062 0.446875 0.414062 0.407813 0.431250 0.400000 0.425000 0.387500 0.396875
0 0.557813 0.559375 0.535937 0.589063 0.530444 0.610486 0.527228 0.846706 0.535937 0.879687 0.550000 0.901563 0.622097 0.899242 0.664062 0.893750 0.751563 0.879687 0.776563 0.857812 0.787177 0.838130 0.795312 0.817187 0.785033 0.639434 0.759375 0.621875 0.610938 0.568750
0 0.161653 0.268748 0.135937 0.278125 0.126672 0.281536 0.128125 0.940625 0.152673 0.954283 0.234375 0.951562 0.250000 0.948438 0.364063 0.937500 0.426563 0.926562 0.465625 0.909375 0.489063 0.890625 0.503125 0.857812 0.507812 0.764062 0.510422 0.651461 0.512500 0.564063 0.506250 0.425000 0.495312 0.409375 0.464062 0.385937 0.217188 0.287500 0.204687 0.281250 0.183428 0.271137
4 0.543750 0.057813 0.510938 0.073438 0.467187 0.073438 0.453125 0.082812 0.453125 0.331250 0.485938 0.348438 0.532813 0.343750 0.618750 0.307812 0.659375 0.279687 0.729688 0.251563 0.762500 0.217188 0.756250 0.137500 0.729688 0.115625 0.745313 0.082812 0.745313 0.076563 0.731250 0.060937 0.678125 0.062500 0.637500 0.073438 0.607812 0.073438 0.576562 0.060937 0.554688 0.057813
1 0.585156 0.559375 0.559375 0.559375 0.540625 0.582812 0.534375 0.598437 0.535937 0.673438 0.534375 0.684375 0.528125 0.685937 0.528125 0.854688 0.554688 0.875000 0.557813 0.882812 0.612500 0.882812 0.618750 0.875000 0.737500 0.859375 0.753125 0.848437 0.768750 0.818750 0.765625 0.645312 0.740625 0.621875 0.612500 0.573438 0.595313 0.565625 0.593750 0.559375
0 0.378125 0.003125 0.128125 0.003125 0.128125 0.226562 0.353125 0.312500 0.357812 0.320312 0.385937 0.320312 0.387500 0.314063 0.406250 0.304688 0.420312 0.287500 0.428125 0.265625 0.432812 0.079687 0.420312 0.042188 0.385937 0.003125
7 0.285938 0.040625 0.267188 0.040625 0.264062 0.048438 0.190625 0.060937 0.171875 0.068750 0.156250 0.082812 0.128125 0.090625 0.128125 0.137500 0.135937 0.140625 0.157812 0.171875 0.206250 0.192188 0.251563 0.259375 0.306250 0.282813 0.307812 0.289062 0.318750 0.289062 0.321875 0.281250 0.348438 0.265625 0.354687 0.254688 0.357812 0.231250 0.371875 0.218750 0.387500 0.192188 0.395313 0.189062 0.395313 0.128125 0.337500 0.076563 0.306250 0.060937 0.296875 0.051562 0.295312 0.040625
0 0.485422 0.023517 0.453125 0.056250 0.448439 0.077127 0.446875 0.320312 0.461303 0.339272 0.487500 0.364063 0.513292 0.362859 0.529687 0.356250 0.748437 0.251563 0.814063 0.209375 0.818264 0.140481 0.814063 0.090625 0.793750 0.071875 0.770312 0.056250 0.612500 0.035937
0 0.781055 0.278125 0.753947 0.270459 0.723437 0.285938 0.689063 0.298438 0.629687 0.332813 0.564063 0.360938 0.540625 0.385937 0.535267 0.402583 0.534375 0.504687 0.709375 0.579688 0.731436 0.590555 0.748052 0.595380 0.771875 0.595313 0.792002 0.577689 0.800000 0.554688 0.806250 0.489063 0.809689 0.413305 0.809689 0.312273 0.804864 0.300480 0.797897 0.292439
2 0.750625 0.290625 0.715625 0.290625 0.712500 0.298438 0.560937 0.371875 0.534375 0.393750 0.534375 0.495312 0.568750 0.517188 0.629687 0.542188 0.717187 0.573438 0.729688 0.575000 0.740625 0.570312 0.756250 0.553125 0.762500 0.531250 0.768750 0.321875 0.759375 0.290625
