7 0.327455 0.053125 0.276562 0.053125 0.273438 0.060937 0.235937 0.081250 0.214062 0.106250 0.209375 0.106250 0.209375 0.160938 0.214062 0.160938 0.232813 0.184375 0.264062 0.195312 0.310937 0.228125 0.378125 0.251563 0.409375 0.268750 0.410938 0.276562 0.445312 0.276562 0.460938 0.257812 0.470313 0.210938 0.476562 0.209375 0.476562 0.126562 0.471875 0.126562 0.442188 0.095312 0.407813 0.081250 0.365625 0.078125 0.339062 0.060937 0.335938 0.053125
1 0.839583 0.253125 0.795312 0.253125 0.790625 0.262500 0.765625 0.276562 0.718750 0.287500 0.609375 0.342187 0.593750 0.364063 0.590625 0.381250 0.584375 0.382812 0.584375 0.456250 0.615625 0.482812 0.800000 0.565625 0.829688 0.570312 0.848437 0.562500 0.867188 0.537500 0.868750 0.429688 0.870313 0.415625 0.876563 0.414062 0.876563 0.384375 0.870313 0.382812 0.867188 0.365625 0.867188 0.290625 0.848437 0.253125
0 0.840395 0.236691 0.787500 0.248438 0.760938 0.262500 0.634375 0.315625 0.603125 0.334375 0.584375 0.357812 0.584375 0.465625 0.623437 0.493750 0.720313 0.532813 0.807813 0.575000 0.842187 0.579688 0.859375 0.571875 0.881250 0.545312 0.887500 0.521875 0.889062 0.478125 0.889062 0.350000 0.886883 0.269511 0.856250 0.246875
0 0.442131 0.003125 0.229687 0.003125 0.207813 0.037500 0.203125 0.060937 0.195692 0.150222 0.203125 0.176563 0.239063 0.203125 0.385937 0.267188 0.418750 0.276562 0.440625 0.276562 0.465625 0.265625 0.482812 0.237500 0.489063 0.176563 0.489063 0.053125 0.478125 0.032813 0.450000 0.007812
0 0.542188 0.021875 0.517188 0.051562 0.509375 0.070312 0.509992 0.288497 0.539062 0.318750 0.563042 0.326241 0.582812 0.318750 0.843750 0.207813 0.865625 0.195312 0.877512 0.180931 0.889062 0.171875 0.889062 0.067187 0.862500 0.051562 0.803125 0.034375 0.668750 0.029687
1 0.645625 0.528125 0.609375 0.528125 0.609375 0.534375 0.590625 0.551562 0.582812 0.568750 0.578125 0.634375 0.571875 0.635938 0.571875 0.851562 0.579688 0.854688 0.596875 0.878125 0.621875 0.887500 0.684375 0.881250 0.739062 0.887500 0.745313 0.889062 0.746875 0.895312 0.826562 0.895312 0.826562 0.890625 0.850000 0.871875 0.856250 0.850000 0.862500 0.690625 0.859375 0.648438 0.837500 0.621875 0.692187 0.559375 0.662500 0.542188 0.654687 0.528125
4 0.596205 0.034375 0.545312 0.034375 0.545312 0.040625 0.526563 0.056250 0.517188 0.078125 0.515625 0.101562 0.509375 0.103125 0.515625 0.104688 0.515625 0.109375 0.509375 0.110937 0.509375 0.290625 0.537500 0.314063 0.537500 0.320312 0.578125 0.320312 0.581250 0.312500 0.670312 0.273438 0.831250 0.209375 0.859375 0.187500 0.865625 0.151562 0.868750 0.143750 0.876563 0.140625 0.876563 0.120313 0.870313 0.118750 0.842187 0.067187 0.828125 0.056250 0.753125 0.048438 0.671875 0.048438 0.606250 0.040625 0.604688 0.034375
0 0.600000 0.531250 0.589063 0.540625 0.576562 0.565625 0.571875 0.610938 0.570312 0.871875 0.584375 0.893750 0.603125 0.907813 0.664062 0.920312 0.711631 0.926433 0.737500 0.926562 0.842187 0.926562 0.875000 0.889062 0.885938 0.862500 0.889062 0.834375 0.889062 0.656250 0.871875 0.628125 0.848437 0.609375 0.700000 0.546875 0.668750 0.531250 0.629217 0.524413
5 0.404017 0.465625 0.353125 0.465625 0.353125 0.568750 0.360938 0.573438 0.395313 0.778125 0.396875 0.842187 0.406250 0.850000 0.432812 0.857812 0.434375 0.864062 0.467187 0.864062 0.498437 0.760938 0.531250 0.687500 0.539062 0.684375 0.539062 0.654687 0.503125 0.634375 0.493750 0.623437 0.495312 0.610938 0.520312 0.557813 0.517188 0.545312 0.468750 0.512500 0.414062 0.490625 0.407813 0.482812 0.412500 0.465625
0 0.269531 0.234375 0.209375 0.234375 0.184375 0.282813 0.170313 0.504687 0.142187 0.720313 0.134375 0.875000 0.145322 0.887894 0.487344 0.906919 0.509375 0.903125 0.529687 0.878125 0.540625 0.848437 0.551562 0.646875 0.556727 0.558252 0.564063 0.381250 0.547352 0.358300 0.520312 0.340625 0.290625 0.246875 0.281250 0.242188
