0 0.658483 0.653125 0.606250 0.653125 0.606250 0.657813 0.565625 0.693750 0.565625 0.937500 0.573438 0.940625 0.581250 0.957812 0.607812 0.984375 0.610938 0.998437 0.876563 0.998437 0.876563 0.728125 0.675000 0.662500 0.667188 0.653125
0 0.374261 0.013055 0.160558 0.013739 0.140695 0.024008 0.121875 0.039062 0.121875 0.292187 0.167187 0.315625 0.346875 0.381250 0.387959 0.387981 0.401562 0.381250 0.429688 0.359375 0.439063 0.334375 0.439063 0.265625 0.439063 0.190625 0.439063 0.173437 0.437500 0.157812 0.440700 0.078514 0.431111 0.038809 0.416042 0.027856 0.403028 0.016477
0 0.481386 0.604302 0.425000 0.615625 0.414261 0.630316 0.375000 0.645312 0.340625 0.668750 0.310937 0.679688 0.121875 0.781250 0.121875 0.975000 0.135937 0.982812 0.143750 0.998437 0.245312 0.998437 0.275000 0.998437 0.521875 0.998437 0.545312 0.957812 0.551562 0.956250 0.551562 0.759375 0.546455 0.709041 0.547825 0.669336 0.537552 0.633739 0.510938 0.615625
3 0.628239 0.665670 0.614541 0.669778 0.607691 0.681416 0.600156 0.686208 0.572759 0.704691 0.576184 0.833389 0.580978 0.892947 0.585087 0.951819 0.637144 0.965511 0.729611 0.964142 0.771392 0.964827 0.809064 0.964827 0.843311 0.962772 0.865914 0.957980 0.878244 0.957295 0.876873 0.747134 0.750844 0.702638 0.720706 0.692369 0.676186 0.678678 0.654952 0.675939 0.640569 0.667039
4 0.500000 0.621875 0.429688 0.621875 0.426563 0.629687 0.389062 0.656250 0.232813 0.720313 0.164062 0.771875 0.128125 0.787500 0.128125 0.965625 0.148438 0.981250 0.175000 0.985938 0.201563 0.975000 0.214062 0.984375 0.215625 0.998437 0.240625 0.998437 0.245312 0.984375 0.260937 0.976562 0.306250 0.982812 0.345313 0.978125 0.354687 0.965625 0.353125 0.956250 0.359375 0.946875 0.384375 0.959375 0.387500 0.945312 0.400000 0.926562 0.492188 0.928125 0.528125 0.925000 0.545312 0.918750 0.545312 0.868750 0.539062 0.867188 0.534375 0.851562 0.535937 0.834375 0.545312 0.828125 0.545312 0.803125 0.537500 0.798438 0.525000 0.707812 0.528125 0.662500 0.523438 0.645312 0.507812 0.621875
6 0.185938 0.028125 0.176563 0.028125 0.175000 0.035937 0.143750 0.059375 0.141653 0.074417 0.136175 0.092902 0.128125 0.287500 0.165625 0.309375 0.239063 0.329688 0.357812 0.379688 0.382812 0.381250 0.400000 0.376563 0.423438 0.354687 0.431250 0.335938 0.432812 0.314063 0.439063 0.312500 0.439063 0.281250 0.432812 0.279687 0.429688 0.240625 0.431250 0.131250 0.421875 0.064062 0.403125 0.045312 0.346875 0.042188 0.318750 0.035937 0.314063 0.028125 0.275000 0.028125 0.270313 0.035937 0.248438 0.039062 0.200000 0.035937 0.195312 0.028125
0 0.206094 0.340625 0.134375 0.340625 0.129688 0.356250 0.121875 0.357812 0.121875 0.745313 0.156250 0.745313 0.159375 0.737500 0.196875 0.720313 0.273438 0.673438 0.390625 0.617188 0.417187 0.595313 0.435937 0.562500 0.435937 0.481250 0.421875 0.445312 0.396875 0.423438 0.229687 0.354687 0.217188 0.348438 0.214062 0.340625
0 0.806325 0.014011 0.496730 0.014695 0.481661 0.027017 0.459375 0.046875 0.459375 0.518750 0.474127 0.555256 0.490625 0.564063 0.534375 0.587500 0.692187 0.640625 0.817187 0.689063 0.853125 0.695312 0.862500 0.692187 0.870313 0.679688 0.876563 0.679688 0.876563 0.242188 0.867969 0.222803 0.864062 0.145313 0.853125 0.060937 0.848106 0.038655 0.824817 0.024964
5 0.685937 0.171875 0.665625 0.200000 0.660937 0.217188 0.634375 0.550000 0.631250 0.559375 0.615625 0.571875 0.578125 0.568750 0.578125 0.584375 0.646875 0.610938 0.665625 0.607812 0.684375 0.590625 0.696875 0.571875 0.746875 0.523438 0.775000 0.489063 0.825000 0.440625 0.842187 0.429688 0.845313 0.421875 0.840625 0.415625 0.825000 0.407813 0.810937 0.389062 0.850000 0.343750 0.857812 0.340625 0.743750 0.231250 0.692187 0.171875
7 0.359245 0.440625 0.271875 0.440625 0.268750 0.448437 0.223438 0.473438 0.201563 0.504687 0.171875 0.510938 0.171875 0.617188 0.201563 0.617188 0.237500 0.600000 0.267188 0.623437 0.287500 0.632812 0.289062 0.639062 0.317188 0.639062 0.318750 0.632812 0.371875 0.610938 0.392188 0.595313 0.420312 0.553125 0.426563 0.506250 0.415625 0.478125 0.401562 0.464062 0.370312 0.448437 0.367188 0.440625
5 0.573438 0.053125 0.565625 0.053125 0.512500 0.137500 0.492188 0.181250 0.484375 0.184375 0.484375 0.410938 0.490625 0.412500 0.509375 0.459375 0.520312 0.510938 0.551562 0.535937 0.546875 0.551562 0.573438 0.551562 0.581250 0.445312 0.610938 0.248438 0.612500 0.200000 0.593750 0.145313 0.596875 0.079687 0.581250 0.059375 0.581250 0.053125
