1 0.615625 0.348438 0.612500 0.379688 0.632812 0.406250 0.646875 0.410938 0.895312 0.404687 0.917188 0.379688 0.907813 0.346875 0.920312 0.271875 0.906250 0.209375 0.879687 0.181250 0.850000 0.173437 0.693750 0.175000 0.678125 0.189062 0.664062 0.218750
1 0.345313 0.181250 0.335938 0.195312 0.342187 0.232813 0.389062 0.335938 0.425000 0.395313 0.445312 0.410938 0.512500 0.412500 0.542188 0.404687 0.553125 0.392188 0.609375 0.253125 0.623437 0.215625 0.623437 0.189062 0.612500 0.178125 0.581250 0.167187 0.500000 0.164062 0.467187 0.168750 0.459375 0.160938 0.357812 0.173437
4 0.109375 0.257812 0.112500 0.339062 0.107813 0.414062 0.115625 0.459375 0.134375 0.496875 0.160938 0.507812 0.339062 0.506250 0.373437 0.498437 0.393750 0.484375 0.403125 0.454688 0.400000 0.425000 0.387500 0.406250 0.368750 0.351562 0.335938 0.304688 0.301563 0.240625 0.282813 0.189062 0.260937 0.159375 0.240625 0.153125 0.171875 0.165625 0.146875 0.160938 0.126562 0.178125 0.112500 0.203125
7 0.135937 0.618750 0.134375 0.673438 0.165625 0.750000 0.198437 0.770312 0.220312 0.776563 0.298438 0.776563 0.328125 0.692187 0.328125 0.676562 0.320312 0.673438 0.315625 0.657813 0.325000 0.642188 0.342187 0.643750 0.350000 0.637500 0.362500 0.609375 0.365625 0.568750 0.351562 0.550000 0.339062 0.543750 0.298438 0.565625 0.275000 0.557813 0.198437 0.556250 0.157812 0.582812
5 0.428125 0.568750 0.423438 0.654687 0.442188 0.645312 0.585938 0.635938 0.607812 0.490625 0.593750 0.481250 0.563542 0.485938 0.453125 0.482812 0.445312 0.493750
5 0.407813 0.707812 0.400000 0.757812 0.410938 0.768750 0.439063 0.778125 0.526563 0.784375 0.560937 0.768750 0.575000 0.696875 0.455730 0.704688 0.437500 0.703125 0.415625 0.687500
5 0.595313 0.598437 0.593750 0.634375 0.729688 0.631250 0.739062 0.500000 0.732812 0.495312 0.673438 0.495312 0.612500 0.504687
5 0.570312 0.743750 0.570312 0.768750 0.595313 0.773438 0.607812 0.787500 0.654687 0.781250 0.718750 0.787500 0.729688 0.776563 0.734375 0.757812 0.731250 0.685937 0.720313 0.681250 0.585938 0.695312 0.578125 0.701562
5 0.739062 0.514062 0.735938 0.621875 0.740625 0.628125 0.778125 0.625000 0.803125 0.606250 0.839063 0.595313 0.871875 0.593750 0.921875 0.603125 0.929688 0.503125 0.929688 0.485938 0.923438 0.481250 0.757812 0.482812 0.743750 0.493750
5 0.737500 0.685937 0.735938 0.757812 0.743750 0.764062 0.904687 0.779687 0.920312 0.762500 0.914062 0.689063 0.828125 0.700000 0.782813 0.679688
0 0.892188 0.132812 0.890625 0.134375 0.785937 0.134375 0.784375 0.135937 0.707812 0.135937 0.706250 0.137500 0.704688 0.137500 0.703125 0.139063 0.701562 0.139063 0.698438 0.142187 0.696875 0.142187 0.685937 0.153125 0.685937 0.154688 0.679688 0.160938 0.679688 0.162500 0.676562 0.165625 0.676562 0.167187 0.675000 0.168750 0.675000 0.170313 0.673438 0.171875 0.673438 0.173437 0.671875 0.175000 0.671875 0.178125 0.670312 0.179688 0.670312 0.181250 0.668750 0.182812 0.668750 0.184375 0.667188 0.185938 0.667188 0.187500 0.665625 0.189062 0.665625 0.192188 0.664062 0.193750 0.664062 0.200000 0.662500 0.201563 0.662500 0.203125 0.660937 0.204687 0.660937 0.206250 0.659375 0.207813 0.659375 0.209375 0.657813 0.210938 0.657813 0.212500 0.656250 0.214062 0.656250 0.215625 0.654687 0.217188 0.654687 0.220312 0.653125 0.221875 0.653125 0.226562 0.651563 0.228125 0.651563 0.232813 0.650000 0.234375 0.650000 0.237500 0.648438 0.239063 0.648438 0.242188 0.646875 0.243750 0.646875 0.245312 0.645312 0.246875 0.645312 0.248438 0.643750 0.250000 0.643750 0.253125 0.642188 0.254688 0.642188 0.259375 0.640625 0.260937 0.640625 0.264062 0.639062 0.265625 0.639062 0.268750 0.637500 0.270313 0.637500 0.273438 0.635938 0.275000 0.635938 0.276562 0.634375 0.278125 0.634375 0.279687 0.632812 0.281250 0.632812 0.282813 0.631250 0.284375 0.631250 0.285938 0.629687 0.287500 0.629687 0.293750 0.628125 0.295312 0.628125 0.296875 0.626563 0.298438 0.626563 0.301563 0.625000 0.303125 0.625000 0.306250 0.623437 0.307812 0.623437 0.309375 0.621875 0.310937 0.621875 0.312500 0.620313 0.314063 0.620313 0.315625 0.618750 0.317188 0.618750 0.318750 0.617188 0.320312 0.617188 0.321875 0.615625 0.323437 0.615625 0.326562 0.614062 0.328125 0.614062 0.332813 0.612500 0.334375 0.612500 0.342187 0.610938 0.343750 0.610938 0.345313 0.609375 0.346875 0.609375 0.350000 0.607812 0.351562 0.607812 0.375000 0.609375 0.376563 0.609375 0.381250 0.610938 0.382812 0.610938 0.384375 0.612500 0.385937 0.612500 0.387500 0.614062 0.389062 0.614062 0.390625 0.623437 0.400000 0.625000 0.400000 0.626563 0.401562 0.628125 0.401562 0.629687 0.403125 0.631250 0.403125 0.632812 0.404687 0.634375 0.404687 0.635938 0.406250 0.637500 0.406250 0.640625 0.409375 0.643750 0.409375 0.645312 0.410938 0.653125 0.410938 0.654687 0.412500 0.689063 0.412500 0.690625 0.414062 0.714063 0.414062 0.715625 0.412500 0.748437 0.412500 0.750000 0.414062 0.781250 0.414062 0.782813 0.412500 0.818750 0.412500 0.820312 0.414062 0.853125 0.414062 0.854688 0.412500 0.876563 0.412500 0.878125 0.414062 0.896875 0.414062 0.898438 0.412500 0.925000 0.412500 0.926562 0.410938 0.931250 0.410938 0.932813 0.409375 0.934375 0.409375 0.935937 0.407813 0.937500 0.407813 0.940625 0.404687 0.942187 0.404687 0.945312 0.401562 0.946875 0.401562 0.951562 0.396875 0.951562 0.395313 0.956250 0.390625 0.956250 0.389062 0.957812 0.387500 0.957812 0.385937 0.959375 0.384375 0.959375 0.381250 0.960938 0.379688 0.960938 0.375000 0.962500 0.373437 0.962500 0.370312 0.964063 0.368750 0.964063 0.318750 0.962500 0.317188 0.962500 0.290625 0.960938 0.289062 0.960938 0.253125 0.959375 0.251563 0.959375 0.235937 0.957812 0.234375 0.957812 0.226562 0.956250 0.225000 0.956250 0.217188 0.954688 0.215625 0.954688 0.195312 0.953125 0.193750 0.953125 0.189062 0.951562 0.187500 0.951562 0.179688 0.950000 0.178125 0.950000 0.175000 0.948438 0.173437 0.948438 0.168750 0.946875 0.167187 0.946875 0.164062 0.945312 0.162500 0.945312 0.160938 0.939063 0.154688 0.939063 0.153125 0.937500 0.151562 0.937500 0.150000 0.931250 0.143750 0.929688 0.143750 0.928125 0.142187 0.926562 0.142187 0.923438 0.139063 0.921875 0.139063 0.920312 0.137500 0.917188 0.137500 0.915625 0.135937 0.914062 0.135937 0.912500 0.134375 0.910937 0.134375 0.909375 0.132812
0 0.367188 0.135937 0.365625 0.137500 0.359375 0.137500 0.357812 0.139063 0.356250 0.139063 0.354687 0.140625 0.353125 0.140625 0.351562 0.142187 0.350000 0.142187 0.348438 0.143750 0.346875 0.143750 0.345313 0.145313 0.343750 0.145313 0.342187 0.146875 0.340625 0.146875 0.339062 0.148438 0.337500 0.148438 0.331250 0.154688 0.331250 0.156250 0.328125 0.159375 0.328125 0.160938 0.325000 0.164062 0.325000 0.165625 0.321875 0.168750 0.321875 0.170313 0.320312 0.171875 0.320312 0.175000 0.318750 0.176563 0.318750 0.193750 0.320312 0.195312 0.320312 0.200000 0.321875 0.201563 0.321875 0.206250 0.323437 0.207813 0.323437 0.212500 0.325000 0.214062 0.325000 0.220312 0.326562 0.221875 0.326562 0.228125 0.328125 0.229687 0.328125 0.232813 0.331250 0.235937 0.331250 0.237500 0.335938 0.242188 0.335938 0.243750 0.337500 0.245312 0.337500 0.246875 0.339062 0.248438 0.339062 0.250000 0.343750 0.254688 0.343750 0.256250 0.345313 0.257812 0.345313 0.262500 0.346875 0.264062 0.346875 0.267188 0.348438 0.268750 0.348438 0.271875 0.350000 0.273438 0.350000 0.275000 0.353125 0.278125 0.353125 0.279687 0.354687 0.281250 0.354687 0.282813 0.356250 0.284375 0.356250 0.287500 0.357812 0.289062 0.357812 0.290625 0.359375 0.292187 0.359375 0.293750 0.360938 0.295312 0.360938 0.298438 0.362500 0.300000 0.362500 0.301563 0.364063 0.303125 0.364063 0.304688 0.365625 0.306250 0.365625 0.307812 0.370312 0.312500 0.370312 0.314063 0.371875 0.315625 0.371875 0.318750 0.373437 0.320312 0.373437 0.321875 0.375000 0.323437 0.375000 0.326562 0.376563 0.328125 0.376563 0.329688 0.378125 0.331250 0.378125 0.332813 0.379688 0.334375 0.379688 0.335938 0.381250 0.337500 0.381250 0.339062 0.385937 0.343750 0.385937 0.345313 0.387500 0.346875 0.387500 0.348438 0.389062 0.350000 0.389062 0.351562 0.390625 0.353125 0.390625 0.354687 0.392188 0.356250 0.392188 0.357812 0.395313 0.360938 0.395313 0.362500 0.398438 0.365625 0.398438 0.367188 0.400000 0.368750 0.400000 0.370312 0.401562 0.371875 0.401562 0.373437 0.403125 0.375000 0.403125 0.376563 0.404687 0.378125 0.404687 0.379688 0.406250 0.381250 0.406250 0.382812 0.407813 0.384375 0.407813 0.385937 0.410938 0.389062 0.410938 0.390625 0.428125 0.407813 0.429688 0.407813 0.431250 0.409375 0.432812 0.409375 0.435937 0.412500 0.439063 0.412500 0.440625 0.414062 0.442188 0.414062 0.443750 0.415625 0.445312 0.415625 0.446875 0.417187 0.451562 0.417187 0.453125 0.418750 0.471875 0.418750 0.473438 0.417187 0.517188 0.417187 0.518750 0.415625 0.535937 0.415625 0.537500 0.414062 0.539062 0.414062 0.540625 0.412500 0.545312 0.412500 0.546875 0.410938 0.548438 0.410938 0.550000 0.409375 0.551562 0.409375 0.554688 0.406250 0.556250 0.406250 0.560937 0.401562 0.560937 0.400000 0.564063 0.396875 0.564063 0.395313 0.567187 0.392188 0.567187 0.390625 0.568750 0.389062 0.568750 0.387500 0.570312 0.385937 0.570312 0.384375 0.571875 0.382812 0.571875 0.381250 0.573438 0.379688 0.573438 0.378125 0.575000 0.376563 0.575000 0.375000 0.576562 0.373437 0.576562 0.370312 0.578125 0.368750 0.578125 0.367188 0.579688 0.365625 0.579688 0.364063 0.581250 0.362500 0.581250 0.359375 0.582812 0.357812 0.582812 0.351562 0.584375 0.350000 0.584375 0.345313 0.585938 0.343750 0.585938 0.340625 0.587500 0.339062 0.587500 0.337500 0.589063 0.335938 0.589063 0.332813 0.590625 0.331250 0.590625 0.328125 0.592187 0.326562 0.592187 0.323437 0.593750 0.321875 0.593750 0.317188 0.595313 0.315625 0.595313 0.314063 0.596875 0.312500 0.596875 0.309375 0.598437 0.307812 0.598437 0.306250 0.601562 0.303125 0.601562 0.301563 0.603125 0.300000 0.603125 0.298438 0.604688 0.296875 0.604688 0.295312 0.606250 0.293750 0.606250 0.292187 0.607812 0.290625 0.607812 0.287500 0.609375 0.285938 0.609375 0.284375 0.610938 0.282813 0.610938 0.279687 0.612500 0.278125 0.612500 0.276562 0.614062 0.275000 0.614062 0.271875 0.615625 0.270313 0.615625 0.267188 0.617188 0.265625 0.617188 0.264062 0.618750 0.262500 0.618750 0.259375 0.620313 0.257812 0.620313 0.254688 0.621875 0.253125 0.621875 0.250000 0.623437 0.248438 0.623437 0.245312 0.625000 0.243750 0.625000 0.240625 0.626563 0.239063 0.626563 0.237500 0.629687 0.234375 0.629687 0.231250 0.631250 0.229687 0.631250 0.228125 0.634375 0.225000 0.634375 0.223438 0.637500 0.220312 0.637500 0.218750 0.639062 0.217188 0.639062 0.214062 0.640625 0.212500 0.640625 0.210938 0.642188 0.209375 0.642188 0.206250 0.643750 0.204687 0.643750 0.171875 0.642188 0.170313 0.642188 0.167187 0.639062 0.164062 0.639062 0.162500 0.621875 0.145313 0.620313 0.145313 0.618750 0.143750 0.617188 0.143750 0.615625 0.142187 0.612500 0.142187 0.610938 0.140625 0.606250 0.140625 0.604688 0.139063 0.600000 0.139063 0.598437 0.137500 0.593750 0.137500 0.592187 0.135937 0.579688 0.135937 0.578125 0.137500 0.457813 0.137500 0.456250 0.135937 0.400000 0.135937 0.398438 0.137500 0.385937 0.137500 0.384375 0.135937
0 0.200000 0.135937 0.198437 0.137500 0.167187 0.137500 0.165625 0.139063 0.153125 0.139063 0.151562 0.140625 0.148438 0.140625 0.146875 0.142187 0.145313 0.142187 0.143750 0.143750 0.142187 0.143750 0.140625 0.145313 0.139063 0.145313 0.123438 0.160938 0.123438 0.162500 0.120313 0.165625 0.120313 0.167187 0.118750 0.168750 0.118750 0.170313 0.115625 0.173437 0.115625 0.175000 0.114062 0.176563 0.114062 0.178125 0.112500 0.179688 0.112500 0.181250 0.110937 0.182812 0.110937 0.187500 0.109375 0.189062 0.109375 0.245312 0.107813 0.246875 0.107813 0.254688 0.106250 0.256250 0.106250 0.279687 0.104688 0.281250 0.104688 0.306250 0.103125 0.307812 0.103125 0.334375 0.101562 0.335938 0.101562 0.368750 0.103125 0.370312 0.101562 0.371875 0.101562 0.379688 0.100000 0.381250 0.100000 0.471875 0.101562 0.473438 0.101562 0.489063 0.112500 0.500000 0.114062 0.500000 0.117188 0.503125 0.121875 0.503125 0.123438 0.504687 0.126562 0.504687 0.128125 0.506250 0.129688 0.506250 0.131250 0.507812 0.132812 0.507812 0.134375 0.509375 0.135937 0.509375 0.137500 0.507812 0.160938 0.507812 0.162500 0.509375 0.164062 0.509375 0.165625 0.510938 0.167187 0.509375 0.173437 0.509375 0.175000 0.507812 0.176563 0.507812 0.178125 0.509375 0.189062 0.509375 0.190625 0.510938 0.201563 0.510938 0.203125 0.509375 0.210938 0.509375 0.212500 0.507812 0.214062 0.509375 0.229687 0.509375 0.231250 0.507812 0.260937 0.507812 0.262500 0.509375 0.281250 0.509375 0.282813 0.507812 0.370312 0.507812 0.371875 0.506250 0.379688 0.506250 0.381250 0.504687 0.384375 0.504687 0.387500 0.501563 0.390625 0.501563 0.395313 0.496875 0.396875 0.496875 0.403125 0.490625 0.403125 0.489063 0.404687 0.487500 0.404687 0.485938 0.407813 0.482812 0.407813 0.481250 0.409375 0.479687 0.409375 0.476562 0.410938 0.475000 0.410938 0.468750 0.412500 0.467187 0.412500 0.454688 0.414062 0.453125 0.414062 0.437500 0.412500 0.435937 0.412500 0.431250 0.410938 0.429688 0.410938 0.426563 0.409375 0.425000 0.409375 0.421875 0.407813 0.420312 0.407813 0.418750 0.406250 0.417187 0.406250 0.415625 0.404687 0.414062 0.404687 0.412500 0.403125 0.410938 0.403125 0.406250 0.401562 0.404687 0.401562 0.403125 0.400000 0.401562 0.400000 0.400000 0.398438 0.398438 0.398438 0.396875 0.395313 0.393750 0.395313 0.392188 0.392188 0.389062 0.392188 0.387500 0.390625 0.385937 0.390625 0.384375 0.389062 0.382812 0.389062 0.379688 0.387500 0.378125 0.387500 0.375000 0.384375 0.371875 0.384375 0.368750 0.382812 0.367188 0.382812 0.365625 0.381250 0.364063 0.381250 0.362500 0.371875 0.353125 0.371875 0.351562 0.370312 0.350000 0.370312 0.348438 0.367188 0.345313 0.367188 0.343750 0.364063 0.340625 0.364063 0.339062 0.362500 0.337500 0.362500 0.335938 0.360938 0.334375 0.360938 0.332813 0.359375 0.331250 0.359375 0.329688 0.356250 0.326562 0.356250 0.325000 0.354687 0.323437 0.354687 0.320312 0.353125 0.318750 0.353125 0.317188 0.351562 0.315625 0.351562 0.314063 0.346875 0.309375 0.346875 0.307812 0.343750 0.304688 0.343750 0.303125 0.342187 0.301563 0.342187 0.300000 0.340625 0.298438 0.340625 0.296875 0.339062 0.295312 0.339062 0.292187 0.337500 0.290625 0.337500 0.287500 0.335938 0.285938 0.335938 0.284375 0.334375 0.282813 0.334375 0.281250 0.332813 0.279687 0.332813 0.278125 0.331250 0.276562 0.331250 0.273438 0.329688 0.271875 0.329688 0.268750 0.328125 0.267188 0.328125 0.264062 0.326562 0.262500 0.326562 0.260937 0.325000 0.259375 0.325000 0.256250 0.323437 0.254688 0.323437 0.253125 0.321875 0.251563 0.321875 0.250000 0.318750 0.246875 0.318750 0.245312 0.315625 0.242188 0.315625 0.240625 0.312500 0.237500 0.312500 0.235937 0.310937 0.234375 0.310937 0.232813 0.309375 0.231250 0.309375 0.229687 0.307812 0.228125 0.307812 0.226562 0.306250 0.225000 0.306250 0.223438 0.304688 0.221875 0.304688 0.218750 0.303125 0.217188 0.303125 0.214062 0.298438 0.209375 0.298438 0.207813 0.295312 0.204687 0.295312 0.203125 0.293750 0.201563 0.293750 0.198437 0.292187 0.196875 0.292187 0.193750 0.290625 0.192188 0.290625 0.187500 0.289062 0.185938 0.289062 0.184375 0.287500 0.182812 0.287500 0.181250 0.285938 0.179688 0.285938 0.178125 0.284375 0.176563 0.284375 0.175000 0.279687 0.170313 0.279687 0.168750 0.278125 0.167187 0.278125 0.165625 0.276562 0.164062 0.276562 0.162500 0.271875 0.157812 0.271875 0.156250 0.270313 0.154688 0.270313 0.151562 0.267188 0.148438 0.267188 0.146875 0.262500 0.142187 0.260937 0.142187 0.259375 0.140625 0.257812 0.140625 0.256250 0.139063 0.254688 0.139063 0.253125 0.137500 0.226562 0.137500 0.225000 0.135937
0 0.189062 0.521875 0.187500 0.523438 0.165625 0.523438 0.164062 0.525000 0.143750 0.525000 0.142187 0.526563 0.140625 0.526563 0.139063 0.528125 0.135937 0.528125 0.134375 0.529687 0.131250 0.529687 0.129688 0.531250 0.128125 0.531250 0.126562 0.532813 0.125000 0.532813 0.121875 0.535937 0.120313 0.535937 0.114062 0.542188 0.114062 0.543750 0.104688 0.553125 0.104688 0.554688 0.101562 0.557813 0.101562 0.560937 0.100000 0.562500 0.100000 0.564063 0.098437 0.565625 0.098437 0.570312 0.096875 0.571875 0.096875 0.576562 0.095312 0.578125 0.095312 0.595313 0.093750 0.596875 0.093750 0.651563 0.092188 0.653125 0.092188 0.687500 0.090625 0.689063 0.090625 0.748437 0.089063 0.750000 0.089063 0.765625 0.090625 0.767188 0.090625 0.770312 0.092188 0.771875 0.092188 0.775000 0.093750 0.776563 0.093750 0.778125 0.095312 0.779687 0.095312 0.781250 0.098437 0.784375 0.098437 0.785937 0.100000 0.787500 0.101562 0.787500 0.106250 0.792188 0.107813 0.792188 0.110937 0.795312 0.114062 0.795312 0.115625 0.796875 0.118750 0.796875 0.120313 0.798438 0.126562 0.798438 0.128125 0.800000 0.151562 0.800000 0.153125 0.801562 0.195312 0.801562 0.196875 0.803125 0.203125 0.803125 0.204687 0.804688 0.220312 0.804688 0.221875 0.806250 0.257812 0.806250 0.259375 0.807813 0.268750 0.807813 0.270313 0.809375 0.276562 0.809375 0.278125 0.807813 0.287500 0.807813 0.289062 0.806250 0.292187 0.806250 0.293750 0.804688 0.296875 0.804688 0.300000 0.801562 0.301563 0.801562 0.309375 0.793750 0.309375 0.792188 0.312500 0.789062 0.312500 0.787500 0.314063 0.785937 0.314063 0.784375 0.315625 0.782813 0.315625 0.779687 0.317188 0.778125 0.317188 0.773438 0.318750 0.771875 0.318750 0.768750 0.320312 0.767188 0.320312 0.756250 0.321875 0.754687 0.321875 0.751563 0.323437 0.750000 0.323437 0.745313 0.325000 0.743750 0.325000 0.735938 0.326562 0.734375 0.326562 0.729688 0.328125 0.728125 0.328125 0.725000 0.329688 0.723437 0.329688 0.718750 0.331250 0.717187 0.331250 0.714063 0.332813 0.712500 0.332813 0.710938 0.334375 0.709375 0.334375 0.704688 0.335938 0.703125 0.335938 0.700000 0.337500 0.698438 0.337500 0.693750 0.339062 0.692187 0.339062 0.690625 0.340625 0.689063 0.340625 0.684375 0.342187 0.682813 0.342187 0.681250 0.343750 0.679688 0.343750 0.678125 0.345313 0.676562 0.345313 0.673438 0.346875 0.671875 0.346875 0.668750 0.348438 0.667188 0.348438 0.665625 0.350000 0.664062 0.350000 0.659375 0.351562 0.657813 0.351562 0.656250 0.353125 0.654687 0.353125 0.653125 0.354687 0.651563 0.354687 0.648438 0.356250 0.646875 0.356250 0.645312 0.357812 0.643750 0.357812 0.639062 0.359375 0.637500 0.359375 0.635938 0.360938 0.634375 0.360938 0.628125 0.362500 0.626563 0.362500 0.625000 0.364063 0.623437 0.364063 0.620313 0.365625 0.618750 0.365625 0.615625 0.367188 0.614062 0.367188 0.612500 0.368750 0.610938 0.368750 0.607812 0.370312 0.606250 0.370312 0.601562 0.371875 0.600000 0.371875 0.595313 0.373437 0.593750 0.373437 0.587500 0.375000 0.585938 0.375000 0.571875 0.373437 0.570312 0.373437 0.565625 0.371875 0.564063 0.371875 0.562500 0.370312 0.560937 0.370312 0.559375 0.367188 0.556250 0.367188 0.554688 0.362500 0.550000 0.362500 0.548438 0.353125 0.539062 0.351562 0.539062 0.350000 0.537500 0.348438 0.537500 0.345313 0.534375 0.343750 0.534375 0.342187 0.532813 0.340625 0.532813 0.337500 0.529687 0.335938 0.529687 0.334375 0.528125 0.332813 0.528125 0.331250 0.526563 0.329688 0.526563 0.328125 0.525000 0.303125 0.525000 0.301563 0.523438 0.262500 0.523438 0.260937 0.521875 0.253125 0.521875 0.251563 0.523438 0.239063 0.523438 0.237500 0.521875 0.218750 0.521875 0.217188 0.523438 0.204687 0.523438 0.203125 0.521875
0 0.712500 0.432812 0.710938 0.434375 0.604688 0.434375 0.603125 0.435937 0.550000 0.435937 0.548438 0.437500 0.542188 0.437500 0.540625 0.435937 0.507812 0.435937 0.506250 0.437500 0.489063 0.437500 0.487500 0.439063 0.475000 0.439063 0.473438 0.440625 0.470313 0.440625 0.468750 0.442188 0.467187 0.442188 0.465625 0.443750 0.464062 0.443750 0.460938 0.446875 0.459375 0.446875 0.456250 0.450000 0.456250 0.451562 0.451562 0.456250 0.451562 0.457813 0.450000 0.459375 0.450000 0.460938 0.448437 0.462500 0.448437 0.464062 0.445312 0.467187 0.445312 0.468750 0.442188 0.471875 0.442188 0.473438 0.440625 0.475000 0.440625 0.476562 0.439063 0.478125 0.439063 0.479687 0.437500 0.481250 0.437500 0.484375 0.435937 0.485938 0.435937 0.490625 0.434375 0.492188 0.434375 0.496875 0.432812 0.498437 0.432812 0.500000 0.431250 0.501563 0.431250 0.503125 0.429688 0.504687 0.429688 0.507812 0.428125 0.509375 0.428125 0.514062 0.426563 0.515625 0.426563 0.517188 0.425000 0.518750 0.425000 0.520312 0.423438 0.521875 0.423438 0.523438 0.421875 0.525000 0.421875 0.526563 0.420312 0.528125 0.420312 0.529687 0.418750 0.531250 0.418750 0.535937 0.417187 0.537500 0.417187 0.543750 0.415625 0.545312 0.415625 0.548438 0.414062 0.550000 0.414062 0.553125 0.412500 0.554688 0.412500 0.556250 0.410938 0.557813 0.410938 0.559375 0.409375 0.560937 0.409375 0.564063 0.407813 0.565625 0.407813 0.570312 0.406250 0.571875 0.406250 0.575000 0.404687 0.576562 0.404687 0.581250 0.403125 0.582812 0.403125 0.585938 0.401562 0.587500 0.401562 0.593750 0.400000 0.595313 0.400000 0.598437 0.398438 0.600000 0.398438 0.603125 0.396875 0.604688 0.396875 0.606250 0.395313 0.607812 0.395313 0.609375 0.393750 0.610938 0.393750 0.612500 0.392188 0.614062 0.392188 0.615625 0.390625 0.617188 0.390625 0.620313 0.389062 0.621875 0.389062 0.623437 0.387500 0.625000 0.387500 0.628125 0.385937 0.629687 0.385937 0.631250 0.384375 0.632812 0.384375 0.635938 0.382812 0.637500 0.382812 0.640625 0.381250 0.642188 0.381250 0.646875 0.379688 0.648438 0.379688 0.651563 0.378125 0.653125 0.378125 0.654687 0.376563 0.656250 0.376563 0.657813 0.375000 0.659375 0.375000 0.660937 0.373437 0.662500 0.373437 0.665625 0.371875 0.667188 0.371875 0.668750 0.370312 0.670312 0.370312 0.675000 0.368750 0.676562 0.368750 0.679688 0.367188 0.681250 0.367188 0.687500 0.365625 0.689063 0.365625 0.692187 0.364063 0.693750 0.364063 0.696875 0.362500 0.698438 0.362500 0.701562 0.360938 0.703125 0.360938 0.706250 0.359375 0.707812 0.359375 0.710938 0.357812 0.712500 0.357812 0.714063 0.356250 0.715625 0.356250 0.717187 0.354687 0.718750 0.354687 0.721875 0.353125 0.723437 0.353125 0.726562 0.351562 0.728125 0.351562 0.731250 0.350000 0.732812 0.350000 0.735938 0.348438 0.737500 0.348438 0.739062 0.346875 0.740625 0.346875 0.746875 0.345313 0.748437 0.345313 0.756250 0.343750 0.757812 0.343750 0.781250 0.345313 0.782813 0.345313 0.785937 0.346875 0.787500 0.346875 0.789062 0.348438 0.790625 0.348438 0.792188 0.351562 0.795312 0.351562 0.796875 0.357812 0.803125 0.359375 0.803125 0.362500 0.806250 0.364063 0.806250 0.365625 0.807813 0.367188 0.807813 0.368750 0.809375 0.373437 0.809375 0.375000 0.810937 0.403125 0.810937 0.404687 0.812500 0.412500 0.812500 0.414062 0.814063 0.417187 0.814063 0.418750 0.815625 0.450000 0.815625 0.451562 0.817187 0.484375 0.817187 0.485938 0.818750 0.507812 0.818750 0.509375 0.817187 0.778125 0.817187 0.779687 0.818750 0.782813 0.818750 0.784375 0.820312 0.820312 0.820312 0.821875 0.818750 0.828125 0.818750 0.829688 0.817187 0.845313 0.817187 0.846875 0.818750 0.879687 0.818750 0.881250 0.817187 0.925000 0.817187 0.926562 0.815625 0.934375 0.815625 0.935937 0.814063 0.942187 0.814063 0.943750 0.812500 0.953125 0.812500 0.954688 0.810937 0.960938 0.810937 0.962500 0.809375 0.965625 0.809375 0.967187 0.807813 0.968750 0.807813 0.970313 0.806250 0.971875 0.806250 0.973437 0.804688 0.975000 0.804688 0.984375 0.795312 0.984375 0.793750 0.987500 0.790625 0.987500 0.789062 0.989062 0.787500 0.989062 0.784375 0.990625 0.782813 0.990625 0.779687 0.992188 0.778125 0.992188 0.775000 0.993750 0.773438 0.993750 0.768750 0.995313 0.767188 0.995313 0.737500 0.993750 0.735938 0.993750 0.731250 0.992188 0.729688 0.992188 0.720313 0.990625 0.718750 0.990625 0.709375 0.989062 0.707812 0.989062 0.681250 0.987500 0.679688 0.987500 0.654687 0.985938 0.653125 0.985938 0.645312 0.984375 0.643750 0.984375 0.628125 0.982812 0.626563 0.982812 0.614062 0.981250 0.612500 0.981250 0.604688 0.979688 0.603125 0.979688 0.548438 0.978125 0.546875 0.978125 0.540625 0.976562 0.539062 0.976562 0.506250 0.975000 0.504687 0.975000 0.498437 0.973437 0.496875 0.973437 0.484375 0.971875 0.482812 0.971875 0.478125 0.970313 0.476562 0.970313 0.473438 0.968750 0.471875 0.968750 0.468750 0.965625 0.465625 0.965625 0.464062 0.964063 0.462500 0.964063 0.460938 0.956250 0.453125 0.956250 0.451562 0.951562 0.446875 0.951562 0.445312 0.950000 0.445312 0.945312 0.440625 0.943750 0.440625 0.942187 0.439063 0.940625 0.439063 0.939063 0.437500 0.937500 0.437500 0.935937 0.435937 0.929688 0.435937 0.928125 0.434375 0.920312 0.434375 0.918750 0.432812 0.871875 0.432812 0.870313 0.434375 0.856250 0.434375 0.854688 0.432812 0.835938 0.432812 0.834375 0.434375 0.828125 0.434375 0.826562 0.432812
