0 0.610547 0.528125 0.574987 0.524139 0.553125 0.534375 0.528125 0.556250 0.531255 0.831116 0.535937 0.843750 0.543750 0.859375 0.556250 0.870313 0.582812 0.879687 0.698438 0.882812 0.723437 0.882812 0.775000 0.881250 0.795312 0.875000 0.810937 0.862500 0.829322 0.844539 0.832812 0.829688 0.832812 0.665625 0.824705 0.640330 0.815472 0.617680 0.792188 0.601562 0.734375 0.575000 0.626563 0.537500
4 0.593750 0.046875 0.575000 0.046875 0.570312 0.056250 0.554688 0.065625 0.529687 0.068750 0.500000 0.081250 0.451562 0.145313 0.451562 0.178125 0.448437 0.195312 0.440625 0.198437 0.440625 0.231250 0.446875 0.231250 0.451562 0.242188 0.451562 0.282813 0.460938 0.317188 0.470313 0.331250 0.482812 0.339062 0.482812 0.345313 0.517188 0.345313 0.520312 0.337500 0.767188 0.212500 0.785937 0.196875 0.795312 0.164062 0.801562 0.162500 0.801562 0.098437 0.795312 0.096875 0.790625 0.076563 0.782813 0.068750 0.739062 0.057813 0.668750 0.060937 0.648438 0.056250 0.609375 0.060937 0.603125 0.046875
7 0.365234 0.096875 0.307812 0.096875 0.306250 0.103125 0.279687 0.104688 0.271875 0.109375 0.245312 0.104688 0.210938 0.121875 0.200000 0.137500 0.198437 0.171875 0.178125 0.187500 0.178125 0.232813 0.184375 0.232813 0.201563 0.253125 0.223438 0.264062 0.259375 0.271875 0.284375 0.267188 0.325000 0.296875 0.362500 0.306250 0.379688 0.301563 0.398438 0.285938 0.415625 0.264062 0.420312 0.248438 0.426563 0.246875 0.426563 0.212500 0.420312 0.210938 0.415625 0.193750 0.389062 0.165625 0.373437 0.096875
1 0.596392 0.541522 0.561558 0.541103 0.550000 0.548438 0.540992 0.587058 0.547288 0.807280 0.550225 0.825736 0.572050 0.850064 0.607305 0.853420 0.743705 0.852581 0.782813 0.851562 0.801562 0.825000 0.802881 0.795953 0.798264 0.710506 0.797845 0.682822 0.797005 0.636261 0.778125 0.606250 0.611920 0.549072
0 0.767208 0.243281 0.741186 0.240764 0.717187 0.251563 0.703125 0.262500 0.546875 0.343750 0.526563 0.367188 0.527562 0.392995 0.524205 0.450042 0.528125 0.470313 0.546875 0.489063 0.567187 0.500000 0.760938 0.570312 0.771875 0.570312 0.791550 0.564556 0.816311 0.551133 0.824286 0.522591 0.821348 0.450442 0.820089 0.425694 0.817150 0.299489 0.809597 0.273062 0.781250 0.246875
0 0.751406 0.046875 0.638530 0.053748 0.596875 0.054688 0.539062 0.054688 0.467294 0.064655 0.440625 0.084375 0.440625 0.318750 0.475000 0.343750 0.487020 0.347172 0.515625 0.343750 0.565625 0.321875 0.756250 0.218750 0.806827 0.185880 0.805567 0.111214 0.801562 0.089063 0.784375 0.064062 0.762500 0.054688 0.758142 0.050813
0 0.388927 0.065625 0.225800 0.071306 0.212500 0.071875 0.187500 0.082812 0.171875 0.100000 0.164105 0.113253 0.163684 0.230703 0.177534 0.248320 0.201563 0.262500 0.343750 0.306250 0.353639 0.310820 0.398438 0.314063 0.420312 0.289062 0.426563 0.268750 0.427506 0.263420 0.428125 0.210938 0.425000 0.203125 0.423438 0.103125 0.418750 0.090625 0.396875 0.065625
2 0.762170 0.273492 0.742445 0.271814 0.718103 0.280623 0.697537 0.288592 0.543511 0.371227 0.538894 0.469489 0.570370 0.493398 0.742445 0.555898 0.759375 0.556250 0.778125 0.546875 0.787500 0.531250 0.788192 0.521922 0.789031 0.461100 0.786933 0.426705 0.784375 0.298438 0.769306 0.272653
0 0.241602 0.290625 0.182812 0.290625 0.182812 0.296875 0.167187 0.317188 0.159375 0.320312 0.159375 0.837500 0.164062 0.837500 0.176563 0.857812 0.187500 0.865625 0.221875 0.875000 0.365625 0.879687 0.470313 0.873437 0.490625 0.864062 0.501563 0.850000 0.510938 0.807813 0.510938 0.568750 0.514062 0.546875 0.520312 0.545312 0.520312 0.532813 0.514062 0.531250 0.510938 0.496875 0.510938 0.407813 0.500000 0.389062 0.476562 0.373437 0.253125 0.298438 0.250000 0.290625
5 0.224219 0.321875 0.190625 0.334375 0.175000 0.353125 0.181250 0.400000 0.195312 0.442188 0.193750 0.459375 0.212500 0.496875 0.223438 0.546875 0.264062 0.607812 0.284375 0.626563 0.292187 0.626563 0.368750 0.579688 0.443750 0.517188 0.490625 0.467187 0.501563 0.440625 0.504687 0.414062 0.501563 0.403125 0.489063 0.393750 0.446875 0.381250 0.432812 0.381250 0.410938 0.392188 0.309375 0.348438 0.237500 0.329688 0.232813 0.321875
5 0.489063 0.603125 0.481250 0.603125 0.426563 0.676562 0.342187 0.739062 0.314063 0.767188 0.303125 0.767188 0.295312 0.760938 0.253125 0.703125 0.201563 0.651563 0.195312 0.650000 0.184375 0.660937 0.178125 0.660937 0.178125 0.684375 0.185938 0.687500 0.196875 0.707812 0.200000 0.737500 0.210938 0.764062 0.235937 0.795312 0.251563 0.810937 0.273438 0.818750 0.335938 0.856250 0.353125 0.868750 0.356250 0.876563 0.364063 0.876563 0.370312 0.867188 0.445312 0.840625 0.473438 0.815625 0.496875 0.756250 0.501563 0.668750 0.507812 0.667188 0.495312 0.625000 0.496875 0.603125
5 0.195312 0.456250 0.159375 0.467187 0.159375 0.503125 0.165625 0.504687 0.176563 0.532813 0.168750 0.554688 0.159375 0.559375 0.159375 0.581250 0.168750 0.585938 0.195312 0.620313 0.195312 0.634375 0.204687 0.642188 0.220312 0.645312 0.242188 0.670312 0.287500 0.764062 0.321875 0.764062 0.321875 0.757812 0.351562 0.729688 0.398438 0.701562 0.426563 0.676562 0.435937 0.657813 0.503125 0.573438 0.504687 0.557813 0.470313 0.529687 0.459375 0.514062 0.431250 0.526563 0.353125 0.589063 0.296875 0.625000 0.285938 0.626563 0.278125 0.623437 0.256250 0.596875 0.198437 0.456250
