0 0.458861 0.000753 0.123925 0.000000 0.125936 0.251955 0.193258 0.285783 0.351562 0.353125 0.375000 0.357812 0.385937 0.357812 0.420312 0.343750 0.435937 0.326562 0.445312 0.298438 0.450000 0.126562 0.451562 0.115625 0.457813 0.003125
0 0.477187 0.584375 0.458530 0.585638 0.439063 0.592187 0.393750 0.614062 0.271656 0.666388 0.207813 0.690625 0.187708 0.700111 0.140625 0.723437 0.125822 0.725931 0.129155 0.971219 0.259375 0.979688 0.322544 0.983519 0.479687 0.987500 0.509375 0.965625 0.531250 0.921875 0.532813 0.834375 0.534384 0.639792 0.514062 0.607812 0.489063 0.592187
0 0.860938 0.003125 0.485938 0.003125 0.478125 0.089063 0.475000 0.210938 0.471875 0.226562 0.465625 0.532813 0.490625 0.554688 0.559375 0.589063 0.601562 0.603125 0.634375 0.621875 0.739062 0.665625 0.820312 0.692187 0.826562 0.701562 0.870313 0.701562 0.873437 0.682813 0.875000 0.046875 0.868750 0.003125
0 0.162645 0.304959 0.134145 0.316261 0.125055 0.322895 0.123841 0.701808 0.170716 0.693995 0.215167 0.666094 0.268445 0.647241 0.304922 0.627978 0.392591 0.590870 0.420716 0.568995 0.434778 0.539308 0.437903 0.447120 0.426966 0.420558 0.403528 0.397120 0.373841 0.379933 0.211045 0.319700
0 0.636155 0.644941 0.609455 0.644669 0.580848 0.659108 0.560937 0.682813 0.554422 0.705969 0.553125 0.957812 0.570312 0.968750 0.596786 0.978873 0.838058 0.991666 0.873786 0.976669 0.875000 0.751563 0.870313 0.735938 0.845313 0.721875 0.662500 0.654687 0.654681 0.651752
5 0.654375 0.015625 0.621875 0.015625 0.621875 0.021875 0.581250 0.067187 0.545312 0.135937 0.534375 0.145313 0.515625 0.150000 0.515625 0.465625 0.523438 0.468750 0.553125 0.526563 0.570312 0.539062 0.595313 0.529687 0.650000 0.601562 0.656250 0.601562 0.676562 0.576562 0.712500 0.560937 0.745313 0.532813 0.768750 0.506250 0.779687 0.476562 0.801562 0.453125 0.821875 0.445312 0.835938 0.432812 0.837500 0.421875 0.851562 0.407813 0.876563 0.393750 0.876563 0.326562 0.868750 0.323437 0.809375 0.253125 0.771875 0.198437 0.737500 0.131250 0.689063 0.071875 0.662500 0.015625
7 0.242500 0.371875 0.206250 0.371875 0.198437 0.390625 0.201563 0.423438 0.176563 0.462500 0.167187 0.493750 0.167187 0.521875 0.175000 0.557813 0.153125 0.575000 0.153125 0.637500 0.181250 0.656250 0.184375 0.664062 0.196875 0.664062 0.198437 0.657813 0.218750 0.650000 0.253125 0.604688 0.276562 0.604688 0.296875 0.593750 0.326562 0.601562 0.354687 0.589063 0.398438 0.557813 0.412500 0.543750 0.423438 0.521875 0.421875 0.451562 0.414062 0.443750 0.367188 0.415625 0.329425 0.393412 0.314084 0.404717 0.289062 0.414062 0.279687 0.406250 0.275000 0.392188 0.254688 0.379688 0.251563 0.371875
4 0.478125 0.596875 0.454688 0.596875 0.451562 0.604688 0.426563 0.614062 0.398438 0.632812 0.334375 0.656250 0.303125 0.673438 0.223438 0.687500 0.175000 0.709375 0.128125 0.740625 0.128125 0.962500 0.146875 0.962500 0.151562 0.942187 0.164062 0.925000 0.190625 0.925000 0.207813 0.935937 0.228125 0.928125 0.248438 0.934375 0.264062 0.926562 0.282813 0.925000 0.310937 0.934375 0.310937 0.940625 0.295312 0.954688 0.285938 0.976562 0.429688 0.976562 0.431250 0.954688 0.423438 0.937500 0.435937 0.937500 0.457813 0.926562 0.504687 0.923438 0.520312 0.915625 0.523438 0.879687 0.518750 0.842187 0.525000 0.817187 0.532813 0.812500 0.532813 0.770312 0.526563 0.768750 0.521875 0.748437 0.517188 0.650000 0.501563 0.615625 0.485938 0.596875
6 0.140625 0.132812 0.131250 0.167187 0.153125 0.204687 0.156250 0.220312 0.148438 0.237500 0.164062 0.260937 0.370312 0.346875 0.387500 0.348438 0.421875 0.329688 0.432812 0.309375 0.442188 0.135937 0.442188 0.050000 0.432812 0.025000 0.395313 0.014063 0.373437 0.000000 0.218750 0.000000 0.184375 0.015625 0.181250 0.037500 0.189062 0.054688 0.154688 0.092188
3 0.564063 0.795312 0.567187 0.889062 0.584375 0.907813 0.601562 0.914062 0.775000 0.917188 0.787500 0.904687 0.795312 0.910937 0.809375 0.907813 0.831250 0.889062 0.837500 0.875000 0.835938 0.746875 0.779687 0.717187 0.701562 0.693750 0.648438 0.665625 0.632812 0.664062 0.601562 0.673438 0.598437 0.667188 0.581250 0.668750 0.568750 0.696875 0.571875 0.721875
