7 0.550000 0.706250 0.550000 0.840625 0.556250 0.889062 0.570312 0.914062 0.589063 0.928125 0.621875 0.935937 0.650000 0.934375 0.662500 0.926562 0.692187 0.931250 0.717187 0.950000 0.731250 0.953125 0.743750 0.932813 0.789062 0.910937 0.815625 0.864062 0.815625 0.825000 0.801562 0.807813 0.768750 0.789062 0.765625 0.759375 0.737500 0.729688 0.620313 0.670312 0.593750 0.667188 0.573438 0.675000
4 0.123438 0.773438 0.123438 0.810937 0.129688 0.825000 0.121875 0.868750 0.126562 0.989062 0.160938 0.987500 0.173437 0.998437 0.353125 0.998437 0.398438 0.979688 0.400000 0.964063 0.385937 0.950000 0.387500 0.935937 0.414062 0.921875 0.425000 0.929688 0.460938 0.920312 0.481250 0.928125 0.492188 0.920312 0.515625 0.918750 0.503125 0.910937 0.500000 0.881250 0.525000 0.850000 0.509375 0.835938 0.498437 0.796875 0.503125 0.698438 0.492188 0.650000 0.475000 0.618750 0.406250 0.623437 0.325000 0.650000 0.301563 0.668750 0.153125 0.743750 0.126562 0.764062
1 0.125000 0.104688 0.125000 0.296875 0.248438 0.343750 0.254688 0.357812 0.296875 0.362500 0.340625 0.376563 0.357812 0.376563 0.385937 0.362500 0.401562 0.337500 0.407813 0.150000 0.403125 0.125000 0.407813 0.107813 0.398438 0.067187 0.353125 0.056250 0.159375 0.060937 0.129688 0.084375
2 0.123438 0.360938 0.121875 0.696875 0.125000 0.709375 0.146875 0.710938 0.204687 0.684375 0.214062 0.673438 0.232813 0.670312 0.279687 0.637500 0.350000 0.612500 0.379688 0.595313 0.401562 0.560937 0.404687 0.476562 0.401562 0.451562 0.379688 0.426563 0.331250 0.414062 0.296875 0.396875 0.278125 0.395313 0.207813 0.367188 0.203125 0.359375 0.160938 0.348438 0.154688 0.353125 0.129688 0.350000
5 0.450000 0.232813 0.450000 0.304688 0.487500 0.423438 0.529687 0.475000 0.601562 0.526563 0.618750 0.532813 0.612500 0.476562 0.617188 0.445312 0.628125 0.421875 0.626563 0.393750 0.584375 0.201563 0.490625 0.162500 0.465625 0.157812 0.457813 0.175000
5 0.645312 0.212500 0.648438 0.253125 0.678125 0.398438 0.712500 0.437500 0.725000 0.470313 0.726562 0.545312 0.735938 0.535937 0.740625 0.514062 0.750000 0.426563 0.790625 0.243750 0.781250 0.237500
5 0.634375 0.140625 0.632812 0.164062 0.643750 0.210938 0.720313 0.223438 0.743750 0.232813 0.770312 0.229687 0.787500 0.148438 0.781250 0.131250
5 0.471875 0.143750 0.470313 0.154688 0.481250 0.160938 0.545312 0.187500 0.581250 0.192188 0.567187 0.140625 0.478125 0.139063
5 0.459375 0.378125 0.459375 0.420312 0.473438 0.440625 0.462500 0.485938 0.471875 0.554688 0.481250 0.562500 0.523438 0.571875 0.645312 0.576562 0.621875 0.531250 0.556250 0.504687 0.553125 0.493750 0.512500 0.470313 0.510938 0.456250 0.484375 0.428125 0.465625 0.373437
5 0.764062 0.368750 0.743750 0.470313 0.740625 0.523438 0.717187 0.571875 0.703125 0.584375 0.707812 0.587500 0.735938 0.576562 0.785937 0.579688 0.796875 0.570312 0.779687 0.439063 0.775000 0.346875
0 0.492188 0.028125 0.490625 0.029687 0.485938 0.029687 0.484375 0.031250 0.479687 0.031250 0.478125 0.032813 0.476562 0.032813 0.475000 0.034375 0.473438 0.034375 0.471875 0.035937 0.470313 0.035937 0.468750 0.037500 0.467187 0.037500 0.465625 0.039062 0.464062 0.039062 0.459375 0.043750 0.457813 0.043750 0.450000 0.051562 0.450000 0.053125 0.445312 0.057813 0.445312 0.059375 0.443750 0.060937 0.443750 0.062500 0.442188 0.064062 0.442188 0.065625 0.440625 0.067187 0.440625 0.068750 0.439063 0.070312 0.439063 0.071875 0.437500 0.073438 0.437500 0.076563 0.435937 0.078125 0.435937 0.084375 0.434375 0.085938 0.434375 0.092188 0.432812 0.093750 0.432812 0.123438 0.434375 0.125000 0.434375 0.220312 0.432812 0.221875 0.432812 0.243750 0.434375 0.245312 0.434375 0.254688 0.432812 0.256250 0.432812 0.284375 0.434375 0.285938 0.434375 0.293750 0.435937 0.295312 0.435937 0.356250 0.434375 0.357812 0.434375 0.371875 0.432812 0.373437 0.432812 0.420312 0.434375 0.421875 0.432812 0.423438 0.432812 0.435937 0.431250 0.437500 0.431250 0.446875 0.429688 0.448437 0.429688 0.456250 0.428125 0.457813 0.428125 0.509375 0.429688 0.510938 0.429688 0.515625 0.431250 0.517188 0.431250 0.520312 0.432812 0.521875 0.432812 0.525000 0.434375 0.526563 0.434375 0.528125 0.435937 0.529687 0.435937 0.531250 0.439063 0.534375 0.439063 0.535937 0.442188 0.539062 0.442188 0.540625 0.453125 0.551562 0.454688 0.551562 0.457813 0.554688 0.459375 0.554688 0.462500 0.557813 0.464062 0.557813 0.465625 0.559375 0.467187 0.559375 0.470313 0.562500 0.471875 0.562500 0.475000 0.565625 0.476562 0.565625 0.479687 0.568750 0.481250 0.568750 0.482812 0.570312 0.484375 0.570312 0.485938 0.571875 0.487500 0.571875 0.489063 0.573438 0.492188 0.573438 0.493750 0.575000 0.495312 0.575000 0.496875 0.576562 0.500000 0.576562 0.501563 0.578125 0.504687 0.578125 0.506250 0.579688 0.509375 0.579688 0.510938 0.581250 0.515625 0.581250 0.517188 0.582812 0.523438 0.582812 0.525000 0.584375 0.526563 0.584375 0.528125 0.585938 0.531250 0.585938 0.532813 0.587500 0.534375 0.587500 0.535937 0.589063 0.539062 0.589063 0.540625 0.590625 0.545312 0.590625 0.546875 0.592187 0.553125 0.592187 0.554688 0.593750 0.560937 0.593750 0.562500 0.595313 0.564063 0.595313 0.565625 0.596875 0.567187 0.596875 0.568750 0.598437 0.570312 0.598437 0.571875 0.600000 0.575000 0.600000 0.576562 0.601562 0.578125 0.601562 0.579688 0.603125 0.581250 0.603125 0.582812 0.604688 0.584375 0.604688 0.585938 0.606250 0.587500 0.606250 0.589063 0.607812 0.590625 0.607812 0.592187 0.609375 0.595313 0.609375 0.596875 0.610938 0.600000 0.610938 0.601562 0.612500 0.604688 0.612500 0.606250 0.614062 0.607812 0.614062 0.609375 0.615625 0.610938 0.615625 0.612500 0.617188 0.614062 0.617188 0.615625 0.618750 0.618750 0.618750 0.620313 0.620313 0.625000 0.620313 0.626563 0.621875 0.632812 0.621875 0.634375 0.623437 0.635938 0.623437 0.637500 0.625000 0.639062 0.625000 0.640625 0.626563 0.643750 0.626563 0.645312 0.628125 0.650000 0.628125 0.651563 0.629687 0.656250 0.629687 0.657813 0.631250 0.659375 0.631250 0.660937 0.632812 0.662500 0.632812 0.664062 0.634375 0.667188 0.634375 0.668750 0.635938 0.670312 0.635938 0.671875 0.637500 0.675000 0.637500 0.676562 0.639062 0.682813 0.639062 0.684375 0.640625 0.693750 0.640625 0.695312 0.642188 0.696875 0.642188 0.698438 0.643750 0.700000 0.643750 0.701562 0.645312 0.704688 0.645312 0.706250 0.646875 0.709375 0.646875 0.710938 0.648438 0.712500 0.648438 0.714063 0.650000 0.715625 0.650000 0.717187 0.651563 0.718750 0.651563 0.720313 0.653125 0.721875 0.653125 0.723437 0.654687 0.725000 0.654687 0.726562 0.656250 0.729688 0.656250 0.731250 0.657813 0.735938 0.657813 0.737500 0.659375 0.742188 0.659375 0.743750 0.660937 0.745313 0.660937 0.746875 0.662500 0.748437 0.662500 0.750000 0.664062 0.753125 0.664062 0.754687 0.665625 0.757812 0.665625 0.759375 0.667188 0.760938 0.667188 0.762500 0.668750 0.765625 0.668750 0.767188 0.670312 0.768750 0.670312 0.770312 0.671875 0.773438 0.671875 0.775000 0.673438 0.778125 0.673438 0.779687 0.675000 0.785937 0.675000 0.787500 0.676562 0.806250 0.676562 0.807813 0.675000 0.814063 0.675000 0.815625 0.673438 0.818750 0.673438 0.820312 0.671875 0.823438 0.671875 0.825000 0.670312 0.826562 0.670312 0.828125 0.668750 0.829688 0.668750 0.832812 0.665625 0.834375 0.665625 0.837500 0.662500 0.839063 0.662500 0.851562 0.650000 0.851562 0.648438 0.854688 0.645312 0.854688 0.643750 0.856250 0.642188 0.856250 0.640625 0.857812 0.639062 0.857812 0.637500 0.859375 0.635938 0.859375 0.634375 0.860938 0.632812 0.860938 0.629687 0.862500 0.628125 0.862500 0.623437 0.864062 0.621875 0.864062 0.610938 0.865625 0.609375 0.865625 0.593750 0.864062 0.592187 0.864062 0.579688 0.862500 0.578125 0.862500 0.550000 0.860938 0.548438 0.860938 0.543750 0.859375 0.542188 0.859375 0.539062 0.857812 0.537500 0.857812 0.535937 0.856250 0.534375 0.856250 0.493750 0.854688 0.492188 0.854688 0.482812 0.853125 0.481250 0.853125 0.476562 0.851562 0.475000 0.851562 0.468750 0.850000 0.467187 0.850000 0.459375 0.848437 0.457813 0.848437 0.432812 0.846875 0.431250 0.846875 0.420312 0.845313 0.418750 0.845313 0.398438 0.843750 0.396875 0.843750 0.390625 0.842187 0.389062 0.842187 0.384375 0.840625 0.382812 0.840625 0.362500 0.839063 0.360938 0.839063 0.307812 0.837500 0.306250 0.837500 0.300000 0.835938 0.298438 0.835938 0.289062 0.834375 0.287500 0.834375 0.276562 0.832812 0.275000 0.832812 0.267188 0.831250 0.265625 0.831250 0.259375 0.829688 0.257812 0.829688 0.178125 0.828125 0.176563 0.828125 0.167187 0.826562 0.165625 0.826562 0.159375 0.825000 0.157812 0.825000 0.154688 0.823438 0.153125 0.823438 0.150000 0.821875 0.148438 0.821875 0.146875 0.820312 0.145313 0.820312 0.134375 0.818750 0.132812 0.818750 0.095312 0.817187 0.093750 0.817187 0.089063 0.815625 0.087500 0.815625 0.084375 0.814063 0.082812 0.814063 0.079687 0.812500 0.078125 0.812500 0.076563 0.810937 0.075000 0.810937 0.073438 0.807813 0.070312 0.807813 0.068750 0.804688 0.065625 0.804688 0.064062 0.800000 0.059375 0.800000 0.057813 0.792188 0.050000 0.790625 0.050000 0.785937 0.045312 0.784375 0.045312 0.782813 0.043750 0.781250 0.043750 0.779687 0.042188 0.778125 0.042188 0.776563 0.040625 0.775000 0.040625 0.773438 0.039062 0.770312 0.039062 0.768750 0.037500 0.765625 0.037500 0.764062 0.035937 0.757812 0.035937 0.756250 0.034375 0.739062 0.034375 0.737500 0.035937 0.729688 0.035937 0.728125 0.037500 0.673438 0.037500 0.671875 0.035937 0.664062 0.035937 0.662500 0.034375 0.614062 0.034375 0.612500 0.035937 0.579688 0.035937 0.578125 0.034375 0.531250 0.034375 0.529687 0.032813 0.528125 0.032813 0.526563 0.031250 0.521875 0.031250 0.520312 0.029687 0.515625 0.029687 0.514062 0.028125
0 0.123092 0.338981 0.125988 0.719531 0.373966 0.603147 0.390256 0.589278 0.404737 0.569981 0.405341 0.457819 0.393877 0.433095 0.381206 0.420431 0.150120 0.334200
0 0.410586 0.075698 0.410855 0.341759 0.399222 0.358173 0.380747 0.370484 0.363639 0.378008 0.341742 0.379375 0.327372 0.377323 0.123453 0.302777 0.125506 0.092816 0.126191 0.051095 0.156298 0.033314 0.380063 0.034683 0.399906 0.051095
0 0.510767 0.648866 0.514183 0.952556 0.492970 0.984700 0.473811 0.998378 0.122769 0.997694 0.123453 0.749433 0.417698 0.603075 0.437542 0.597605 0.454650 0.597605 0.475863 0.605811 0.492970 0.620173
0 0.593477 0.641400 0.569987 0.648828 0.553277 0.659483 0.541038 0.675789 0.534787 0.690914 0.530511 0.702750 0.537748 0.940758 0.545644 0.963444 0.556828 0.978569 0.573606 0.992048 0.580448 0.997967 0.853497 0.997639 0.874552 0.981198 0.876395 0.771800 0.875078 0.752861 0.869816 0.741353 0.861591 0.731489 0.848103 0.723598 0.826391 0.712747 0.604991 0.639427
