0 0.171430 0.325011 0.135937 0.328125 0.135937 0.334375 0.121875 0.342187 0.121875 0.726562 0.162500 0.714063 0.320312 0.643750 0.385937 0.609375 0.423981 0.588403 0.434375 0.546875 0.435937 0.470313 0.425000 0.437500 0.409375 0.418750 0.339062 0.385937 0.300000 0.376563 0.205905 0.335288
0 0.412450 0.009375 0.183527 0.010159 0.161148 0.027084 0.142187 0.059375 0.134375 0.131250 0.128125 0.151562 0.121875 0.276562 0.167187 0.303125 0.357812 0.373437 0.387500 0.375000 0.417187 0.360938 0.429688 0.346875 0.445312 0.323437 0.450247 0.049450 0.439359 0.028294 0.421875 0.017188
2 0.189316 0.351448 0.151817 0.349030 0.137500 0.351562 0.123997 0.369583 0.123392 0.692373 0.179688 0.693750 0.369548 0.603514 0.418750 0.564063 0.420958 0.553344 0.422167 0.459650 0.407813 0.431250 0.274594 0.385298
4 0.454375 0.628125 0.421875 0.628125 0.421875 0.632812 0.403125 0.646875 0.371875 0.662500 0.304688 0.682813 0.246875 0.723437 0.217188 0.735938 0.190625 0.739062 0.170313 0.750000 0.134375 0.781250 0.128125 0.781250 0.128125 0.998437 0.514062 0.998437 0.529687 0.976562 0.521875 0.962500 0.506250 0.954688 0.500000 0.932813 0.504687 0.926562 0.529687 0.920312 0.537500 0.900000 0.523438 0.704688 0.518750 0.678125 0.510938 0.665625 0.487500 0.643750 0.464062 0.634375 0.462500 0.628125
7 0.684895 0.690625 0.640625 0.690625 0.640625 0.695312 0.598437 0.732812 0.590625 0.776563 0.584375 0.789062 0.578125 0.790625 0.578125 0.873437 0.584375 0.873437 0.593750 0.890625 0.607812 0.903125 0.646875 0.915625 0.700000 0.942187 0.742188 0.942187 0.776563 0.926562 0.792188 0.925000 0.843750 0.956250 0.846875 0.964063 0.853125 0.964063 0.859375 0.901563 0.870313 0.871875 0.876563 0.870313 0.876563 0.859375 0.870313 0.857812 0.862500 0.840625 0.839063 0.814063 0.825000 0.779687 0.800000 0.750000 0.776563 0.734375 0.737500 0.723437 0.715625 0.706250 0.696875 0.698438 0.693750 0.690625
0 0.659202 0.653125 0.608313 0.655405 0.558113 0.692883 0.559375 0.978125 0.564063 0.978125 0.579688 0.998437 0.875000 0.998437 0.876563 0.948438 0.882812 0.946875 0.882812 0.939063 0.876563 0.937500 0.873437 0.737500 0.851562 0.725000 0.687500 0.668750 0.670312 0.660937 0.667188 0.653125
1 0.178687 0.057309 0.165986 0.081841 0.150867 0.173117 0.146633 0.202131 0.143609 0.277691 0.165625 0.295312 0.348438 0.360938 0.364364 0.363527 0.380694 0.365945 0.396875 0.362500 0.412500 0.354687 0.423438 0.343750 0.431250 0.321875 0.431250 0.207813 0.432812 0.167187 0.432102 0.163697 0.432706 0.129241 0.427869 0.092973 0.429688 0.065625 0.420006 0.057912 0.400047 0.045823
0 0.437500 0.609375 0.382812 0.634375 0.359375 0.639062 0.284270 0.682262 0.239063 0.698438 0.121875 0.760938 0.121875 0.998437 0.521961 0.997077 0.545312 0.943750 0.543750 0.921875 0.544337 0.677427 0.528008 0.627859 0.493750 0.603125 0.471156 0.598241
5 0.596875 0.084375 0.596875 0.128125 0.603125 0.129688 0.607812 0.148438 0.645312 0.365625 0.654687 0.387500 0.679688 0.412500 0.693750 0.435937 0.707812 0.489063 0.709375 0.525000 0.729688 0.507812 0.768750 0.451562 0.823438 0.400000 0.829688 0.389062 0.818750 0.365625 0.820312 0.357812 0.870313 0.293750 0.862500 0.282813 0.817187 0.248438 0.739062 0.196875 0.701562 0.157812 0.610938 0.092188 0.607812 0.084375
5 0.539062 0.129688 0.521875 0.153125 0.496875 0.217188 0.490625 0.218750 0.490625 0.357812 0.496875 0.359375 0.510938 0.423438 0.546875 0.542188 0.557813 0.556250 0.578125 0.565625 0.595313 0.582812 0.595313 0.589063 0.614062 0.589063 0.614062 0.546875 0.604688 0.542188 0.596875 0.526563 0.584375 0.478125 0.584375 0.443750 0.600000 0.401562 0.600000 0.384375 0.540625 0.131250
0 0.835938 0.003125 0.507812 0.003125 0.476562 0.039062 0.468750 0.062500 0.465625 0.201563 0.459375 0.203125 0.459375 0.521875 0.467187 0.525000 0.482812 0.556250 0.510938 0.575000 0.809375 0.687500 0.812500 0.695312 0.873437 0.695312 0.876563 0.567187 0.882812 0.565625 0.876563 0.564063 0.876563 0.551562 0.882812 0.550000 0.882812 0.450000 0.876563 0.448437 0.875000 0.045312 0.871875 0.034375 0.843750 0.009375 0.843750 0.003125
