0 0.990580 0.128125 0.731250 0.128125 0.714063 0.179688 0.684375 0.237500 0.654687 0.317188 0.640477 0.358967 0.653125 0.390625 0.676562 0.414062 0.709375 0.426563 0.875000 0.431250 0.885938 0.432812 0.887500 0.439063 0.915625 0.439063 0.917188 0.432812 0.950000 0.421875 0.978125 0.396875 0.993750 0.360938 0.998437 0.359375 0.998437 0.128125
7 0.897656 0.153125 0.854688 0.153125 0.851562 0.160938 0.814063 0.179688 0.773438 0.187500 0.712500 0.239063 0.684375 0.295312 0.678125 0.296875 0.678125 0.359375 0.685937 0.362500 0.701562 0.384375 0.743750 0.404687 0.817187 0.406250 0.842187 0.403125 0.896875 0.371875 0.920312 0.335938 0.921875 0.251563 0.925000 0.243750 0.932813 0.240625 0.932813 0.220312 0.926562 0.220312 0.917188 0.207813 0.906250 0.153125
4 0.870264 0.459375 0.626563 0.459375 0.626563 0.465625 0.610938 0.485938 0.603125 0.487500 0.603125 0.525000 0.615625 0.534375 0.664062 0.673438 0.687500 0.704688 0.701562 0.735938 0.710938 0.773438 0.750000 0.842187 0.768750 0.860938 0.784375 0.867188 0.835938 0.867188 0.851562 0.870313 0.853125 0.876563 0.895312 0.876563 0.896875 0.870313 0.914062 0.868750 0.920312 0.876563 0.928125 0.876563 0.964063 0.834375 0.970313 0.817187 0.973437 0.692187 0.964063 0.656250 0.973437 0.634375 0.982812 0.629687 0.982812 0.612500 0.976562 0.612500 0.967187 0.603125 0.959375 0.571875 0.939063 0.528125 0.901563 0.500000 0.896875 0.476562 0.879687 0.465625 0.878125 0.459375
2 0.549895 0.546875 0.439063 0.546875 0.421875 0.568750 0.370312 0.707812 0.348438 0.751563 0.340625 0.754687 0.340625 0.809375 0.346875 0.809375 0.370312 0.839063 0.407813 0.850000 0.570312 0.864062 0.571875 0.870313 0.651563 0.870313 0.653125 0.864062 0.678125 0.848437 0.690625 0.829688 0.690625 0.800000 0.650000 0.709375 0.582812 0.571875 0.560937 0.554688 0.557813 0.546875
0 0.643750 0.442188 0.615625 0.457813 0.600000 0.478125 0.592283 0.512831 0.600000 0.548438 0.625000 0.595313 0.745313 0.856250 0.760938 0.873437 0.840625 0.876563 0.875000 0.876563 0.978125 0.871875 0.982812 0.843750 0.982812 0.728125 0.989062 0.495312 0.981250 0.492188 0.957812 0.462500 0.928125 0.448437 0.732812 0.442188 0.720313 0.440625
0 0.434375 0.546875 0.414062 0.565625 0.340625 0.739062 0.329688 0.759375 0.321875 0.826562 0.326562 0.826562 0.353125 0.856250 0.414062 0.868750 0.435937 0.868750 0.493020 0.875055 0.685937 0.876563 0.700000 0.856250 0.708217 0.834177 0.700000 0.801562 0.690625 0.782813 0.601562 0.590625 0.585938 0.567187 0.559375 0.548438 0.491339 0.540817
1 0.326433 0.534375 0.048438 0.534375 0.048438 0.540625 0.034375 0.548438 0.034375 0.784375 0.090625 0.776563 0.109375 0.789062 0.123438 0.789062 0.129688 0.801562 0.173437 0.801562 0.176563 0.789062 0.193750 0.781250 0.298438 0.776563 0.368750 0.604688 0.367188 0.581250 0.354687 0.557813 0.334375 0.540625 0.334375 0.534375
5 0.567187 0.253125 0.559375 0.253125 0.554688 0.262500 0.348438 0.400000 0.318750 0.450000 0.309375 0.454688 0.309375 0.476562 0.326562 0.481250 0.373437 0.481250 0.451562 0.470313 0.498437 0.454688 0.534375 0.432812 0.590625 0.362500 0.606250 0.307812 0.614062 0.303125 0.614062 0.295312 0.607812 0.295312 0.584375 0.275000 0.575000 0.253125
0 0.315541 0.528125 0.031250 0.528125 0.031250 0.532813 0.000000 0.562500 0.000000 0.800000 0.010937 0.814063 0.039062 0.837500 0.079687 0.857812 0.110937 0.862500 0.142187 0.856250 0.173437 0.856250 0.204687 0.864062 0.246875 0.856250 0.271875 0.839063 0.293750 0.812500 0.368750 0.628125 0.376563 0.625000 0.376563 0.573438 0.371875 0.573438 0.354687 0.551562 0.325000 0.534375 0.323437 0.528125
0 0.687500 0.121875 0.015625 0.121875 0.015625 0.489063 0.046875 0.503125 0.089063 0.509375 0.343750 0.515625 0.376563 0.520312 0.525000 0.518750 0.539062 0.514062 0.559375 0.495312 0.570312 0.476562 0.598437 0.389062 0.631250 0.320312 0.659375 0.234375 0.689063 0.171875 0.695312 0.121875
5 0.375000 0.121875 0.296875 0.121875 0.282813 0.146875 0.256250 0.162500 0.215625 0.150000 0.200000 0.151562 0.189062 0.164062 0.182812 0.184375 0.156250 0.228125 0.125000 0.295312 0.081250 0.351562 0.060937 0.390625 0.053125 0.393750 0.053125 0.435937 0.071875 0.440625 0.132812 0.471875 0.167187 0.475000 0.195312 0.420312 0.229687 0.385937 0.257812 0.368750 0.307812 0.360938 0.328125 0.351562 0.500000 0.221875 0.501563 0.214062 0.492188 0.204687 0.392188 0.135937 0.382812 0.128125 0.382812 0.121875
5 0.372969 0.121875 0.298438 0.121875 0.282813 0.151562 0.253125 0.165625 0.239063 0.192188 0.221875 0.201563 0.201563 0.198437 0.189062 0.207813 0.184375 0.218750 0.178125 0.215625 0.179688 0.200000 0.176563 0.201563 0.153125 0.235937 0.125000 0.296875 0.073438 0.365625 0.065625 0.368750 0.065625 0.445312 0.185938 0.445312 0.195312 0.421875 0.228125 0.387500 0.256250 0.370312 0.315625 0.359375 0.329688 0.351562 0.500000 0.221875 0.501563 0.215625 0.492188 0.204687 0.389062 0.134375 0.381250 0.128125 0.381250 0.121875
