0 0.206027 0.315625 0.161684 0.318978 0.140625 0.335938 0.121875 0.356250 0.121875 0.678125 0.140625 0.687500 0.176898 0.689381 0.396875 0.582812 0.430981 0.559978 0.443153 0.526525 0.441631 0.442384 0.433517 0.418055 0.412500 0.403125 0.232813 0.331250 0.217188 0.323437
4 0.473828 0.584375 0.446875 0.584375 0.442188 0.593750 0.423438 0.604688 0.382812 0.615625 0.346875 0.634375 0.320312 0.642188 0.220312 0.696875 0.157812 0.717187 0.128125 0.734375 0.128125 0.923438 0.145313 0.929688 0.160938 0.923438 0.382812 0.926562 0.410938 0.918750 0.428125 0.925000 0.456250 0.918750 0.490625 0.918750 0.515625 0.909375 0.526563 0.889062 0.526563 0.809375 0.532813 0.779687 0.539062 0.778125 0.539062 0.735938 0.532813 0.734375 0.529687 0.701562 0.531250 0.643750 0.517188 0.615625 0.484375 0.592187 0.482812 0.584375
2 0.217977 0.342562 0.167263 0.343363 0.144441 0.403172 0.134805 0.640347 0.154688 0.668750 0.196875 0.667188 0.394972 0.574453 0.421875 0.554688 0.432812 0.525000 0.430472 0.446470 0.417286 0.425181 0.383814 0.411495 0.249420 0.355233
0 0.490823 0.575034 0.462931 0.574022 0.431250 0.585938 0.332813 0.634375 0.121875 0.728125 0.121875 0.942187 0.189062 0.957812 0.218750 0.964063 0.376563 0.964063 0.387500 0.964063 0.429688 0.953125 0.493750 0.945312 0.517188 0.931250 0.525000 0.920312 0.535937 0.876563 0.539062 0.740625 0.539062 0.685937 0.538495 0.625722 0.522267 0.596323
1 0.389698 0.046967 0.287255 0.050516 0.239075 0.050008 0.198503 0.061666 0.176189 0.082448 0.153367 0.257825 0.164062 0.278125 0.226562 0.307812 0.367188 0.354687 0.400000 0.356250 0.428125 0.337500 0.438384 0.306547 0.442442 0.224434 0.444470 0.083461 0.433820 0.057611
7 0.699858 0.671875 0.620313 0.671875 0.593750 0.706250 0.579688 0.740625 0.571875 0.743750 0.571875 0.787500 0.578125 0.789062 0.582812 0.801562 0.581250 0.821875 0.571875 0.828125 0.571875 0.885938 0.593750 0.895312 0.595313 0.901563 0.654687 0.901563 0.656250 0.895312 0.682813 0.884375 0.723437 0.895312 0.725000 0.901563 0.764062 0.901563 0.765625 0.895312 0.787500 0.885938 0.812500 0.862500 0.826562 0.831250 0.832812 0.829688 0.832812 0.795312 0.826562 0.793750 0.825000 0.781250 0.812500 0.759375 0.795312 0.742188 0.740625 0.715625 0.707812 0.671875
0 0.641964 0.621875 0.595500 0.626041 0.560937 0.662500 0.554422 0.674194 0.553125 0.928125 0.581250 0.951562 0.606250 0.959375 0.687500 0.964063 0.843750 0.964063 0.876563 0.949380 0.876563 0.914062 0.876563 0.876563 0.876563 0.803125 0.876563 0.734375 0.871875 0.715625 0.826562 0.689063 0.675225 0.638336 0.653125 0.629687
5 0.792112 0.090625 0.634375 0.090625 0.634375 0.131250 0.639062 0.131250 0.659375 0.151562 0.701562 0.182812 0.778125 0.250000 0.801562 0.262500 0.807813 0.240625 0.807813 0.196875 0.814063 0.195312 0.814063 0.179688 0.807813 0.178125 0.806250 0.120313 0.800000 0.090625
5 0.792188 0.390625 0.792188 0.396875 0.720313 0.476562 0.710938 0.517188 0.707812 0.521875 0.703125 0.521875 0.703125 0.559375 0.751563 0.575000 0.778125 0.579688 0.807813 0.579688 0.823438 0.571875 0.826562 0.532813 0.831250 0.510938 0.834375 0.506250 0.839063 0.506250 0.839063 0.489063 0.834375 0.489063 0.831250 0.484375 0.806250 0.390625
0 0.417031 0.015625 0.185938 0.015625 0.156250 0.054688 0.142187 0.137500 0.135937 0.153125 0.129688 0.217188 0.138661 0.261934 0.158439 0.284236 0.192188 0.296875 0.370312 0.362500 0.401562 0.364063 0.418750 0.356250 0.435937 0.339062 0.445312 0.310937 0.451562 0.171875 0.456134 0.053123 0.443963 0.034877 0.425000 0.015625
5 0.564063 0.115625 0.545312 0.115625 0.540625 0.134375 0.554688 0.145313 0.554688 0.151562 0.517188 0.200000 0.510938 0.267188 0.498437 0.306250 0.490625 0.309375 0.490625 0.418750 0.498437 0.425000 0.504687 0.478125 0.518750 0.501563 0.584375 0.556250 0.585938 0.564063 0.640625 0.564063 0.642188 0.551562 0.612500 0.498437 0.607812 0.467187 0.621875 0.468750 0.628125 0.476562 0.640625 0.446875 0.656250 0.439063 0.657813 0.426563 0.646875 0.421875 0.642188 0.414062 0.642188 0.371875 0.632812 0.364063 0.621875 0.364063 0.614062 0.345313 0.573438 0.115625
0 0.812461 0.009375 0.517400 0.012284 0.506250 0.015625 0.485938 0.035937 0.476562 0.062500 0.471250 0.212863 0.467700 0.240184 0.465625 0.517188 0.489063 0.542188 0.520312 0.560937 0.768750 0.650000 0.826558 0.666662 0.860938 0.657813 0.876563 0.634375 0.876563 0.262500 0.870313 0.260937 0.868750 0.248438 0.860938 0.064062 0.853125 0.045312 0.839439 0.027491
