0 0.543750 0.034375 0.270313 0.034375 0.249136 0.049309 0.234138 0.065728 0.217709 0.089998 0.226280 0.126405 0.235937 0.134375 0.320312 0.312500 0.340625 0.334375 0.367188 0.345313 0.457813 0.345313 0.489063 0.334375 0.509375 0.314063 0.587500 0.115625 0.599828 0.097138 0.593400 0.063586 0.573402 0.040744 0.551562 0.034375
2 0.559211 0.065625 0.264062 0.065625 0.262500 0.073438 0.240625 0.087500 0.240625 0.137500 0.248438 0.140625 0.332813 0.309375 0.345313 0.326562 0.368750 0.337500 0.371875 0.345313 0.460938 0.345313 0.464062 0.337500 0.490625 0.320312 0.512500 0.279687 0.575000 0.125000 0.582812 0.121875 0.582812 0.085938 0.575000 0.082812 0.567187 0.065625
0 0.232605 0.465625 0.000000 0.465625 0.000000 0.814063 0.139063 0.814063 0.167187 0.793750 0.181250 0.779687 0.192188 0.760938 0.268750 0.562500 0.281600 0.511100 0.266161 0.481200 0.240625 0.465625
0 0.882645 0.021875 0.667188 0.026562 0.632812 0.057813 0.556250 0.242188 0.543708 0.301794 0.578125 0.335938 0.614062 0.345313 0.675000 0.345313 0.687500 0.345313 0.726562 0.345313 0.742188 0.343750 0.893750 0.340625 0.923930 0.335719 0.946127 0.320769 0.954811 0.310159 0.964063 0.295312 0.959153 0.247948 0.956250 0.235937 0.943750 0.084375 0.934375 0.059375 0.916017 0.036502 0.890625 0.021875
7 0.152656 0.509375 0.078125 0.509375 0.076563 0.515625 0.050000 0.523438 0.018750 0.540625 0.000000 0.562500 0.000000 0.773438 0.021875 0.781250 0.070312 0.776563 0.109375 0.750000 0.135937 0.721875 0.190625 0.710938 0.212500 0.690625 0.226562 0.640625 0.245312 0.603125 0.251563 0.601562 0.251563 0.582812 0.243750 0.579688 0.217188 0.543750 0.165625 0.518750 0.160938 0.509375
0 0.912500 0.359375 0.637500 0.365625 0.615625 0.367188 0.465625 0.370312 0.403125 0.378125 0.389062 0.385937 0.354687 0.421875 0.306250 0.532813 0.275000 0.625000 0.267188 0.640625 0.246378 0.686580 0.229973 0.742520 0.239141 0.782066 0.274847 0.806178 0.312500 0.807813 0.433113 0.811000 0.943750 0.814063 0.978070 0.797014 0.998437 0.760938 0.998437 0.671875 0.990625 0.635938 0.971875 0.418750 0.963786 0.390931 0.945312 0.378125 0.936283 0.367783 0.920312 0.359375
1 0.856861 0.074313 0.667231 0.071902 0.632812 0.089063 0.606434 0.178017 0.570247 0.256142 0.555288 0.305331 0.566386 0.325586 0.600000 0.339062 0.621392 0.342466 0.695217 0.339572 0.726562 0.339062 0.737500 0.337500 0.884375 0.335938 0.918750 0.321875 0.924413 0.303884 0.923930 0.277844 0.922483 0.242619 0.912833 0.117716 0.910937 0.087500 0.888223 0.078170 0.878573 0.079617
0 0.117545 0.036392 0.040625 0.040625 0.020077 0.053272 0.003125 0.076563 0.003125 0.451562 0.257812 0.451562 0.292892 0.441898 0.310745 0.430808 0.322325 0.415858 0.326562 0.382812 0.326562 0.367188 0.314063 0.331250 0.182812 0.079687 0.173517 0.059058 0.153734 0.041216 0.142187 0.040625
5 0.465483 0.428125 0.385937 0.428125 0.373437 0.479687 0.360938 0.585938 0.359375 0.592187 0.353125 0.593750 0.353125 0.714063 0.459375 0.714063 0.478125 0.745313 0.501563 0.745313 0.503125 0.739062 0.539062 0.723437 0.539062 0.700000 0.531250 0.693750 0.523438 0.639062 0.498437 0.548438 0.473438 0.428125
5 0.731120 0.403125 0.643750 0.403125 0.639062 0.410938 0.478125 0.432812 0.478125 0.482812 0.484375 0.484375 0.490625 0.496875 0.545312 0.729688 0.551562 0.739062 0.643750 0.732812 0.660937 0.742188 0.665625 0.751563 0.684375 0.751563 0.685937 0.743750 0.717187 0.728125 0.784375 0.715625 0.795312 0.707812 0.803125 0.693750 0.821875 0.682813 0.823438 0.664062 0.804688 0.607812 0.776563 0.553125 0.762500 0.475000 0.739062 0.403125
4 0.145000 0.053125 0.071875 0.053125 0.040625 0.095312 0.007812 0.129688 0.003125 0.129688 0.003125 0.439063 0.020313 0.439063 0.021875 0.445312 0.220312 0.445312 0.221875 0.439063 0.229687 0.437500 0.268750 0.437500 0.296875 0.425000 0.309375 0.410938 0.320312 0.384375 0.326562 0.382812 0.326562 0.359375 0.318750 0.356250 0.310937 0.332813 0.185938 0.098437 0.153125 0.053125
