0 0.324948 0.478125 0.096875 0.478125 0.067187 0.523438 0.063852 0.566920 0.059375 0.754687 0.084375 0.782813 0.103125 0.793750 0.253125 0.795312 0.273438 0.787500 0.285938 0.776563 0.301563 0.746875 0.368750 0.560937 0.370312 0.518750 0.360938 0.503125 0.335938 0.485938 0.332813 0.478125
7 0.217188 0.496875 0.189062 0.496875 0.185938 0.504687 0.140625 0.535937 0.117188 0.565625 0.109375 0.568750 0.109375 0.651563 0.117188 0.654687 0.132812 0.717187 0.139063 0.726562 0.153125 0.731250 0.173437 0.748437 0.193750 0.751563 0.195312 0.757812 0.240625 0.757812 0.243750 0.750000 0.267188 0.739062 0.295312 0.714063 0.318750 0.664062 0.320312 0.614062 0.331250 0.603125 0.356250 0.559375 0.364063 0.556250 0.364063 0.546875 0.309375 0.504687 0.306250 0.496875 0.295312 0.496875 0.271875 0.528125 0.259375 0.525000 0.228125 0.503125 0.226562 0.496875
4 0.243303 0.071875 0.135937 0.071875 0.132812 0.079687 0.107813 0.095312 0.101562 0.104688 0.085938 0.151562 0.078125 0.292187 0.071875 0.293750 0.071875 0.390625 0.079687 0.393750 0.092188 0.421875 0.106250 0.437500 0.140625 0.453125 0.364063 0.454688 0.392188 0.439063 0.414062 0.406250 0.407813 0.404687 0.385937 0.353125 0.360938 0.276562 0.251563 0.071875
5 0.702758 0.453125 0.571875 0.453125 0.571875 0.603125 0.578125 0.603125 0.595313 0.612500 0.620313 0.610938 0.726562 0.573438 0.726562 0.489063 0.720313 0.487500 0.718750 0.467187 0.710938 0.457813 0.710938 0.453125
5 0.722187 0.640625 0.685937 0.640625 0.685937 0.645312 0.681250 0.648438 0.634375 0.659375 0.617188 0.667188 0.598437 0.690625 0.589063 0.700000 0.584375 0.700000 0.584375 0.745313 0.612500 0.750000 0.631250 0.757812 0.632812 0.764062 0.654687 0.764062 0.654687 0.759375 0.660937 0.756250 0.704688 0.748437 0.734375 0.739062 0.739062 0.732812 0.739062 0.718750 0.731250 0.640625
5 0.915625 0.584375 0.887500 0.584375 0.885938 0.590625 0.864062 0.598437 0.740625 0.631250 0.740625 0.696875 0.746875 0.698438 0.748437 0.720313 0.764062 0.726562 0.785937 0.725000 0.912500 0.700000 0.921875 0.689063 0.926562 0.670312 0.932813 0.668750 0.932813 0.617188 0.926562 0.615625 0.925000 0.584375
2 0.496719 0.084375 0.345313 0.084375 0.345313 0.089063 0.321875 0.107813 0.321875 0.153125 0.329688 0.156250 0.420312 0.342187 0.432812 0.354687 0.457813 0.365625 0.534375 0.367188 0.556250 0.359375 0.568750 0.346875 0.598437 0.281250 0.628125 0.195312 0.648438 0.156250 0.650000 0.137500 0.639062 0.117188 0.612500 0.096875 0.590625 0.092188 0.514062 0.092188 0.506250 0.090625 0.504687 0.084375
0 0.923331 0.396875 0.464062 0.396875 0.429688 0.460938 0.354687 0.659375 0.334019 0.733239 0.346875 0.773438 0.368750 0.787500 0.959375 0.790625 0.978125 0.778125 0.998437 0.753125 0.996036 0.622894 0.993750 0.600000 0.992188 0.500000 0.982812 0.434375 0.970313 0.418750 0.948695 0.405434
0 0.603125 0.071875 0.353342 0.067422 0.331577 0.081014 0.316884 0.089170 0.311442 0.121794 0.323437 0.153125 0.409375 0.334375 0.439063 0.365625 0.457813 0.373437 0.501563 0.376563 0.512500 0.376563 0.537500 0.375000 0.565625 0.364063 0.585938 0.340625 0.662500 0.150000 0.665625 0.115625 0.639062 0.084375 0.610938 0.071875
5 0.813920 0.434375 0.734375 0.434375 0.728125 0.457813 0.721875 0.459375 0.721875 0.548438 0.728125 0.550000 0.732812 0.576562 0.740625 0.576562 0.743750 0.568750 0.778125 0.560937 0.909375 0.514062 0.921875 0.503125 0.926562 0.503125 0.926562 0.478125 0.920312 0.476562 0.918750 0.467187 0.909375 0.453125 0.895312 0.448437 0.865625 0.448437 0.826562 0.442188 0.821875 0.434375
5 0.493489 0.446875 0.453125 0.446875 0.434375 0.531250 0.428125 0.532813 0.428125 0.670312 0.432812 0.670312 0.464062 0.637500 0.496875 0.617188 0.531250 0.606250 0.570312 0.601562 0.570312 0.478125 0.564063 0.476562 0.560937 0.464062 0.554688 0.459375 0.512500 0.456250 0.503125 0.453125 0.501563 0.446875
0 0.232617 0.053125 0.112500 0.053125 0.085938 0.089063 0.078125 0.132812 0.069837 0.412020 0.112500 0.453125 0.153125 0.457813 0.368750 0.457813 0.395313 0.446875 0.412500 0.425000 0.420273 0.402233 0.410938 0.375000 0.398438 0.351562 0.268750 0.082812 0.240625 0.057813
0 0.910688 0.078125 0.717187 0.078125 0.690625 0.115625 0.664062 0.207813 0.629687 0.276562 0.615036 0.311431 0.621875 0.348438 0.653125 0.370312 0.696875 0.376563 0.730941 0.375016 0.754339 0.376647 0.860450 0.375559 0.939063 0.376563 0.965625 0.364063 0.976562 0.350000 0.982812 0.331250 0.982812 0.285938 0.981250 0.270313 0.976562 0.142187 0.965625 0.115625 0.921875 0.085938 0.918750 0.078125
1 0.907633 0.103125 0.707812 0.103125 0.682813 0.154688 0.668750 0.203125 0.639062 0.276562 0.629687 0.296875 0.621875 0.298438 0.621875 0.337500 0.656250 0.365625 0.707812 0.370312 0.709375 0.376563 0.921875 0.376563 0.923438 0.370312 0.945312 0.360938 0.959375 0.343750 0.964063 0.343750 0.964063 0.229687 0.957812 0.228125 0.956250 0.173437 0.950000 0.139063 0.932813 0.118750 0.915625 0.107813 0.915625 0.103125
