0 0.410730 0.071875 0.178125 0.071875 0.176563 0.081250 0.164062 0.096875 0.159375 0.096875 0.159375 0.321875 0.196875 0.346875 0.339062 0.406250 0.379688 0.418750 0.384375 0.426563 0.398438 0.426563 0.400000 0.420312 0.431250 0.400000 0.443750 0.365625 0.443750 0.114062 0.434375 0.090625 0.418750 0.071875
5 0.638281 0.128125 0.578125 0.128125 0.578125 0.268750 0.692187 0.293750 0.698438 0.296875 0.698438 0.301563 0.762500 0.301563 0.778125 0.259375 0.778125 0.237500 0.789062 0.175000 0.795312 0.171875 0.776563 0.159375 0.653125 0.135937 0.646875 0.132812 0.646875 0.128125
1 0.401562 0.078125 0.206250 0.078125 0.206250 0.082812 0.178125 0.107813 0.171875 0.107813 0.171875 0.323437 0.178125 0.323437 0.204687 0.343750 0.375000 0.412500 0.378125 0.420312 0.401562 0.420312 0.404687 0.412500 0.426563 0.400000 0.439063 0.375000 0.437500 0.242188 0.439063 0.201563 0.445312 0.200000 0.445312 0.120313 0.439063 0.118750 0.432812 0.101562 0.410938 0.084375 0.409375 0.078125
4 0.487109 0.615625 0.429688 0.615625 0.426563 0.623437 0.407813 0.632812 0.178125 0.739062 0.159375 0.753125 0.159375 0.840625 0.167187 0.843750 0.190625 0.876563 0.217188 0.892188 0.318750 0.903125 0.381250 0.904687 0.437500 0.901563 0.484375 0.887500 0.506250 0.867188 0.514062 0.848437 0.517188 0.745313 0.520312 0.732812 0.526563 0.731250 0.526563 0.675000 0.520312 0.673438 0.514062 0.643750 0.495312 0.621875 0.495312 0.615625
2 0.231770 0.384375 0.187500 0.384375 0.171875 0.415625 0.165625 0.417187 0.165625 0.687500 0.178125 0.692187 0.182812 0.701562 0.232813 0.701562 0.239063 0.690625 0.282813 0.665625 0.401562 0.609375 0.423438 0.592187 0.434375 0.573438 0.439063 0.573438 0.439063 0.490625 0.432812 0.489063 0.417187 0.465625 0.270313 0.404687 0.243750 0.392188 0.240625 0.384375
0 0.614955 0.653125 0.564063 0.653125 0.564063 0.657813 0.534375 0.682813 0.534375 0.881250 0.539062 0.881250 0.557813 0.903125 0.593750 0.915625 0.725000 0.920312 0.726562 0.926562 0.735938 0.926562 0.737500 0.920312 0.754687 0.920312 0.778125 0.912500 0.801562 0.885938 0.809375 0.859375 0.814063 0.795312 0.820312 0.793750 0.820312 0.768750 0.814063 0.767188 0.804688 0.740625 0.789062 0.723437 0.776563 0.717187 0.640625 0.667188 0.626563 0.660937 0.623437 0.653125
0 0.482292 0.609375 0.440625 0.609375 0.439063 0.615625 0.240625 0.707812 0.153125 0.756250 0.153125 0.860938 0.179688 0.884375 0.210938 0.896875 0.409375 0.906250 0.426563 0.907813 0.428125 0.914062 0.468750 0.914062 0.470313 0.907813 0.489063 0.901563 0.503125 0.889062 0.510938 0.873437 0.520312 0.790625 0.526563 0.789062 0.526563 0.660937 0.520312 0.659375 0.510938 0.634375 0.490625 0.609375
5 0.639931 0.128125 0.571875 0.128125 0.571875 0.181250 0.554688 0.184375 0.557813 0.196875 0.550000 0.209375 0.532813 0.217188 0.526563 0.215625 0.521875 0.193750 0.503125 0.242188 0.498437 0.279687 0.490625 0.301563 0.484375 0.303125 0.484375 0.329688 0.492188 0.332813 0.495312 0.345313 0.492188 0.393750 0.484375 0.400000 0.484375 0.442188 0.490625 0.443750 0.498437 0.468750 0.500000 0.553125 0.503125 0.564063 0.514062 0.575000 0.526563 0.575000 0.545312 0.596875 0.562500 0.607812 0.576562 0.607812 0.576562 0.603125 0.559375 0.593750 0.554688 0.584375 0.576562 0.570312 0.589063 0.568750 0.600000 0.581250 0.600000 0.596875 0.615625 0.603125 0.671875 0.612500 0.757812 0.618750 0.765625 0.614062 0.773438 0.596875 0.779687 0.570312 0.779687 0.521875 0.800000 0.439063 0.807813 0.434375 0.807813 0.404687 0.796875 0.396875 0.784375 0.398438 0.778125 0.392188 0.796875 0.332813 0.800000 0.300000 0.807813 0.295312 0.807813 0.276562 0.800000 0.275000 0.779687 0.246875 0.789062 0.170313 0.771875 0.159375 0.654687 0.135937 0.648438 0.128125
0 0.232617 0.378125 0.176563 0.378125 0.176563 0.384375 0.160938 0.403125 0.159375 0.420312 0.153125 0.421875 0.153125 0.675000 0.185938 0.700000 0.189062 0.707812 0.228125 0.707812 0.231250 0.700000 0.403125 0.618750 0.428125 0.600000 0.439063 0.575000 0.445312 0.573438 0.445312 0.509375 0.439063 0.507812 0.428125 0.471875 0.414062 0.457813 0.243750 0.385937 0.240625 0.378125
7 0.583855 0.659375 0.567187 0.659375 0.554688 0.701562 0.546875 0.706250 0.546875 0.840625 0.551562 0.840625 0.565625 0.859375 0.589063 0.870313 0.589063 0.878125 0.604688 0.890625 0.604688 0.895312 0.612500 0.895312 0.614062 0.889062 0.635938 0.887500 0.657813 0.876563 0.678125 0.853125 0.717187 0.845313 0.732812 0.831250 0.751563 0.796875 0.750000 0.782813 0.737500 0.759375 0.746875 0.735938 0.731250 0.717187 0.700000 0.698438 0.628125 0.687500 0.606250 0.675000 0.596875 0.675000 0.592187 0.659375
0 0.743648 0.065625 0.506250 0.065625 0.506250 0.070312 0.479687 0.095312 0.473438 0.109375 0.465625 0.112500 0.465625 0.562500 0.470313 0.562500 0.489063 0.584375 0.509375 0.595313 0.582812 0.626563 0.732812 0.679688 0.740625 0.689063 0.790625 0.689063 0.790625 0.682813 0.803125 0.671875 0.817187 0.645312 0.820312 0.625000 0.828125 0.526563 0.826562 0.439063 0.837500 0.134375 0.832812 0.112500 0.810937 0.087500 0.790625 0.076563 0.753125 0.071875 0.751563 0.065625
