2 0.900000 0.278125 0.853125 0.278125 0.850000 0.285938 0.631250 0.395313 0.615625 0.420312 0.609375 0.421875 0.609375 0.539062 0.646875 0.571875 0.723437 0.598437 0.818750 0.640625 0.853125 0.650000 0.857812 0.657813 0.875000 0.657813 0.876563 0.651563 0.915625 0.634375 0.926562 0.618750 0.934375 0.582812 0.939063 0.454688 0.937500 0.323437 0.929688 0.303125 0.907813 0.278125
4 0.893750 0.003125 0.526563 0.003125 0.523438 0.015625 0.503125 0.032813 0.503125 0.328125 0.510938 0.331250 0.520312 0.348438 0.542188 0.364063 0.543750 0.370312 0.587500 0.370312 0.589063 0.364063 0.626563 0.351562 0.678125 0.321875 0.723437 0.310937 0.787500 0.273438 0.864062 0.240625 0.907813 0.215625 0.925000 0.196875 0.943750 0.154688 0.951562 0.151562 0.951562 0.054688 0.943750 0.051562 0.928125 0.028125 0.904687 0.010937 0.901563 0.003125
0 0.925000 0.003125 0.503125 0.003125 0.503125 0.337500 0.510938 0.339062 0.517188 0.351562 0.546875 0.376563 0.546875 0.382812 0.598437 0.382812 0.601562 0.375000 0.615625 0.367188 0.734375 0.307812 0.792188 0.284375 0.915625 0.220312 0.950248 0.206542 0.975086 0.168180 0.976214 0.048012 0.963797 0.028892 0.950248 0.015917 0.932813 0.003125
1 0.684895 0.628125 0.640625 0.628125 0.640625 0.632812 0.609375 0.659375 0.609375 0.904687 0.640625 0.912500 0.648438 0.926562 0.646875 0.940625 0.639062 0.948438 0.609375 0.954688 0.609375 0.993750 0.617188 0.998437 0.918750 0.998437 0.925000 0.932813 0.931250 0.909375 0.939063 0.904687 0.939063 0.882812 0.932813 0.881250 0.928125 0.865625 0.928125 0.790625 0.914062 0.739062 0.878125 0.709375 0.740625 0.654687 0.695312 0.634375 0.693750 0.628125
7 0.344922 0.015625 0.287500 0.015625 0.276562 0.051562 0.214062 0.050000 0.173437 0.071875 0.156250 0.090625 0.148438 0.107813 0.140625 0.110937 0.140625 0.198437 0.146875 0.200000 0.157812 0.221875 0.167187 0.229687 0.246875 0.256250 0.307812 0.284375 0.367188 0.300000 0.423438 0.296875 0.446875 0.285938 0.457813 0.268750 0.464062 0.267188 0.464062 0.246875 0.456250 0.243750 0.435937 0.203125 0.445312 0.165625 0.439063 0.112500 0.429688 0.087500 0.410938 0.060937 0.392188 0.043750 0.356250 0.023438 0.353125 0.015625
0 0.685937 0.621875 0.646875 0.621875 0.646875 0.626563 0.623437 0.646875 0.610938 0.673438 0.603125 0.676562 0.603125 0.998437 0.946875 0.998437 0.951562 0.910937 0.957812 0.909375 0.957812 0.759375 0.953125 0.759375 0.914062 0.715625 0.832812 0.685937 0.770312 0.656250 0.704688 0.634375 0.693750 0.621875
0 0.907552 0.271875 0.867188 0.271875 0.864062 0.279687 0.848437 0.289062 0.757812 0.328125 0.648438 0.384375 0.631250 0.398438 0.617188 0.420312 0.609375 0.423438 0.609375 0.545312 0.617188 0.548438 0.634375 0.571875 0.720313 0.610938 0.851562 0.660937 0.868750 0.668750 0.871875 0.676562 0.914062 0.676562 0.917188 0.668750 0.940625 0.653125 0.957812 0.620313 0.964063 0.537500 0.970313 0.535937 0.970313 0.321875 0.918750 0.279687 0.915625 0.271875
0 0.454688 0.000000 0.110937 0.000000 0.103125 0.007812 0.099692 0.184381 0.110981 0.204691 0.134375 0.226562 0.157812 0.239063 0.293750 0.285938 0.392188 0.332813 0.426563 0.332813 0.442188 0.320312 0.462425 0.312036 0.478230 0.279314 0.482812 0.248438 0.482812 0.195312 0.482812 0.185938 0.482812 0.040625 0.474958 0.019081 0.462500 0.000000
5 0.209375 0.328125 0.198437 0.328125 0.153125 0.464062 0.115625 0.546875 0.103125 0.554688 0.103125 0.590625 0.139063 0.609375 0.148438 0.621875 0.140625 0.735938 0.131250 0.760938 0.128125 0.798438 0.151562 0.845313 0.159375 0.882812 0.157812 0.914062 0.218750 0.914062 0.235937 0.887500 0.245312 0.781250 0.254688 0.764062 0.254688 0.682813 0.262500 0.668750 0.279687 0.665625 0.292187 0.668750 0.295312 0.690625 0.306250 0.693750 0.304688 0.720313 0.301563 0.725000 0.295312 0.721875 0.287500 0.739062 0.289062 0.765625 0.292187 0.778125 0.296875 0.785937 0.303125 0.784375 0.306250 0.795312 0.307812 0.889062 0.320312 0.903125 0.321875 0.914062 0.507812 0.914062 0.529687 0.857812 0.542188 0.706250 0.528125 0.653125 0.526563 0.600000 0.531250 0.557813 0.504687 0.521875 0.484375 0.512500 0.481250 0.501563 0.495312 0.426563 0.490625 0.420312 0.457813 0.409375 0.264062 0.351562 0.221875 0.334375 0.220312 0.328125
0 0.182537 0.279069 0.146875 0.284375 0.137422 0.292220 0.118625 0.310069 0.103125 0.340625 0.103125 0.868750 0.115625 0.935937 0.110937 0.998437 0.576353 0.996455 0.577292 0.943850 0.580113 0.668722 0.580113 0.442333 0.548156 0.412272 0.509375 0.403125 0.406231 0.358916 0.359237 0.343886 0.295325 0.319462 0.252089 0.304433 0.209375 0.284375
