0 0.474825 0.014219 0.384375 0.023438 0.312500 0.037500 0.217188 0.071875 0.192188 0.085938 0.168750 0.107813 0.129688 0.160938 0.129091 0.186128 0.124617 0.489683 0.145313 0.507812 0.171875 0.512500 0.235937 0.487500 0.403125 0.450000 0.617188 0.464062 0.712500 0.485938 0.756250 0.501563 0.771875 0.501563 0.792188 0.490625 0.820312 0.459375 0.820312 0.264062 0.817187 0.220312 0.801562 0.157812 0.770312 0.114062 0.739062 0.084375 0.676562 0.053125 0.592187 0.025000
0 0.368750 0.479687 0.256250 0.503125 0.170313 0.532813 0.121875 0.557813 0.121875 0.867188 0.178125 0.917188 0.232813 0.940625 0.279687 0.950000 0.301563 0.964063 0.328125 0.970313 0.432008 0.982402 0.462500 0.970313 0.490625 0.928125 0.498437 0.892188 0.498437 0.598437 0.489063 0.515625 0.478125 0.496875 0.454688 0.479687 0.437120 0.473067
7 0.706250 0.515625 0.581250 0.515625 0.585938 0.559375 0.565625 0.578125 0.539062 0.617188 0.534375 0.634375 0.528125 0.635938 0.528125 0.687500 0.532813 0.687500 0.543750 0.703125 0.548438 0.737500 0.546875 0.745313 0.528125 0.759375 0.528125 0.809375 0.568750 0.842187 0.593750 0.851562 0.595313 0.857812 0.685937 0.857812 0.687500 0.851562 0.732812 0.839063 0.750000 0.814063 0.748437 0.785937 0.737500 0.756250 0.739062 0.732812 0.748437 0.723437 0.801562 0.714063 0.801562 0.684375 0.795312 0.682813 0.787500 0.646875 0.757812 0.593750 0.750000 0.554688 0.714063 0.520312 0.714063 0.515625
0 0.595298 0.488297 0.559375 0.489063 0.534375 0.509375 0.521875 0.523438 0.521875 0.931250 0.550000 0.954688 0.565625 0.962500 0.584375 0.964063 0.634375 0.964063 0.690625 0.943750 0.767188 0.901563 0.812500 0.851562 0.828125 0.820312 0.839063 0.782813 0.839063 0.668750 0.834375 0.600000 0.818750 0.562500 0.801562 0.546875 0.760938 0.525000 0.695312 0.503125 0.634375 0.492188
1 0.125000 0.600000 0.126562 0.803125 0.139063 0.831250 0.168750 0.870313 0.195312 0.887500 0.243750 0.903125 0.267188 0.920312 0.359375 0.923438 0.373437 0.935937 0.393750 0.923438 0.476562 0.918750 0.485938 0.896875 0.485569 0.747953 0.487500 0.542188 0.473438 0.507812 0.429688 0.487500 0.321875 0.501563 0.304688 0.512500 0.265625 0.518750 0.181250 0.550000 0.139063 0.575000
5 0.346875 0.195312 0.332813 0.214062 0.339062 0.220312 0.371875 0.221875 0.471875 0.206250 0.514062 0.206250 0.625000 0.185938 0.559375 0.121875 0.525000 0.071875 0.503125 0.054688
5 0.215625 0.328125 0.215625 0.345313 0.226562 0.356250 0.259375 0.354687 0.265625 0.365625 0.317188 0.396875 0.348438 0.407813 0.404687 0.425000 0.512500 0.431250 0.657813 0.425000 0.746875 0.367188 0.754687 0.367188 0.756250 0.354687 0.770312 0.345313 0.762500 0.326562 0.731250 0.304688 0.718750 0.292187 0.712500 0.273438 0.682813 0.248438 0.378125 0.276562 0.356250 0.282813 0.329688 0.304688 0.295312 0.318750 0.225000 0.318750
5 0.195312 0.370312 0.192188 0.435937 0.182812 0.473438 0.200000 0.492188 0.321875 0.459375 0.398438 0.446875 0.492188 0.443750 0.606250 0.456250 0.612500 0.442188 0.604688 0.432812 0.473438 0.432812 0.462500 0.440625 0.456250 0.434375 0.429688 0.429688 0.354687 0.428125 0.331250 0.406250 0.292187 0.393750 0.259375 0.371875 0.217188 0.359375 0.200000 0.360938
5 0.693750 0.246875 0.698438 0.260937 0.714063 0.275000 0.725000 0.276562 0.725000 0.242188
5 0.570312 0.125000 0.576562 0.139063 0.634375 0.185938 0.726562 0.171875 0.714063 0.104688 0.704688 0.092188 0.679688 0.096875 0.662500 0.092188 0.640625 0.106250 0.606250 0.101562
5 0.181250 0.120313 0.181250 0.182812 0.192188 0.228125 0.245312 0.209375 0.328125 0.209375 0.371875 0.168750 0.359375 0.151562 0.229687 0.101562 0.210938 0.114062
