7 0.329241 0.040625 0.279687 0.040625 0.276562 0.048438 0.254688 0.060937 0.235937 0.104688 0.217188 0.131250 0.209375 0.132812 0.209375 0.192188 0.215625 0.192188 0.246875 0.221875 0.412500 0.287500 0.414062 0.295312 0.429688 0.295312 0.429688 0.290625 0.456250 0.268750 0.465625 0.245312 0.467187 0.215625 0.450000 0.178125 0.470313 0.123438 0.465625 0.095312 0.453125 0.068750 0.443750 0.059375 0.421875 0.054688 0.393750 0.070312 0.375000 0.095312 0.364063 0.098437 0.357812 0.093750 0.360938 0.067187 0.353125 0.056250 0.337500 0.046875 0.337500 0.040625
0 0.324138 0.015645 0.246045 0.008692 0.204687 0.032813 0.197906 0.140808 0.201650 0.184133 0.217161 0.201248 0.242300 0.227458 0.412500 0.293750 0.435392 0.299131 0.459375 0.296875 0.482812 0.278125 0.496875 0.245312 0.495298 0.069669 0.475508 0.045064 0.455183 0.033297
0 0.669238 0.547973 0.645336 0.541413 0.615811 0.549380 0.592187 0.573438 0.586286 0.628113 0.581598 0.864783 0.589063 0.882812 0.603125 0.900000 0.635938 0.910937 0.729688 0.909375 0.821875 0.898438 0.850000 0.876563 0.862500 0.831250 0.864062 0.739062 0.864062 0.717187 0.862500 0.709375 0.859375 0.650000 0.834375 0.621875 0.743750 0.578125 0.685937 0.556250
0 0.560019 0.051483 0.531136 0.058436 0.516694 0.083575 0.510275 0.303945 0.517188 0.315625 0.529531 0.334434 0.543750 0.343750 0.566973 0.348341 0.592187 0.343750 0.801562 0.254688 0.850000 0.228125 0.859017 0.191086 0.852064 0.123691 0.833878 0.093738 0.778786 0.076622 0.721019 0.066994
0 0.813525 0.266795 0.796141 0.269956 0.773438 0.279687 0.754687 0.289062 0.628125 0.345313 0.600958 0.367548 0.591080 0.391650 0.589500 0.452102 0.596875 0.489063 0.618750 0.509375 0.804688 0.592187 0.820312 0.595313 0.834375 0.592187 0.854688 0.573438 0.862500 0.554688 0.865625 0.521875 0.865625 0.323437 0.860542 0.299195 0.834375 0.271875
0 0.269922 0.253125 0.212500 0.253125 0.212500 0.259375 0.190625 0.279687 0.178125 0.312500 0.171875 0.385937 0.174769 0.498122 0.159375 0.896875 0.189062 0.925000 0.204687 0.932813 0.453125 0.931250 0.509375 0.920312 0.540625 0.903125 0.551562 0.890625 0.562500 0.862500 0.570312 0.562500 0.571853 0.406883 0.557717 0.387606 0.540625 0.370312 0.415625 0.312500 0.284375 0.262500
4 0.514062 0.162500 0.515625 0.296875 0.528125 0.306250 0.528125 0.317188 0.535937 0.317188 0.542188 0.331250 0.568750 0.340625 0.615625 0.329688 0.807813 0.242188 0.848437 0.212500 0.857812 0.196875 0.834375 0.137500 0.835938 0.118750 0.806250 0.089063 0.775000 0.078125 0.751563 0.078125 0.693750 0.056250 0.673438 0.056250 0.614062 0.081250 0.587500 0.082812 0.568750 0.096875 0.539062 0.104688 0.525000 0.117188
2 0.598437 0.389062 0.596875 0.471875 0.607812 0.495312 0.790625 0.575000 0.820312 0.565625 0.831250 0.543750 0.828125 0.384375 0.840625 0.331250 0.829688 0.306250 0.793750 0.290625 0.775000 0.293750 0.759375 0.304688 0.740625 0.304688 0.614062 0.365625
5 0.200000 0.553125 0.198437 0.618750 0.214062 0.682813 0.246875 0.739062 0.276562 0.809375 0.301563 0.835938 0.320312 0.835938 0.304688 0.795312 0.301563 0.760938 0.306250 0.739062 0.300000 0.714063 0.209375 0.534375 0.203125 0.534375
5 0.229687 0.426563 0.228125 0.445312 0.293750 0.589063 0.342187 0.712500 0.350000 0.726562 0.384375 0.756250 0.409375 0.815625 0.415625 0.817187 0.435937 0.795312 0.493750 0.665625 0.539062 0.584375 0.543750 0.518750 0.410938 0.368750 0.365625 0.329688 0.351562 0.328125 0.334375 0.314063 0.312500 0.318750
6 0.590625 0.590625 0.592187 0.712500 0.582812 0.845313 0.590625 0.871875 0.621875 0.890625 0.643750 0.892188 0.660937 0.882812 0.690625 0.882812 0.700000 0.876563 0.737500 0.889062 0.806250 0.862500 0.823438 0.840625 0.831250 0.773438 0.860938 0.735938 0.857812 0.707812 0.839063 0.671875 0.840625 0.653125 0.826562 0.620313 0.761969 0.608142 0.673306 0.576811 0.629687 0.557813 0.606250 0.562500
