4 0.643230 0.010937 0.526563 0.023438 0.503125 0.035937 0.482812 0.059375 0.470313 0.117188 0.470313 0.235937 0.481250 0.334375 0.493750 0.353125 0.512500 0.367188 0.559375 0.371875 0.590625 0.360938 0.651563 0.326562 0.682813 0.317188 0.850000 0.234375 0.892188 0.209375 0.915625 0.181250 0.920312 0.125000 0.910937 0.073438 0.901563 0.053125 0.865625 0.025000 0.853125 0.018750 0.792188 0.010937 0.754687 0.010937 0.725000 0.017188 0.651563 0.010937
0 0.888477 0.267188 0.829688 0.267188 0.779687 0.295312 0.632812 0.364063 0.606250 0.381250 0.592187 0.395313 0.578125 0.420312 0.578125 0.540625 0.587500 0.554688 0.625000 0.579688 0.848437 0.664062 0.889062 0.664062 0.915625 0.645312 0.931250 0.620313 0.935937 0.590625 0.935937 0.325000 0.921875 0.292187 0.896875 0.267188
7 0.347767 0.071875 0.296875 0.071875 0.251563 0.092188 0.217188 0.082812 0.198437 0.095312 0.181250 0.150000 0.159375 0.176563 0.159375 0.229687 0.179688 0.253125 0.203125 0.265625 0.290625 0.290625 0.328125 0.310937 0.364063 0.310937 0.384375 0.303125 0.404687 0.285938 0.435937 0.234375 0.434375 0.168750 0.421875 0.128125 0.410938 0.112500 0.356250 0.071875
0 0.221733 0.309375 0.174139 0.303753 0.123438 0.334375 0.123438 0.998437 0.540625 0.998437 0.546875 0.931250 0.543750 0.704688 0.548438 0.604688 0.548438 0.460938 0.542188 0.443750 0.521875 0.420312 0.503125 0.409375
2 0.877902 0.275000 0.829688 0.275000 0.639062 0.368750 0.606250 0.389062 0.593750 0.401562 0.582812 0.423438 0.582812 0.534375 0.593750 0.548438 0.607812 0.560937 0.645312 0.579688 0.845313 0.654687 0.870313 0.654687 0.896875 0.640625 0.910937 0.621875 0.917188 0.603125 0.921875 0.371875 0.910937 0.309375 0.903125 0.290625 0.885938 0.275000
1 0.646563 0.618750 0.614062 0.618750 0.593750 0.635938 0.581250 0.659375 0.578125 0.854688 0.582812 0.895312 0.590625 0.907813 0.614062 0.917188 0.620313 0.925000 0.612500 0.943750 0.595313 0.945312 0.585938 0.956250 0.587500 0.971875 0.600000 0.998437 0.912500 0.998437 0.915625 0.762500 0.904687 0.734375 0.889062 0.718750 0.853125 0.700000 0.795312 0.681250 0.732812 0.650000 0.654687 0.618750
0 0.656027 0.615625 0.607812 0.615625 0.589063 0.632812 0.575000 0.654687 0.575000 0.998437 0.934375 0.998437 0.934375 0.767188 0.915625 0.731250 0.885938 0.707812 0.764062 0.662500 0.664062 0.615625
0 0.395152 0.020313 0.171875 0.020313 0.160938 0.028125 0.132812 0.057813 0.118750 0.081250 0.118750 0.220312 0.132812 0.239063 0.164062 0.260937 0.276562 0.293750 0.371875 0.334375 0.398438 0.335938 0.421875 0.323437 0.435937 0.306250 0.446875 0.267188 0.448437 0.107813 0.442188 0.067187 0.426980 0.033069 0.403125 0.020313
5 0.284375 0.407813 0.223438 0.417187 0.223438 0.435937 0.259375 0.454688 0.300000 0.509375 0.312500 0.545312 0.312500 0.607812 0.318750 0.637500 0.418750 0.871875 0.431250 0.892188 0.465625 0.903125 0.515625 0.896875 0.523438 0.890625 0.523438 0.721875 0.515625 0.660937 0.520312 0.557813 0.528125 0.521875 0.528125 0.467187 0.489063 0.457813 0.481250 0.448437 0.478125 0.432812 0.465625 0.425000 0.343750 0.418750 0.293750 0.407813
0 0.876492 0.009375 0.537500 0.009375 0.520312 0.014063 0.496875 0.029687 0.482812 0.046875 0.471875 0.082812 0.471875 0.303125 0.478125 0.328125 0.493750 0.354687 0.525000 0.375000 0.556250 0.378125 0.581250 0.371875 0.907813 0.204687 0.931250 0.173437 0.931250 0.050000 0.884375 0.009375
5 0.176563 0.531250 0.164062 0.564063 0.164062 0.675000 0.173437 0.684375 0.170313 0.729688 0.179688 0.776563 0.179688 0.892188 0.190625 0.898438 0.221875 0.903125 0.307812 0.904687 0.340625 0.928125 0.348438 0.921875 0.353125 0.906250 0.353125 0.876563 0.298438 0.735938 0.253125 0.632812 0.206250 0.584375 0.179688 0.531250
5 0.498177 0.956250 0.457813 0.956250 0.457813 0.979688 0.503125 0.979688 0.504687 0.978125 0.504687 0.976562 0.509375 0.971875 0.509375 0.959375 0.506250 0.956250
