0 0.411105 0.081036 0.199783 0.087403 0.167364 0.114172 0.159375 0.132812 0.155819 0.262792 0.177062 0.292794 0.359375 0.350000 0.375000 0.356250 0.423438 0.364063 0.448437 0.334375 0.457813 0.309375 0.457813 0.278125 0.459595 0.231503 0.454977 0.137345 0.449434 0.116577 0.431425 0.095806 0.423438 0.090625
1 0.648845 0.607769 0.611439 0.609614 0.586502 0.644692 0.595277 0.802834 0.597123 0.855477 0.598437 0.925000 0.624370 0.957731 0.664086 0.954500 0.738436 0.951731 0.814172 0.950808 0.856197 0.937884 0.876563 0.935937 0.876563 0.698438 0.839572 0.679770 0.713498 0.636845 0.659375 0.609375
4 0.584114 0.090625 0.543750 0.090625 0.543750 0.095312 0.535937 0.098437 0.510938 0.098437 0.501563 0.101562 0.484375 0.120313 0.478125 0.120313 0.478125 0.359375 0.482812 0.359375 0.503125 0.384375 0.532813 0.395313 0.534375 0.401562 0.546875 0.401562 0.551562 0.393750 0.604688 0.373437 0.768750 0.284375 0.825000 0.248438 0.845313 0.229687 0.850000 0.217188 0.857812 0.214062 0.857812 0.184375 0.850000 0.181250 0.845313 0.167187 0.843750 0.132812 0.832812 0.118750 0.810937 0.106250 0.779687 0.098437 0.775000 0.090625 0.629687 0.090625 0.628125 0.096875 0.620313 0.098437 0.593750 0.096875 0.592187 0.090625
7 0.258125 0.134375 0.221875 0.134375 0.218750 0.142187 0.190625 0.151562 0.190625 0.165625 0.203125 0.176563 0.200000 0.190625 0.190625 0.196875 0.190625 0.267188 0.221875 0.287500 0.250000 0.292187 0.278125 0.310937 0.301563 0.314063 0.307812 0.326562 0.323437 0.334375 0.379688 0.350000 0.382812 0.357812 0.387500 0.357812 0.398438 0.332813 0.400000 0.314063 0.425000 0.290625 0.439063 0.265625 0.445312 0.264062 0.445312 0.231250 0.439063 0.229687 0.425000 0.200000 0.423438 0.159375 0.404687 0.134375 0.354687 0.134375 0.353125 0.140625 0.332813 0.150000 0.306250 0.171875 0.295312 0.173437 0.267188 0.134375
0 0.814023 0.084375 0.507812 0.084375 0.489152 0.096916 0.471142 0.133841 0.478125 0.364063 0.506250 0.389062 0.521875 0.401562 0.560937 0.401562 0.564063 0.393750 0.703125 0.323437 0.848069 0.245716 0.864062 0.207813 0.864062 0.143750 0.848069 0.101994 0.821875 0.090625
2 0.813434 0.305280 0.800966 0.300203 0.781108 0.311280 0.714608 0.349128 0.658636 0.380533 0.604142 0.401303 0.581052 0.419766 0.578125 0.535937 0.603125 0.557813 0.634375 0.571875 0.708142 0.590025 0.772795 0.619103 0.804688 0.631250 0.812048 0.633411 0.838372 0.634334 0.864062 0.609375 0.870313 0.590625 0.869773 0.577745 0.865156 0.539436 0.864233 0.505744 0.861000 0.457280 0.861923 0.434203 0.851302 0.340819 0.842528 0.318203
0 0.655730 0.596875 0.614062 0.601562 0.593614 0.621133 0.581145 0.641903 0.584375 0.917188 0.601562 0.962500 0.631250 0.989062 0.748437 0.989062 0.857767 0.977756 0.876563 0.965625 0.876563 0.689063 0.862500 0.678125 0.806250 0.653125 0.745086 0.632211 0.664733 0.601286
0 0.809278 0.284405 0.782813 0.296875 0.603125 0.393750 0.571875 0.418750 0.576066 0.533598 0.598437 0.557813 0.626563 0.571875 0.809375 0.634375 0.820312 0.645312 0.848437 0.645312 0.876563 0.618750 0.876563 0.414062 0.871875 0.414062 0.875778 0.403877 0.874392 0.329105 0.860077 0.300489 0.835600 0.288097
0 0.210681 0.330008 0.184375 0.340625 0.159375 0.376563 0.159375 0.934375 0.167187 0.937500 0.182812 0.962500 0.209375 0.989062 0.542188 0.989062 0.564063 0.956250 0.564063 0.762500 0.553341 0.586692 0.551562 0.478125 0.546875 0.465625 0.529687 0.443750 0.506250 0.428125 0.392188 0.385937 0.260937 0.340625
5 0.226562 0.343750 0.209375 0.356250 0.206250 0.368750 0.212500 0.478125 0.209375 0.490625 0.203125 0.495312 0.200000 0.515625 0.184375 0.525000 0.184375 0.539062 0.190625 0.539062 0.210938 0.556250 0.196875 0.648438 0.215625 0.712500 0.215625 0.729688 0.203125 0.757812 0.204687 0.796875 0.196875 0.814063 0.184375 0.821875 0.184375 0.871875 0.192188 0.873437 0.218750 0.918750 0.225000 0.921875 0.246875 0.926562 0.279687 0.923438 0.357812 0.929688 0.375000 0.951562 0.387500 0.951562 0.392188 0.932813 0.400000 0.925000 0.432812 0.928125 0.468750 0.917188 0.475000 0.882812 0.482812 0.878125 0.482812 0.859375 0.478125 0.859375 0.475000 0.851562 0.476562 0.798438 0.482812 0.796875 0.482812 0.739062 0.476562 0.737500 0.470313 0.721875 0.476562 0.710938 0.482812 0.710938 0.482812 0.634375 0.476562 0.632812 0.482812 0.620313 0.470313 0.617188 0.464062 0.596875 0.465625 0.581250 0.482812 0.585938 0.482812 0.431250 0.465625 0.439063 0.440625 0.420312 0.407813 0.414062 0.396875 0.396875 0.381250 0.387500 0.251563 0.357812 0.232813 0.343750
7 0.863542 0.003125 0.771875 0.003125 0.771875 0.045312 0.776563 0.045312 0.778125 0.046875 0.778125 0.051562 0.801562 0.051562 0.801562 0.046875 0.803125 0.045312 0.817187 0.045312 0.818750 0.043750 0.862500 0.043750 0.864062 0.042188 0.871875 0.042188 0.873437 0.037500 0.873437 0.010937 0.871875 0.009375 0.871875 0.003125
