7 0.376458 0.078125 0.265625 0.078125 0.264062 0.084375 0.190625 0.135937 0.184375 0.135937 0.184375 0.159375 0.210938 0.173437 0.234375 0.206250 0.221875 0.225000 0.184375 0.250000 0.184375 0.356250 0.190625 0.357812 0.198437 0.389062 0.207813 0.401562 0.239063 0.410938 0.265625 0.403125 0.270313 0.415625 0.296875 0.426563 0.298438 0.432812 0.353125 0.432812 0.360938 0.420312 0.368750 0.354687 0.390625 0.328125 0.362500 0.289062 0.360938 0.276562 0.400000 0.239063 0.406250 0.203125 0.398438 0.168750 0.373437 0.140625 0.375000 0.129688 0.398438 0.101562 0.396875 0.090625 0.387500 0.085938 0.384375 0.078125
0 0.401447 0.003125 0.195312 0.003125 0.193750 0.010937 0.160938 0.032813 0.128125 0.067187 0.121875 0.067187 0.121875 0.368750 0.140625 0.382812 0.185938 0.404687 0.225000 0.417187 0.310937 0.435937 0.342187 0.435937 0.367188 0.428125 0.393750 0.407813 0.406250 0.381250 0.414062 0.335938 0.420312 0.334375 0.420312 0.021875 0.412500 0.018750 0.409375 0.003125
1 0.673327 0.009375 0.459375 0.009375 0.446875 0.050000 0.440625 0.051562 0.440625 0.398438 0.448437 0.401562 0.457813 0.420312 0.476562 0.434375 0.493750 0.439063 0.495312 0.445312 0.542188 0.445312 0.542188 0.440625 0.551562 0.435937 0.620313 0.426563 0.668750 0.407813 0.731250 0.395313 0.832812 0.354687 0.846875 0.345313 0.859375 0.321875 0.857812 0.203125 0.853125 0.170313 0.839063 0.132812 0.793750 0.075000 0.732812 0.035937 0.684375 0.017188 0.681250 0.009375
0 0.739062 0.000000 0.434375 0.000000 0.434375 0.406250 0.467187 0.434375 0.495312 0.445312 0.496875 0.451562 0.540625 0.451562 0.540625 0.446875 0.548438 0.443750 0.648438 0.428125 0.753125 0.400000 0.828125 0.370312 0.870313 0.343750 0.876563 0.321875 0.875000 0.204687 0.864062 0.135937 0.839063 0.084375 0.817187 0.056250 0.746875 0.000000
5 0.657687 0.496875 0.467187 0.496875 0.465625 0.503125 0.418750 0.509375 0.360938 0.506250 0.290625 0.537500 0.290625 0.551562 0.312500 0.570312 0.339062 0.615625 0.568750 0.731250 0.646875 0.778125 0.678125 0.790625 0.781250 0.673438 0.823438 0.615625 0.832812 0.612500 0.832812 0.592187 0.826562 0.592187 0.775000 0.546875 0.700000 0.512500 0.671875 0.506250 0.665625 0.496875
5 0.162500 0.671875 0.153125 0.671875 0.137500 0.720313 0.121875 0.725000 0.121875 0.740625 0.128125 0.740625 0.135937 0.754687 0.135937 0.784375 0.129688 0.800000 0.128125 0.826562 0.121875 0.828125 0.121875 0.928125 0.146875 0.929688 0.165625 0.923438 0.209375 0.929688 0.234375 0.925000 0.251563 0.931250 0.267188 0.923438 0.340625 0.921875 0.382812 0.890625 0.389062 0.890625 0.389062 0.881250 0.362500 0.864062 0.290625 0.796875 0.229687 0.750000 0.173437 0.695312 0.171875 0.671875
0 0.162239 0.409375 0.121875 0.409375 0.121875 0.414062 0.115625 0.415625 0.115625 0.939063 0.121875 0.940625 0.129688 0.959375 0.154688 0.975000 0.184375 0.985938 0.200000 0.998437 0.746875 0.998437 0.809375 0.964063 0.864062 0.914062 0.875000 0.887500 0.879687 0.839063 0.879687 0.565625 0.875000 0.456250 0.851562 0.409375 0.760938 0.409375 0.757812 0.417187 0.718750 0.431250 0.618750 0.454688 0.562500 0.464062 0.470313 0.470313 0.332813 0.459375 0.187500 0.421875 0.173437 0.417187 0.170313 0.409375
5 0.175000 0.660937 0.165625 0.670312 0.159375 0.670312 0.159375 0.859375 0.165625 0.857812 0.170313 0.823438 0.184375 0.785937 0.203125 0.781250 0.214062 0.790625 0.214062 0.800000 0.221875 0.803125 0.235937 0.796875 0.228125 0.790625 0.232813 0.784375 0.231250 0.767188 0.242188 0.765625 0.231250 0.753125 0.235937 0.750000 0.309375 0.807813 0.370312 0.868750 0.393750 0.881250 0.432812 0.921875 0.470313 0.925000 0.489063 0.932813 0.509375 0.925000 0.535937 0.923438 0.553125 0.932813 0.575000 0.925000 0.593750 0.901563 0.601562 0.881250 0.607812 0.878125 0.610938 0.890625 0.618750 0.896875 0.673438 0.900000 0.689063 0.907813 0.701562 0.907813 0.701562 0.903125 0.620313 0.860938 0.421875 0.737500 0.306250 0.673438 0.282813 0.670312 0.265625 0.675000 0.229687 0.675000 0.187500 0.660937
5 0.790625 0.659375 0.782813 0.675000 0.734375 0.726562 0.695312 0.778125 0.684375 0.782813 0.684375 0.796875 0.746875 0.829688 0.779687 0.859375 0.785937 0.881250 0.781250 0.895312 0.784375 0.907813 0.798438 0.907813 0.834375 0.896875 0.846875 0.884375 0.850000 0.873437 0.832812 0.765625 0.804688 0.659375
0 0.162500 0.409375 0.123438 0.409375 0.123438 0.414062 0.115625 0.417187 0.115625 0.945312 0.121875 0.946875 0.126562 0.957812 0.156250 0.975000 0.159375 0.982812 0.785937 0.982812 0.790625 0.973437 0.807813 0.965625 0.859375 0.921875 0.873437 0.896875 0.879687 0.843750 0.881250 0.592187 0.875000 0.450000 0.853125 0.409375 0.760938 0.409375 0.754687 0.418750 0.689063 0.439063 0.559375 0.464062 0.493750 0.468750 0.435937 0.468750 0.334375 0.459375 0.182812 0.420312 0.173437 0.417187 0.170313 0.409375
