6 0.318602 0.003125 0.159375 0.003125 0.154688 0.010937 0.121875 0.021875 0.121875 0.282813 0.129688 0.285938 0.135937 0.301563 0.154688 0.312500 0.157812 0.320312 0.168750 0.320312 0.173437 0.312500 0.229687 0.293750 0.332813 0.281250 0.350000 0.273438 0.364063 0.257812 0.370312 0.231250 0.370312 0.193750 0.376563 0.192188 0.376563 0.150000 0.370312 0.148438 0.368750 0.129688 0.367188 0.059375 0.354687 0.029687 0.329688 0.010937 0.326562 0.003125
4 0.801458 0.271875 0.690625 0.271875 0.687500 0.279687 0.667188 0.290625 0.614062 0.309375 0.590625 0.334375 0.584375 0.334375 0.584375 0.656250 0.592187 0.657813 0.609375 0.684375 0.640625 0.696875 0.657813 0.712500 0.685937 0.707812 0.701562 0.717187 0.742188 0.720313 0.743750 0.726562 0.778125 0.726562 0.782813 0.718750 0.820312 0.706250 0.857812 0.651563 0.867188 0.617188 0.864062 0.554688 0.870313 0.521875 0.857812 0.500000 0.843750 0.423438 0.848437 0.373437 0.845313 0.337500 0.835938 0.309375 0.812500 0.282813 0.809375 0.271875
0 0.692187 0.267188 0.625000 0.284375 0.603125 0.296875 0.590625 0.312500 0.584375 0.312500 0.584375 0.678125 0.612500 0.703125 0.651563 0.718750 0.689063 0.726562 0.785937 0.726562 0.820312 0.714063 0.843750 0.687500 0.864062 0.637500 0.870313 0.600000 0.868750 0.518750 0.859375 0.493750 0.848437 0.318750 0.840625 0.296875 0.826562 0.278125 0.795312 0.265625
0 0.551302 0.009375 0.414062 0.009375 0.414062 0.015625 0.390625 0.032813 0.395092 0.229166 0.398438 0.265625 0.420312 0.295312 0.439063 0.304688 0.459375 0.307812 0.512500 0.307812 0.565625 0.292187 0.584375 0.279687 0.601562 0.251563 0.607812 0.250000 0.601562 0.093750 0.593750 0.045312 0.578125 0.026562 0.559375 0.014063 0.559375 0.009375
0 0.327995 0.003125 0.145313 0.003125 0.134594 0.013673 0.123675 0.029259 0.121875 0.300000 0.143750 0.314063 0.167187 0.318750 0.228125 0.300000 0.337500 0.284375 0.351562 0.278125 0.368750 0.256250 0.370312 0.078125 0.368750 0.054688 0.360938 0.034375 0.349856 0.015752 0.335938 0.003125
0 0.498906 0.695541 0.443750 0.704688 0.428125 0.710938 0.403125 0.731250 0.407813 0.935937 0.429688 0.962500 0.448437 0.970313 0.525000 0.970313 0.571875 0.964063 0.595313 0.951562 0.604688 0.940625 0.607812 0.925000 0.606250 0.745313 0.590625 0.720313 0.554688 0.703125
0 0.763867 0.015625 0.643750 0.015625 0.626563 0.040625 0.617603 0.073555 0.620313 0.215625 0.637500 0.240625 0.656250 0.251563 0.698438 0.251563 0.737500 0.248438 0.767188 0.248438 0.779687 0.251563 0.814063 0.250000 0.845344 0.222144 0.845313 0.103125 0.835938 0.076563 0.821875 0.057813 0.803125 0.039062 0.771875 0.015625
0 0.807813 0.740625 0.651563 0.740625 0.621875 0.773438 0.621875 0.948438 0.658680 0.961711 0.762500 0.957812 0.782813 0.951562 0.814063 0.923438 0.829688 0.890625 0.839063 0.843750 0.839063 0.787500 0.834375 0.770312 0.815625 0.746875
0 0.322298 0.300344 0.228125 0.310937 0.181250 0.326562 0.128125 0.354687 0.128125 0.657813 0.176563 0.682813 0.271875 0.706250 0.343750 0.706250 0.414062 0.698438 0.454688 0.685937 0.521875 0.684375 0.546875 0.668750 0.564063 0.645312 0.570312 0.362500 0.565625 0.362500 0.553125 0.342187 0.532813 0.325000 0.445312 0.320312 0.406250 0.310937
0 0.194420 0.696875 0.142187 0.703125 0.121875 0.717187 0.126562 0.940625 0.142187 0.959375 0.187500 0.981250 0.220312 0.989062 0.246875 0.989062 0.257647 0.994739 0.318483 0.994219 0.340625 0.982812 0.364063 0.970313 0.379688 0.945312 0.382812 0.784375 0.378125 0.753125 0.364063 0.734375 0.350000 0.726562 0.232813 0.712500 0.206250 0.704688 0.203125 0.696875
2 0.542003 0.015625 0.414062 0.015625 0.414062 0.020313 0.396875 0.032813 0.396875 0.267188 0.404687 0.270313 0.417187 0.289062 0.434375 0.298438 0.478125 0.306250 0.539062 0.298438 0.578125 0.279687 0.593750 0.254688 0.601562 0.251563 0.601562 0.087500 0.595313 0.085938 0.592187 0.059375 0.582812 0.039062 0.551562 0.021875 0.550000 0.015625
2 0.554492 0.703125 0.434375 0.703125 0.434375 0.707812 0.403125 0.734375 0.403125 0.915625 0.445312 0.929688 0.490625 0.925000 0.518750 0.934375 0.534375 0.928125 0.553125 0.928125 0.564063 0.935937 0.568750 0.951562 0.576562 0.951562 0.585938 0.934375 0.604688 0.926562 0.607812 0.876563 0.601562 0.753125 0.592187 0.728125 0.565625 0.710938 0.562500 0.703125
5 0.366875 0.328125 0.334375 0.328125 0.329688 0.340625 0.307812 0.365625 0.276562 0.381250 0.220312 0.398438 0.203125 0.410938 0.200000 0.421875 0.235937 0.487500 0.234375 0.507812 0.225000 0.517188 0.221875 0.518750 0.209375 0.503125 0.217188 0.490625 0.198437 0.456250 0.190625 0.456250 0.168750 0.485938 0.146875 0.501563 0.146875 0.556250 0.173437 0.559375 0.193750 0.568750 0.273438 0.648438 0.293750 0.675000 0.326562 0.701562 0.342187 0.696875 0.395313 0.640625 0.407813 0.632812 0.420312 0.632812 0.432812 0.623437 0.432812 0.615625 0.440625 0.606250 0.459375 0.595313 0.465625 0.598437 0.484375 0.570312 0.490625 0.585938 0.495312 0.582812 0.523438 0.539062 0.551562 0.471875 0.498437 0.418750 0.376563 0.335938 0.375000 0.328125
6 0.191741 0.696875 0.142187 0.696875 0.135937 0.707812 0.121875 0.715625 0.121875 0.932813 0.151562 0.939063 0.165625 0.929688 0.196875 0.929688 0.207813 0.942187 0.215625 0.937500 0.217188 0.943750 0.198437 0.957812 0.178125 0.957812 0.179688 0.965625 0.232813 0.973437 0.262500 0.985938 0.267188 0.995313 0.314063 0.995313 0.315625 0.989062 0.328125 0.985938 0.337500 0.976562 0.339062 0.965625 0.285938 0.954688 0.278125 0.939063 0.270313 0.937500 0.264062 0.942187 0.259375 0.934375 0.265625 0.928125 0.290625 0.931250 0.325000 0.925000 0.367188 0.926562 0.378125 0.915625 0.382812 0.892188 0.389062 0.890625 0.389062 0.839063 0.382812 0.837500 0.381250 0.829688 0.375000 0.759375 0.359375 0.739062 0.340625 0.726562 0.221875 0.710938 0.203125 0.704688 0.200000 0.696875
5 0.534375 0.503125 0.523438 0.503125 0.523438 0.509375 0.504687 0.535937 0.421875 0.620313 0.415625 0.620313 0.415625 0.639062 0.421875 0.639062 0.446875 0.656250 0.456250 0.651563 0.507812 0.575000 0.539062 0.510938 0.545312 0.509375 0.545312 0.503125
7 0.793403 0.740625 0.654687 0.740625 0.654687 0.745313 0.637500 0.765625 0.628125 0.770312 0.628125 0.907813 0.789062 0.907813 0.789062 0.896875 0.795312 0.890625 0.801562 0.890625 0.801562 0.740625
8 0.704375 0.096875 0.671875 0.096875 0.668750 0.104688 0.645312 0.117188 0.629687 0.139063 0.621875 0.142187 0.621875 0.220312 0.626563 0.220312 0.646875 0.242188 0.664062 0.250000 0.695312 0.250000 0.720313 0.243750 0.754687 0.206250 0.762500 0.190625 0.762500 0.170313 0.756250 0.151562 0.737500 0.121875 0.715625 0.104688 0.712500 0.096875
