0 0.282141 0.273652 0.232580 0.270920 0.181250 0.278125 0.148958 0.297917 0.137500 0.309375 0.128125 0.331250 0.126892 0.474862 0.128125 0.476562 0.131795 0.563903 0.157812 0.714063 0.165625 0.732812 0.187500 0.754687 0.212500 0.765625 0.260937 0.770312 0.281250 0.770312 0.346875 0.756250 0.417187 0.725000 0.442188 0.689063 0.445312 0.648438 0.445312 0.400000 0.439063 0.350000 0.426563 0.326562 0.404687 0.309375 0.337500 0.282813 0.304688 0.278125
0 0.740748 0.332591 0.691141 0.330698 0.650000 0.335938 0.585938 0.348438 0.509375 0.351562 0.487500 0.362500 0.470313 0.382812 0.460902 0.427252 0.465625 0.673438 0.476845 0.683844 0.487500 0.689063 0.509375 0.696875 0.590625 0.696875 0.635938 0.709375 0.664469 0.712025 0.684375 0.715625 0.742188 0.703125 0.818750 0.676562 0.851562 0.654687 0.865625 0.639062 0.871875 0.625000 0.875000 0.589063 0.875000 0.417187 0.870313 0.392188 0.828125 0.360938 0.801562 0.348438 0.751563 0.335938
0 0.586320 0.713008 0.510936 0.713008 0.493750 0.717187 0.456250 0.729688 0.430872 0.752670 0.422495 0.775828 0.425205 0.932755 0.438755 0.946550 0.465114 0.953448 0.494923 0.957144 0.518081 0.955911 0.540991 0.954927 0.564063 0.954688 0.596875 0.939063 0.606250 0.929688 0.614062 0.910937 0.620313 0.737500 0.608492 0.728034 0.601102 0.720644
0 0.850323 0.689786 0.832675 0.689652 0.785937 0.704688 0.754687 0.714063 0.682813 0.725000 0.663230 0.734352 0.640359 0.752023 0.633775 0.780438 0.631697 0.919737 0.641745 0.936023 0.656900 0.947137 0.756070 0.943859 0.792542 0.938531 0.833931 0.913944 0.858519 0.870095 0.865077 0.831166 0.868764 0.775433 0.874911 0.728306 0.867125 0.701670
0 0.580855 0.018831 0.477130 0.013645 0.447495 0.020806 0.433417 0.033648 0.418106 0.055628 0.415625 0.257812 0.422798 0.276413 0.435641 0.291970 0.454688 0.306250 0.500000 0.328125 0.532813 0.332813 0.570312 0.332813 0.589063 0.329688 0.606250 0.320312 0.620313 0.303125 0.632962 0.266780 0.634198 0.207016 0.634375 0.176563 0.635938 0.067187 0.626563 0.046875 0.610938 0.031250 0.589063 0.021875
0 0.351359 0.003125 0.206138 0.000606 0.175000 0.007812 0.154688 0.025000 0.142187 0.050000 0.132412 0.079666 0.132412 0.174731 0.143750 0.220312 0.156250 0.239063 0.176563 0.251563 0.209375 0.259375 0.284375 0.257812 0.335938 0.268750 0.364063 0.265625 0.382812 0.251563 0.393359 0.240211 0.401562 0.223438 0.401562 0.067187 0.387500 0.039062 0.359375 0.009375
0 0.366034 0.767363 0.343523 0.769564 0.318750 0.775000 0.271875 0.782813 0.212500 0.782813 0.195312 0.789062 0.171875 0.814063 0.170539 0.882359 0.171875 0.910937 0.175000 0.926562 0.184375 0.940625 0.200633 0.957964 0.214062 0.970313 0.362500 0.970313 0.373373 0.966528 0.382812 0.959375 0.403125 0.939063 0.407628 0.933252 0.414062 0.925000 0.407813 0.806250 0.401562 0.789062 0.381250 0.773438 0.375820 0.770053
7 0.377778 0.771875 0.312500 0.771875 0.310937 0.778125 0.265625 0.787500 0.229687 0.787500 0.193750 0.793750 0.176563 0.814063 0.171875 0.814063 0.171875 0.890625 0.176563 0.890625 0.193750 0.909375 0.196875 0.923438 0.206250 0.929688 0.239063 0.931250 0.242188 0.939063 0.256250 0.939063 0.259375 0.931250 0.282813 0.931250 0.285938 0.939063 0.321875 0.939063 0.323437 0.932813 0.334375 0.931250 0.337500 0.939063 0.350000 0.939063 0.353125 0.931250 0.376563 0.929688 0.403125 0.901563 0.407813 0.901563 0.407813 0.867188 0.401562 0.865625 0.400000 0.848437 0.401562 0.826562 0.407813 0.825000 0.407813 0.801562 0.401562 0.800000 0.385937 0.771875
0 0.812505 0.033895 0.742614 0.031920 0.684375 0.034375 0.665625 0.051562 0.654687 0.082812 0.653125 0.131250 0.651563 0.271875 0.662500 0.290625 0.684375 0.309375 0.740639 0.313703 0.776695 0.321606 0.796875 0.329688 0.843622 0.346795 0.853125 0.345313 0.876563 0.335938 0.876563 0.062500 0.855722 0.047972 0.826562 0.035937
4 0.283442 0.281408 0.217641 0.270584 0.184375 0.279687 0.170313 0.284375 0.137500 0.310937 0.133845 0.357570 0.128763 0.375869 0.142317 0.402977 0.125373 0.405687 0.128084 0.451092 0.141978 0.448720 0.145705 0.469052 0.129688 0.478125 0.137500 0.512500 0.143750 0.617188 0.157812 0.696875 0.171875 0.728125 0.189062 0.746875 0.260937 0.768750 0.281250 0.770312 0.364063 0.748437 0.414062 0.721875 0.434375 0.695312 0.440625 0.678125 0.445312 0.606250 0.445312 0.403125 0.441075 0.367995 0.426275 0.353934 0.404073 0.350973 0.392972 0.319891 0.340428 0.305089 0.303425 0.279928
5 0.669687 0.334375 0.635938 0.334375 0.632812 0.342187 0.603125 0.345313 0.579688 0.362500 0.560937 0.356250 0.514062 0.353125 0.478125 0.370312 0.478125 0.637500 0.485938 0.640625 0.503125 0.682813 0.514062 0.695312 0.553125 0.684375 0.596875 0.656250 0.626563 0.701562 0.629687 0.721875 0.643750 0.745313 0.662500 0.745313 0.678125 0.725000 0.703125 0.712500 0.706250 0.689063 0.754687 0.620313 0.782813 0.584375 0.835938 0.532813 0.856250 0.501563 0.854688 0.476562 0.837500 0.464062 0.796875 0.415625 0.778125 0.410938 0.731250 0.382812 0.681250 0.343750 0.678125 0.334375
5 0.676094 0.340625 0.601562 0.340625 0.601562 0.346875 0.585938 0.360938 0.512500 0.353125 0.484375 0.368750 0.470313 0.385937 0.465625 0.385937 0.465625 0.587500 0.478125 0.595313 0.475000 0.620313 0.487500 0.653125 0.503125 0.684375 0.515625 0.696875 0.551562 0.685937 0.596875 0.662500 0.625000 0.701562 0.628125 0.720313 0.642188 0.745313 0.662500 0.745313 0.664062 0.737500 0.698438 0.712500 0.706250 0.689063 0.754687 0.620313 0.781250 0.585938 0.843750 0.523438 0.856250 0.501563 0.854688 0.476562 0.793750 0.415625 0.765625 0.406250 0.717187 0.375000 0.685937 0.350000 0.684375 0.340625
1 0.632812 0.840625 0.631250 0.912500 0.653125 0.937500 0.765625 0.935937 0.809375 0.918750 0.834375 0.893750 0.853125 0.857812 0.860938 0.743750 0.856250 0.717187 0.839063 0.696875 0.820312 0.695312 0.765625 0.715625 0.675000 0.732812 0.640625 0.757812
2 0.429688 0.762500 0.426563 0.843750 0.432812 0.921875 0.442188 0.929688 0.584375 0.931250 0.601562 0.917188 0.609375 0.743750 0.595313 0.721875 0.548438 0.712500 0.470313 0.723437 0.453125 0.729688
8 0.139063 0.120313 0.139063 0.168750 0.146875 0.198437 0.187500 0.242188 0.220312 0.256250 0.262500 0.253125 0.345313 0.264062 0.373437 0.257812 0.387500 0.240625 0.393750 0.221875 0.389062 0.079687 0.365625 0.045312 0.334375 0.035937 0.307812 0.043750 0.257812 0.045312 0.245312 0.051562 0.203125 0.048438 0.171875 0.064062
3 0.423438 0.067187 0.420312 0.259375 0.432812 0.289062 0.470313 0.317188 0.512500 0.328125 0.568750 0.329688 0.607812 0.315625 0.621875 0.287500 0.629687 0.246875 0.625000 0.125000 0.629687 0.100000 0.618750 0.059375 0.606250 0.045312 0.581250 0.034375 0.478125 0.031250 0.445312 0.039062
6 0.657813 0.096875 0.657813 0.171875 0.646875 0.198437 0.645312 0.220312 0.654687 0.270313 0.665625 0.289062 0.685937 0.306250 0.773438 0.317188 0.840625 0.342187 0.856250 0.337500 0.871875 0.306250 0.873437 0.265625 0.873437 0.117188 0.859375 0.070312 0.837500 0.060937 0.820312 0.043750 0.807813 0.042188 0.778125 0.046875 0.759375 0.057813 0.670312 0.070312
