5 0.383437 0.065625 0.348438 0.065625 0.335938 0.220312 0.323437 0.300000 0.315625 0.306250 0.315625 0.387500 0.323437 0.390625 0.334375 0.420312 0.345313 0.426563 0.403125 0.418750 0.451562 0.401562 0.432812 0.343750 0.439063 0.212500 0.435937 0.092188 0.431250 0.082812 0.395313 0.073438 0.392188 0.065625
0 0.512389 0.434375 0.409375 0.434375 0.404687 0.442188 0.335938 0.453125 0.195312 0.501563 0.157812 0.521875 0.134375 0.548438 0.128125 0.548438 0.128125 0.825000 0.135937 0.829688 0.145313 0.860938 0.187500 0.903125 0.210938 0.918750 0.234375 0.929688 0.254688 0.932813 0.298438 0.965625 0.337500 0.970313 0.370312 0.989062 0.371875 0.995313 0.540625 0.995313 0.564063 0.964063 0.576562 0.928125 0.582812 0.926562 0.582812 0.767188 0.576562 0.765625 0.564063 0.504687 0.550000 0.467187 0.520312 0.439063 0.520312 0.434375
5 0.283855 0.103125 0.264062 0.103125 0.259375 0.153125 0.246875 0.212500 0.240625 0.295312 0.234375 0.296875 0.234375 0.457813 0.256250 0.457813 0.260937 0.450000 0.301563 0.437500 0.307812 0.428125 0.315625 0.329688 0.337500 0.187500 0.339062 0.181250 0.345313 0.179688 0.345313 0.123438 0.298438 0.110937 0.293750 0.103125
0 0.696702 0.446875 0.632812 0.446875 0.629687 0.454688 0.607812 0.470313 0.590625 0.509375 0.584375 0.595313 0.592187 0.603125 0.596875 0.662500 0.600000 0.820312 0.606250 0.898438 0.617188 0.928125 0.653125 0.956250 0.654687 0.964063 0.726562 0.964063 0.739062 0.950000 0.803125 0.920312 0.876563 0.868750 0.876563 0.509375 0.787500 0.476562 0.707812 0.454688 0.704688 0.446875
5 0.609292 0.040625 0.467187 0.040625 0.465625 0.046875 0.434375 0.051562 0.434375 0.360938 0.442188 0.364063 0.462500 0.414062 0.532813 0.414062 0.534375 0.407813 0.589063 0.401562 0.607812 0.390625 0.600000 0.356250 0.598437 0.317188 0.584375 0.289062 0.573438 0.232813 0.589063 0.200000 0.639062 0.154688 0.632812 0.121875 0.634375 0.070312 0.617188 0.040625
0 0.603067 0.003125 0.398438 0.003125 0.392188 0.010937 0.364063 0.014063 0.260937 0.045312 0.217188 0.071875 0.179688 0.120313 0.162500 0.168750 0.148438 0.276562 0.146875 0.284375 0.140625 0.285938 0.140625 0.439063 0.146875 0.439063 0.159375 0.454688 0.178125 0.467187 0.212500 0.471875 0.306250 0.442188 0.425000 0.420312 0.582812 0.415625 0.720313 0.435937 0.840625 0.473438 0.870313 0.465625 0.870313 0.084375 0.860938 0.082812 0.831250 0.057813 0.731250 0.046875 0.703125 0.032813 0.615625 0.010937 0.610938 0.003125
0 0.519023 0.001161 0.398939 0.010937 0.369252 0.014063 0.259877 0.046875 0.225502 0.067187 0.203627 0.087500 0.178627 0.126562 0.161439 0.189062 0.134658 0.396878 0.136205 0.425770 0.155189 0.453125 0.173939 0.462500 0.203275 0.473234 0.248939 0.462500 0.308314 0.442188 0.427064 0.420312 0.581752 0.415625 0.722377 0.435937 0.808314 0.462500 0.836866 0.474541 0.867689 0.470313 0.878627 0.435937 0.873939 0.262500 0.868823 0.148716 0.830644 0.089900 0.752223 0.048111 0.706752 0.034375 0.675350 0.023861 0.614564 0.010937
5 0.769895 0.046875 0.654687 0.046875 0.660937 0.062500 0.646875 0.078125 0.650000 0.081250 0.650000 0.145313 0.678125 0.151562 0.684375 0.157812 0.717187 0.168750 0.745313 0.173437 0.765625 0.184375 0.795312 0.179688 0.821875 0.185938 0.837500 0.179688 0.850000 0.159375 0.862500 0.123438 0.870313 0.120313 0.870313 0.107813 0.862500 0.104688 0.857812 0.092188 0.859375 0.064062 0.845313 0.057813 0.779687 0.053125 0.778125 0.046875
1 0.139063 0.595313 0.137500 0.685937 0.129688 0.701562 0.131250 0.764062 0.139063 0.804688 0.154688 0.842187 0.198437 0.892188 0.215625 0.900000 0.225000 0.912500 0.254688 0.923438 0.331250 0.923438 0.345313 0.929688 0.354687 0.925000 0.365625 0.934375 0.371875 0.959375 0.389062 0.973437 0.489063 0.984375 0.529687 0.973437 0.567187 0.918750 0.557813 0.510938 0.542188 0.470313 0.518750 0.453125 0.485938 0.450000 0.403125 0.459375 0.335938 0.473438 0.320312 0.482812 0.285938 0.485938 0.157812 0.542188 0.142187 0.570312
2 0.601562 0.500000 0.601562 0.598437 0.607812 0.618750 0.618750 0.623437 0.620313 0.632812 0.601562 0.654687 0.600000 0.681250 0.612500 0.896875 0.620313 0.914062 0.640625 0.934375 0.659375 0.942187 0.689063 0.942187 0.789062 0.906250 0.868750 0.859375 0.873437 0.834375 0.871875 0.548438 0.865625 0.535937 0.834375 0.529687 0.720313 0.479687 0.664062 0.465625 0.629687 0.471875 0.615625 0.479687
7 0.578125 0.225000 0.578125 0.264062 0.604688 0.321875 0.603125 0.368750 0.612500 0.379688 0.634375 0.384375 0.651563 0.417187 0.756250 0.440625 0.820312 0.462500 0.851562 0.459375 0.851562 0.439063 0.835938 0.426563 0.837500 0.384375 0.818750 0.367188 0.804688 0.343750 0.801562 0.325000 0.807813 0.290625 0.856250 0.296875 0.867188 0.292187 0.868750 0.185938 0.815625 0.187500 0.710938 0.164062 0.698438 0.137500 0.670312 0.132812 0.648438 0.115625 0.639062 0.115625 0.635938 0.121875 0.648438 0.151562 0.601562 0.184375 0.585938 0.201563
