0 0.601953 0.528125 0.575000 0.532813 0.548125 0.560709 0.553125 0.781250 0.578125 0.801562 0.592869 0.809291 0.659375 0.800000 0.707812 0.795312 0.756250 0.782813 0.770312 0.767188 0.776563 0.745313 0.776563 0.703125 0.776563 0.635938 0.776563 0.631250 0.770312 0.600000 0.756250 0.584375 0.650000 0.551562 0.614062 0.535937
7 0.292708 0.159375 0.248438 0.159375 0.243750 0.168750 0.228125 0.178125 0.228125 0.240625 0.234375 0.242188 0.248438 0.271875 0.270313 0.295312 0.300000 0.309375 0.320312 0.315625 0.335938 0.315625 0.371875 0.284375 0.398438 0.285938 0.407813 0.281250 0.421875 0.265625 0.426563 0.265625 0.426563 0.225000 0.420312 0.223438 0.409375 0.200000 0.400000 0.193750 0.384375 0.193750 0.360938 0.206250 0.350000 0.204687 0.314063 0.170313 0.304688 0.167187 0.301563 0.159375
0 0.737187 0.284375 0.700000 0.293750 0.546875 0.387500 0.542531 0.404723 0.545639 0.489242 0.560553 0.499806 0.584375 0.509375 0.701562 0.548438 0.734561 0.558223 0.750000 0.551562 0.765012 0.543308 0.776563 0.528125 0.776563 0.320312 0.763148 0.300941
0 0.304375 0.334375 0.250761 0.324019 0.231250 0.334375 0.221875 0.345313 0.228125 0.515625 0.232813 0.537500 0.231250 0.676562 0.240625 0.804688 0.265625 0.839063 0.357514 0.834137 0.484375 0.820312 0.520312 0.810937 0.545312 0.790625 0.545312 0.681250 0.539062 0.679688 0.532813 0.596875 0.526563 0.425000 0.498437 0.400000 0.315625 0.342187
4 0.609375 0.109375 0.484375 0.109375 0.481250 0.126562 0.464062 0.146875 0.459375 0.146875 0.459375 0.300000 0.465625 0.301563 0.475000 0.346875 0.498437 0.376563 0.525000 0.376563 0.528125 0.368750 0.621875 0.325000 0.662500 0.292187 0.740625 0.254688 0.756250 0.235937 0.757812 0.220312 0.748437 0.201563 0.748437 0.190625 0.756250 0.165625 0.764062 0.162500 0.764062 0.156250 0.750000 0.148438 0.735938 0.125000 0.721875 0.118750 0.696875 0.117188 0.692187 0.109375 0.639062 0.109375 0.634375 0.117188 0.620313 0.117188 0.617188 0.109375
0 0.728125 0.109375 0.481008 0.103939 0.467187 0.131250 0.459878 0.155519 0.465625 0.317188 0.471875 0.345313 0.487500 0.365625 0.512500 0.376563 0.525000 0.376563 0.609375 0.334375 0.739533 0.264275 0.771848 0.235066 0.776563 0.221875 0.776563 0.164062 0.774334 0.141227 0.763148 0.121339 0.747613 0.112639
0 0.407813 0.109375 0.228125 0.109375 0.225000 0.118750 0.221875 0.275000 0.235937 0.290625 0.262500 0.303125 0.390625 0.343750 0.420312 0.346875 0.440625 0.331250 0.450000 0.312500 0.451562 0.267188 0.450000 0.259375 0.440625 0.145313 0.434375 0.132812 0.415625 0.115625
2 0.548438 0.407813 0.548438 0.467187 0.562500 0.493750 0.715625 0.546875 0.734375 0.545312 0.748437 0.534375 0.756250 0.520312 0.760938 0.465625 0.754687 0.456250 0.753125 0.421875 0.757812 0.343750 0.748437 0.309375 0.737500 0.300000 0.712500 0.298438 0.570312 0.378125
1 0.557813 0.554688 0.560937 0.753125 0.568750 0.778125 0.582812 0.787500 0.603125 0.789062 0.710938 0.775000 0.743750 0.762500 0.756250 0.732812 0.750000 0.701562 0.751563 0.607812 0.745313 0.592187 0.717187 0.576562 0.598437 0.535937 0.575000 0.537500
5 0.248438 0.521875 0.250000 0.571875 0.243750 0.595313 0.273438 0.629687 0.342187 0.640625 0.414062 0.637500 0.448437 0.651563 0.470313 0.606250 0.493750 0.512500 0.498437 0.429688 0.470313 0.420312 0.450000 0.395313 0.348438 0.404687 0.303125 0.431250 0.279687 0.453125 0.253125 0.501563
5 0.254688 0.626563 0.251563 0.653125 0.289062 0.682813 0.456250 0.690625 0.482812 0.662500 0.487500 0.626563 0.496875 0.606250 0.490625 0.592187 0.492188 0.554688 0.484375 0.550000 0.479687 0.559375 0.471875 0.604688 0.448437 0.653125 0.415625 0.639062 0.345313 0.642188
5 0.257812 0.740625 0.256250 0.775000 0.265625 0.793750 0.346875 0.790625 0.479687 0.764062 0.489063 0.740625 0.509375 0.623437 0.506250 0.553125 0.496875 0.553125 0.493750 0.559375 0.485938 0.660937 0.465625 0.689063 0.448437 0.693750 0.281250 0.682813
