0 0.270125 0.628125 0.078125 0.628125 0.055872 0.640548 0.020294 0.669380 0.028125 0.817187 0.034717 0.839008 0.070312 0.876563 0.304688 0.876563 0.327522 0.857267 0.334375 0.815625 0.309375 0.746875 0.293750 0.660937 0.278125 0.628125
2 0.871594 0.376208 0.736972 0.383416 0.696875 0.385937 0.679688 0.412500 0.672064 0.484328 0.679688 0.525000 0.695312 0.548438 0.717187 0.557813 0.750000 0.557813 0.821875 0.548438 0.868750 0.546875 0.892188 0.539062 0.907813 0.515625 0.907813 0.448437 0.901563 0.406250
3 0.227516 0.414764 0.120298 0.419570 0.079912 0.421011 0.050000 0.421875 0.027025 0.451284 0.031833 0.572378 0.042188 0.596875 0.071875 0.606250 0.184375 0.606250 0.257812 0.598437 0.278125 0.589063 0.292187 0.571875 0.298438 0.554688 0.300000 0.490625 0.285938 0.442188 0.260691 0.417167
4 0.392813 0.153125 0.357812 0.153125 0.353125 0.160938 0.289062 0.168750 0.275000 0.179688 0.260937 0.203125 0.253125 0.206250 0.253125 0.290625 0.260937 0.295312 0.273438 0.350000 0.309375 0.404687 0.328125 0.412500 0.389062 0.412500 0.620313 0.398438 0.651563 0.390625 0.671875 0.371875 0.681250 0.332813 0.689063 0.328125 0.689063 0.229687 0.681250 0.225000 0.667188 0.184375 0.639062 0.160938 0.635938 0.153125 0.410938 0.153125 0.409375 0.159375 0.403125 0.159375 0.401562 0.153125
7 0.199609 0.196875 0.175000 0.196875 0.167187 0.209375 0.143750 0.209375 0.082812 0.225000 0.064062 0.237500 0.034375 0.273438 0.021875 0.279687 0.021875 0.353125 0.026562 0.353125 0.048438 0.379688 0.071875 0.389062 0.073438 0.395313 0.117188 0.395313 0.118750 0.389062 0.184375 0.385937 0.210938 0.376563 0.215625 0.368750 0.217188 0.317188 0.231250 0.301563 0.231250 0.237500 0.228125 0.223438 0.207813 0.196875
1 0.894095 0.577945 0.778705 0.583231 0.734375 0.584375 0.707812 0.606250 0.702258 0.700000 0.696875 0.723437 0.689277 0.780248 0.698438 0.804688 0.745048 0.818691 0.771492 0.816769 0.826783 0.810042 0.890625 0.792188 0.912500 0.768750 0.922942 0.727391 0.923423 0.674052 0.920058 0.645220 0.916211 0.607739 0.901787 0.576505
5 0.453125 0.440625 0.429688 0.440625 0.429688 0.446875 0.407813 0.478125 0.392188 0.539062 0.384375 0.543750 0.384375 0.642188 0.392188 0.645312 0.417187 0.696875 0.478125 0.775000 0.496875 0.771875 0.506250 0.775000 0.509375 0.782813 0.526563 0.782813 0.545312 0.754687 0.576562 0.682813 0.600000 0.646875 0.617188 0.631250 0.632812 0.625000 0.650000 0.596875 0.657813 0.593750 0.657813 0.571875 0.554688 0.496875 0.464062 0.448437 0.460938 0.440625
0 0.613645 0.415625 0.498437 0.415625 0.493750 0.423438 0.460938 0.429688 0.365625 0.434375 0.337500 0.451562 0.325000 0.470313 0.321875 0.484375 0.315625 0.485938 0.315625 0.676562 0.320312 0.676562 0.325000 0.685937 0.332813 0.717187 0.334375 0.751563 0.359375 0.810937 0.379688 0.843750 0.403125 0.859375 0.439063 0.864062 0.590625 0.848437 0.625000 0.834375 0.656250 0.801562 0.671875 0.748437 0.679688 0.696875 0.678125 0.617188 0.673438 0.581250 0.659375 0.548438 0.648438 0.500000 0.650000 0.454688 0.642188 0.437500 0.621875 0.420312 0.621875 0.415625
0 0.631136 0.153125 0.325669 0.158572 0.312500 0.159375 0.268617 0.171006 0.256178 0.188583 0.253125 0.195312 0.249744 0.265753 0.259375 0.323437 0.268750 0.351562 0.290066 0.400091 0.313658 0.414667 0.328125 0.414062 0.373437 0.414062 0.390625 0.412500 0.587500 0.404687 0.643953 0.398805 0.673980 0.379941 0.680414 0.361934 0.689063 0.323437 0.689063 0.215625 0.678272 0.186011 0.659397 0.159430 0.649103 0.155572 0.639062 0.153125
0 0.198437 0.165625 0.088086 0.167753 0.040487 0.193702 0.009375 0.239063 0.014063 0.357812 0.026562 0.378125 0.045312 0.389062 0.046875 0.395313 0.178125 0.389062 0.220312 0.378125 0.245312 0.354687 0.239063 0.290625 0.237500 0.281250 0.231250 0.203125 0.221875 0.184375 0.206250 0.171875
0 0.782070 0.576023 0.759375 0.578125 0.729688 0.584375 0.717187 0.593750 0.704688 0.617188 0.700000 0.701562 0.700334 0.719222 0.688795 0.776405 0.693603 0.807639 0.697450 0.817250 0.726562 0.828125 0.767188 0.828125 0.848437 0.817187 0.897941 0.807159 0.937847 0.761028 0.945312 0.731250 0.945312 0.662500 0.931116 0.580830 0.902269 0.567855
0 0.873070 0.365625 0.754377 0.369961 0.740625 0.371875 0.703125 0.379688 0.685937 0.395313 0.678125 0.412500 0.669659 0.455495 0.673025 0.517964 0.689853 0.549198 0.709375 0.564063 0.770627 0.561213 0.788416 0.560252 0.886498 0.552562 0.907653 0.545355 0.921597 0.526614 0.925923 0.512198 0.920312 0.435937 0.908713 0.389183 0.881250 0.365625
5 0.601562 0.640625 0.600000 0.651563 0.576562 0.685937 0.562500 0.714063 0.548438 0.751563 0.540625 0.754687 0.540625 0.773438 0.585938 0.775000 0.596875 0.784375 0.600000 0.795312 0.607812 0.795312 0.607812 0.790625 0.617188 0.784375 0.650000 0.781250 0.665625 0.770312 0.670312 0.770312 0.670312 0.737500 0.662500 0.734375 0.653125 0.709375 0.632812 0.682813 0.612500 0.645312 0.612500 0.640625
0 0.814767 0.145527 0.718750 0.153125 0.709673 0.161817 0.696875 0.173437 0.695517 0.198687 0.703667 0.245417 0.704688 0.307812 0.711817 0.334163 0.732812 0.357812 0.860666 0.353884 0.881255 0.345737 0.909137 0.321302 0.901563 0.234375 0.880397 0.184111 0.843078 0.154530
0 0.251563 0.403125 0.078125 0.409375 0.045295 0.415245 0.011159 0.451766 0.014525 0.582470 0.059375 0.614062 0.126562 0.614062 0.134375 0.612500 0.221875 0.609375 0.271875 0.595313 0.292187 0.573438 0.301563 0.539062 0.301563 0.487500 0.285938 0.437500 0.259375 0.403125
3 0.803614 0.165247 0.741416 0.167819 0.709375 0.175000 0.703125 0.175000 0.710938 0.306250 0.725000 0.334375 0.737500 0.345313 0.792188 0.348438 0.864062 0.343750 0.882812 0.335938 0.895312 0.315625 0.892838 0.289575 0.868816 0.206833 0.851228 0.184111 0.822059 0.169534
1 0.058758 0.738577 0.070297 0.820747 0.104914 0.850539 0.223670 0.856306 0.285211 0.851502 0.316462 0.846216 0.324636 0.827475 0.303125 0.737500 0.271875 0.631250 0.219823 0.632380 0.110683 0.639587 0.054688 0.646875
