0 0.749908 0.065625 0.501969 0.063420 0.481250 0.079687 0.471055 0.105128 0.471875 0.320312 0.500000 0.351562 0.545312 0.351562 0.554688 0.339062 0.759375 0.234375 0.776563 0.220312 0.781250 0.207813 0.781250 0.096875 0.778125 0.084375 0.771844 0.074216
0 0.269283 0.283669 0.249491 0.283208 0.233380 0.288731 0.219570 0.299319 0.217627 0.324458 0.221875 0.725000 0.228125 0.773438 0.239063 0.795312 0.256250 0.809375 0.400000 0.807813 0.409375 0.806250 0.481250 0.803125 0.510938 0.796875 0.539062 0.773438 0.532813 0.406250 0.526563 0.387500 0.507812 0.370312 0.309375 0.298438
0 0.414062 0.059375 0.226562 0.059375 0.218542 0.067430 0.218081 0.248164 0.256250 0.265625 0.389062 0.312500 0.425000 0.315625 0.448437 0.295312 0.457813 0.276562 0.457813 0.228125 0.454688 0.106250 0.440625 0.079687 0.421875 0.065625
0 0.766964 0.259375 0.744000 0.255700 0.715625 0.267188 0.571875 0.343750 0.546875 0.365625 0.546875 0.462500 0.576562 0.481250 0.738719 0.544534 0.763537 0.541367 0.776563 0.526563 0.779687 0.503125 0.781250 0.320312 0.779906 0.272069
0 0.613542 0.509375 0.592981 0.504405 0.571875 0.509375 0.562884 0.517077 0.553125 0.529687 0.551267 0.773173 0.576562 0.801562 0.670312 0.795312 0.757812 0.784375 0.782813 0.764062 0.782813 0.581250 0.746875 0.559375 0.632584 0.517605
7 0.273958 0.109375 0.229687 0.109375 0.229687 0.114062 0.221875 0.117188 0.221875 0.220312 0.226562 0.220312 0.246875 0.242188 0.284375 0.265625 0.337500 0.284375 0.342187 0.284375 0.350000 0.270313 0.359375 0.264062 0.389062 0.260937 0.398438 0.270313 0.415625 0.307812 0.421875 0.307812 0.440625 0.282813 0.445312 0.246875 0.445312 0.218750 0.435937 0.159375 0.410938 0.148438 0.404687 0.128125 0.390625 0.109375 0.346875 0.109375 0.340625 0.120313 0.307812 0.129688 0.290625 0.123438 0.282813 0.115625 0.282813 0.109375
4 0.479687 0.098437 0.479687 0.312500 0.490625 0.331250 0.507812 0.339062 0.526563 0.340625 0.546875 0.332813 0.639062 0.282813 0.715625 0.253125 0.734375 0.243750 0.764062 0.212500 0.765625 0.132812 0.696875 0.093750 0.635938 0.090625 0.601562 0.073438 0.582812 0.082812 0.564063 0.076563 0.550000 0.082812 0.535937 0.076563 0.500000 0.078125 0.487500 0.082812
2 0.554688 0.376563 0.554688 0.448437 0.571875 0.470313 0.718750 0.526563 0.746875 0.528125 0.762500 0.518750 0.773438 0.484375 0.768750 0.439063 0.775000 0.417187 0.775000 0.320312 0.754687 0.284375 0.740625 0.278125 0.710938 0.284375 0.578125 0.351562 0.562500 0.362500
1 0.559375 0.542188 0.559375 0.695312 0.565625 0.751563 0.579688 0.762500 0.595313 0.764062 0.739062 0.753125 0.745313 0.748437 0.760938 0.606250 0.753125 0.579688 0.732812 0.567187 0.600000 0.518750 0.570312 0.525000
5 0.231250 0.445312 0.223438 0.453125 0.225000 0.475000 0.265625 0.535937 0.317188 0.579688 0.393750 0.615625 0.406250 0.606250 0.492188 0.462500 0.504687 0.390625 0.496875 0.382812 0.434375 0.362500 0.381250 0.359375 0.335938 0.382812 0.296875 0.420312
5 0.250000 0.556250 0.250000 0.642188 0.256250 0.651563 0.292187 0.656250 0.464062 0.654687 0.501563 0.581250 0.509375 0.500000 0.507812 0.448437 0.500000 0.445312 0.428125 0.573438 0.396875 0.615625 0.317188 0.579688 0.267188 0.543750
5 0.279687 0.667188 0.278125 0.729688 0.289062 0.759375 0.401562 0.751563 0.489063 0.732812 0.496875 0.718750 0.503125 0.678125 0.504687 0.567187 0.496875 0.564063 0.470313 0.653125 0.457813 0.657813 0.434375 0.653125 0.285938 0.657813
