0 0.818620 0.237500 0.731250 0.237500 0.706250 0.243750 0.640625 0.271875 0.615625 0.304688 0.618750 0.540625 0.625000 0.614062 0.632812 0.631250 0.645312 0.643750 0.692187 0.665625 0.762500 0.676562 0.809375 0.673438 0.853125 0.654687 0.873437 0.635938 0.873437 0.356250 0.868750 0.290625 0.860938 0.267188 0.826562 0.237500
4 0.756250 0.245312 0.712500 0.250000 0.654687 0.270313 0.625000 0.296875 0.617188 0.314063 0.617188 0.518750 0.625000 0.550000 0.625000 0.595313 0.631250 0.618750 0.645312 0.640625 0.701562 0.665625 0.770312 0.673438 0.809375 0.665625 0.868750 0.632812 0.867188 0.593750 0.873437 0.575000 0.873437 0.345313 0.860938 0.328125 0.860938 0.275000 0.851562 0.264062 0.798438 0.245312 0.784375 0.250000 0.764062 0.245312
8 0.809375 0.690625 0.703125 0.693750 0.684375 0.706250 0.676562 0.717187 0.671875 0.726562 0.671875 0.779687 0.681250 0.828125 0.681250 0.851562 0.701562 0.879687 0.712500 0.882812 0.740625 0.879687 0.757812 0.862500 0.803125 0.871875 0.815625 0.867188 0.834375 0.846875 0.842187 0.831250 0.848437 0.775000 0.860938 0.751563 0.860938 0.739062 0.842187 0.709375 0.818750 0.690625
3 0.562239 0.650000 0.521875 0.650000 0.495312 0.656250 0.481250 0.664062 0.464062 0.685937 0.468750 0.868750 0.476562 0.889062 0.498437 0.906250 0.607812 0.906250 0.635938 0.881250 0.651563 0.854688 0.646875 0.707812 0.640625 0.684375 0.615625 0.664062 0.570312 0.650000
1 0.259375 0.034375 0.215625 0.050000 0.181250 0.100000 0.181250 0.260937 0.193750 0.290625 0.214062 0.304688 0.240625 0.304688 0.262500 0.292187 0.307812 0.279687 0.379688 0.273438 0.404687 0.256250 0.415625 0.229687 0.410938 0.106250 0.404687 0.068750 0.396875 0.053125 0.367188 0.034375 0.270313 0.034375
7 0.758333 0.060937 0.704688 0.062500 0.692187 0.068750 0.670312 0.070312 0.645312 0.082812 0.645312 0.178125 0.651563 0.203125 0.671875 0.223438 0.682813 0.228125 0.712500 0.228125 0.737500 0.218750 0.778125 0.217188 0.801562 0.204687 0.823438 0.181250 0.829688 0.170313 0.829688 0.135937 0.823438 0.120313 0.798438 0.076563 0.767188 0.060937
0 0.573327 0.007812 0.470313 0.007812 0.457813 0.014063 0.429688 0.046875 0.429688 0.229687 0.439063 0.257812 0.468750 0.284375 0.554688 0.284375 0.600000 0.265625 0.621875 0.242188 0.628125 0.225000 0.628125 0.107813 0.621875 0.054688 0.610938 0.029687 0.581250 0.007812
5 0.440625 0.323437 0.409375 0.350000 0.403125 0.350000 0.340625 0.392188 0.246875 0.475000 0.248438 0.493750 0.326562 0.548438 0.435937 0.581250 0.501563 0.573438 0.578125 0.537500 0.593750 0.534375 0.604688 0.520312 0.604688 0.503125 0.598437 0.490625 0.559375 0.437500 0.454688 0.323437
0 0.431250 0.289062 0.345313 0.289062 0.290625 0.300000 0.206250 0.339062 0.185938 0.359375 0.182812 0.534375 0.189062 0.575000 0.201563 0.606250 0.240625 0.634375 0.275000 0.646875 0.345313 0.660937 0.417187 0.662500 0.465625 0.654687 0.501563 0.640625 0.571875 0.635938 0.604688 0.612500 0.609375 0.601562 0.609375 0.523438 0.604688 0.392188 0.595313 0.332813 0.578125 0.312500 0.553125 0.300000 0.475000 0.300000 0.439063 0.289062
5 0.525000 0.562500 0.515625 0.568750 0.503125 0.568750 0.496875 0.575000 0.471875 0.575000 0.457813 0.581250 0.414062 0.579688 0.414062 0.589063 0.426563 0.593750 0.440625 0.604688 0.446875 0.604688 0.451562 0.609375 0.459375 0.610938 0.462500 0.615625 0.470313 0.617188 0.476562 0.623437 0.484375 0.623437 0.487500 0.626563 0.498437 0.626563 0.510938 0.615625 0.510938 0.607812 0.517188 0.603125 0.517188 0.596875 0.523438 0.590625 0.529687 0.576562 0.535937 0.570312 0.534375 0.562500
0 0.570312 0.650000 0.515625 0.650000 0.493750 0.656250 0.470313 0.670312 0.462500 0.682813 0.464062 0.860938 0.479687 0.900000 0.510938 0.920312 0.610938 0.917188 0.632812 0.904687 0.659375 0.870313 0.659375 0.754687 0.653125 0.698438 0.640625 0.676562 0.625000 0.664062 0.578125 0.650000
0 0.844270 0.687500 0.800000 0.687500 0.784375 0.692187 0.718750 0.689063 0.695312 0.695312 0.676562 0.714063 0.668750 0.742188 0.668750 0.826562 0.675000 0.868750 0.695312 0.895312 0.715625 0.904687 0.765625 0.904687 0.818750 0.898438 0.840625 0.885938 0.862500 0.864062 0.873437 0.843750 0.873437 0.707812 0.853125 0.687500
0 0.365208 0.018750 0.250000 0.018750 0.226562 0.025000 0.190625 0.051562 0.160938 0.089063 0.160938 0.239063 0.175000 0.284375 0.192188 0.303125 0.209375 0.310937 0.240625 0.310937 0.306250 0.285938 0.389062 0.273438 0.410938 0.253125 0.418750 0.217188 0.409375 0.065625 0.398438 0.042188 0.373437 0.018750
0 0.770312 0.004687 0.676562 0.006250 0.664062 0.012500 0.643750 0.035937 0.643750 0.190625 0.657813 0.215625 0.676562 0.228125 0.820312 0.223438 0.846875 0.207813 0.860938 0.190625 0.864062 0.112500 0.854688 0.071875 0.834375 0.039062 0.801562 0.014063 0.778125 0.004687
1 0.584375 0.028125 0.490625 0.031250 0.464062 0.040625 0.434375 0.062500 0.437500 0.239063 0.443750 0.257812 0.465625 0.279687 0.485938 0.285938 0.539062 0.285938 0.565625 0.279687 0.601562 0.259375 0.614062 0.242188 0.620313 0.220312 0.617188 0.071875 0.609375 0.046875 0.592187 0.028125
0 0.274219 0.657813 0.231250 0.657813 0.200000 0.684375 0.200000 0.785937 0.215625 0.878125 0.251563 0.909375 0.285938 0.928125 0.412500 0.928125 0.437500 0.909375 0.451562 0.879687 0.448437 0.751563 0.440625 0.704688 0.428125 0.687500 0.410938 0.676562 0.315625 0.668750 0.282813 0.657813
5 0.228125 0.509375 0.228125 0.559375 0.243750 0.576562 0.256250 0.612500 0.267188 0.629687 0.285938 0.629687 0.293750 0.625000 0.301563 0.625000 0.326562 0.642188 0.340625 0.642188 0.401562 0.582812 0.401562 0.576562 0.385937 0.568750 0.378125 0.568750 0.371875 0.562500 0.359375 0.562500 0.353125 0.556250 0.343750 0.556250 0.334375 0.550000 0.328125 0.550000 0.271875 0.509375 0.243750 0.509375 0.250000 0.515625 0.242188 0.525000 0.232813 0.523438 0.229687 0.518750 0.229687 0.514062 0.235937 0.509375
5 0.225000 0.443750 0.225000 0.553125 0.239063 0.570312 0.265625 0.629687 0.275000 0.632812 0.357812 0.590625 0.378125 0.570312 0.320312 0.548438 0.243750 0.489063 0.253125 0.468750 0.345313 0.385937 0.401562 0.348438 0.346875 0.323437 0.329688 0.329688 0.326562 0.354687 0.317188 0.370312 0.279687 0.353125 0.262500 0.356250 0.242188 0.389062
