0 0.663933 0.540625 0.614902 0.532945 0.576562 0.540625 0.554688 0.576562 0.540625 0.631250 0.540625 0.787500 0.542188 0.798438 0.542188 0.828125 0.540625 0.835938 0.542188 0.934375 0.553125 0.954688 0.589063 0.998437 0.870313 0.998437 0.876563 0.995313 0.876563 0.634375 0.792498 0.597416 0.675000 0.548438
1 0.839028 0.003125 0.493750 0.003125 0.492188 0.009375 0.459375 0.031250 0.459375 0.281250 0.498437 0.301563 0.500000 0.307812 0.528125 0.307812 0.531250 0.300000 0.682813 0.232813 0.876563 0.137500 0.876563 0.092188 0.870313 0.090625 0.868750 0.046875 0.846875 0.003125
0 0.828383 0.189306 0.800000 0.195312 0.784375 0.206250 0.587500 0.298438 0.571875 0.307812 0.554688 0.331250 0.550431 0.348048 0.546875 0.464062 0.592187 0.498437 0.781250 0.575000 0.835938 0.600000 0.871875 0.607812 0.875000 0.564063 0.876563 0.257812 0.873437 0.210938 0.859402 0.199038
4 0.628953 0.552523 0.598308 0.553253 0.582812 0.548438 0.565625 0.559375 0.548438 0.606250 0.545252 0.913656 0.562500 0.920312 0.571875 0.928125 0.570312 0.948438 0.562500 0.965625 0.576562 0.979688 0.612500 0.998437 0.618750 0.998437 0.625000 0.987500 0.639062 0.987500 0.656250 0.998437 0.668750 0.998437 0.675000 0.989062 0.687500 0.985938 0.790625 0.982812 0.810937 0.964063 0.828125 0.970313 0.854688 0.968750 0.868750 0.943750 0.876563 0.942187 0.876563 0.634375 0.809375 0.598437 0.764062 0.589063 0.682813 0.551562 0.651563 0.546875
7 0.263672 0.000000 0.206250 0.000000 0.187500 0.018750 0.170313 0.046875 0.153125 0.045312 0.143750 0.073438 0.140625 0.107813 0.134375 0.109375 0.134375 0.189062 0.232813 0.221875 0.265625 0.226562 0.303125 0.245312 0.342187 0.256250 0.345313 0.264062 0.365625 0.264062 0.368750 0.256250 0.389062 0.246875 0.393750 0.232813 0.407813 0.217188 0.420312 0.162500 0.426563 0.160938 0.426563 0.060937 0.410938 0.054688 0.393750 0.054688 0.370312 0.071875 0.346875 0.037500 0.331250 0.032813 0.314063 0.040625 0.271875 0.000000
0 0.345464 0.000000 0.124075 0.000152 0.121875 0.189062 0.282813 0.240625 0.348438 0.264062 0.368750 0.264062 0.396875 0.253125 0.417187 0.235937 0.426563 0.204687 0.432812 0.003125
0 0.571719 0.000152 0.462241 0.003194 0.449467 0.022656 0.446875 0.271875 0.471875 0.296875 0.498437 0.307812 0.526563 0.306250 0.579688 0.285938 0.859375 0.154688 0.876563 0.143750 0.872783 0.016573 0.855753 0.000761
0 0.207670 0.234375 0.153286 0.223913 0.122094 0.233716 0.127441 0.998437 0.484811 0.998437 0.503125 0.968750 0.520312 0.928125 0.520312 0.379688 0.500000 0.350000 0.473438 0.334375 0.367188 0.292187 0.221875 0.243750
2 0.842180 0.224805 0.802967 0.232825 0.748605 0.258669 0.587298 0.332639 0.561453 0.361156 0.564127 0.458297 0.581950 0.475230 0.622945 0.497509 0.668750 0.517188 0.707812 0.535937 0.781250 0.560937 0.812500 0.575000 0.835941 0.578608 0.865625 0.554688 0.868750 0.251563 0.862500 0.232813
5 0.293750 0.962500 0.292187 0.976562 0.326562 0.993750 0.371875 0.992188 0.385937 0.976562 0.382812 0.959375 0.367188 0.971875 0.345313 0.962500
5 0.126562 0.493750 0.129688 0.834375 0.153125 0.873437 0.193750 0.918750 0.209375 0.925000 0.225000 0.921875 0.246875 0.929688 0.246875 0.934375 0.265625 0.923438 0.303125 0.923438 0.273438 0.882812 0.251563 0.823438 0.250000 0.771875 0.264062 0.725000 0.262500 0.701562 0.160938 0.445312 0.151562 0.450000
5 0.220312 0.387500 0.225000 0.417187 0.323437 0.682813 0.368750 0.715625 0.396875 0.745313 0.431250 0.828125 0.440625 0.787500 0.440625 0.725000 0.468750 0.657813 0.493750 0.573438 0.493750 0.390625 0.484375 0.360938 0.476562 0.356250 0.446875 0.360938 0.428125 0.351562 0.421875 0.334375 0.400000 0.326562 0.334375 0.365625 0.278125 0.370312
