0 0.848047 0.503125 0.820312 0.510938 0.789062 0.526563 0.729688 0.545312 0.676562 0.557813 0.562500 0.573438 0.426563 0.567187 0.292187 0.540625 0.220312 0.515625 0.201563 0.514062 0.176563 0.520312 0.146875 0.545312 0.131327 0.576867 0.142270 0.862248 0.154688 0.900000 0.164062 0.929688 0.181250 0.959375 0.234375 0.998437 0.812500 0.998437 0.857812 0.959375 0.877191 0.946431 0.876348 0.523831 0.867089 0.509520
7 0.816875 0.528125 0.784375 0.528125 0.782813 0.535937 0.757812 0.548438 0.698438 0.559375 0.675000 0.570312 0.662500 0.584375 0.648438 0.618750 0.628125 0.640625 0.617188 0.664062 0.609375 0.667188 0.609375 0.781250 0.615625 0.782813 0.629687 0.810937 0.654687 0.842187 0.685937 0.862500 0.689063 0.870313 0.710938 0.870313 0.712500 0.864062 0.731250 0.860938 0.760938 0.845313 0.796875 0.845313 0.812500 0.840625 0.828125 0.825000 0.851562 0.778125 0.857812 0.740625 0.848437 0.689063 0.864062 0.678125 0.864062 0.645312 0.857812 0.643750 0.825000 0.528125
0 0.528125 0.026562 0.496875 0.053125 0.485938 0.076563 0.478939 0.136497 0.484375 0.353125 0.490625 0.470313 0.501563 0.506250 0.515625 0.523438 0.548438 0.542188 0.628125 0.542188 0.714063 0.525000 0.795312 0.496875 0.840114 0.477953 0.867188 0.456250 0.876563 0.425000 0.876563 0.203125 0.875000 0.148438 0.868750 0.132812 0.823438 0.095312 0.762500 0.067187 0.682813 0.045312 0.557813 0.029687
5 0.277864 0.534375 0.189062 0.534375 0.185938 0.550000 0.178125 0.553125 0.178125 0.692187 0.185938 0.696875 0.223438 0.815625 0.268750 0.918750 0.300000 0.929688 0.356250 0.932813 0.384375 0.950000 0.398438 0.923438 0.420312 0.921875 0.420312 0.896875 0.412500 0.895312 0.398438 0.864062 0.340625 0.696875 0.331250 0.625000 0.332813 0.582812 0.321875 0.556250 0.312500 0.548438 0.287500 0.542188 0.285938 0.534375
5 0.434375 0.578125 0.434375 0.628125 0.448437 0.632812 0.484375 0.714063 0.576562 0.887500 0.598437 0.917188 0.621875 0.937500 0.625000 0.960938 0.639062 0.998437 0.715625 0.998437 0.757812 0.951562 0.760938 0.931250 0.754687 0.907813 0.729688 0.868750 0.689063 0.868750 0.664062 0.856250 0.618750 0.795312 0.609375 0.770312 0.604688 0.732812 0.607812 0.671875 0.582812 0.614062 0.575000 0.578125 0.560937 0.578125 0.557813 0.585938 0.546875 0.584375 0.545312 0.578125 0.489063 0.578125 0.484375 0.585938 0.457813 0.592187 0.446875 0.590625 0.440625 0.578125
0 0.395313 0.040625 0.373912 0.040991 0.343750 0.050000 0.331250 0.056250 0.276562 0.073438 0.212500 0.103125 0.164062 0.150000 0.135937 0.215625 0.124947 0.300641 0.129592 0.382855 0.135937 0.426563 0.153125 0.453125 0.193750 0.478125 0.287500 0.514062 0.371127 0.537530 0.414062 0.531250 0.437500 0.520312 0.464062 0.490625 0.472384 0.474823 0.464062 0.150000 0.454688 0.095312 0.423438 0.059375 0.403125 0.045312
5 0.310937 0.546875 0.303125 0.546875 0.303125 0.671875 0.314063 0.671875 0.320312 0.650000 0.328125 0.643750 0.371875 0.785937 0.414062 0.892188 0.420312 0.918750 0.431250 0.925000 0.479687 0.928125 0.595313 0.928125 0.595313 0.907813 0.587500 0.904687 0.564063 0.870313 0.481250 0.715625 0.459375 0.664062 0.435937 0.581250 0.425000 0.570312 0.392188 0.562500 0.364063 0.562500 0.332813 0.579688 0.318750 0.546875
5 0.538542 0.959375 0.446875 0.959375 0.446875 0.998437 0.543750 0.998437 0.543750 0.993750 0.546875 0.989062 0.548438 0.971875 0.550000 0.970313 0.546875 0.964063 0.546875 0.959375
5 0.355903 0.965625 0.290625 0.965625 0.290625 0.981250 0.295312 0.981250 0.300000 0.985938 0.304688 0.987500 0.306250 0.989062 0.306250 0.995313 0.332813 0.995313 0.332813 0.990625 0.334375 0.989062 0.346875 0.984375 0.359375 0.973437 0.364063 0.973437 0.364063 0.965625
2 0.156250 0.320312 0.156250 0.415625 0.162500 0.435937 0.182812 0.457813 0.235937 0.481250 0.356250 0.520312 0.415625 0.523438 0.440625 0.510938 0.456250 0.487500 0.460938 0.454688 0.456250 0.187500 0.450000 0.175000 0.456250 0.153125 0.443750 0.132812 0.442188 0.110937 0.414062 0.084375 0.382812 0.085938 0.321875 0.101562 0.240625 0.140625 0.201563 0.171875 0.181250 0.201563
6 0.579297 0.040625 0.521875 0.040625 0.503125 0.065625 0.492188 0.109375 0.484375 0.114062 0.484375 0.231250 0.492188 0.235937 0.495312 0.264062 0.500000 0.448437 0.514062 0.492188 0.534375 0.515625 0.556250 0.525000 0.650000 0.525000 0.737500 0.501563 0.828125 0.467187 0.876563 0.426563 0.876563 0.268750 0.868750 0.264062 0.868750 0.245312 0.876563 0.239063 0.876563 0.195312 0.868750 0.192188 0.856250 0.171875 0.829688 0.157812 0.807813 0.134375 0.779687 0.120313 0.759375 0.098437 0.740625 0.092188 0.701641 0.105319 0.671794 0.088684 0.620313 0.050000 0.589063 0.046875 0.587500 0.040625
1 0.397991 0.046875 0.348438 0.046875 0.342187 0.056250 0.260937 0.084375 0.214062 0.109375 0.189062 0.131250 0.173437 0.153125 0.154688 0.220312 0.146875 0.225000 0.146875 0.418750 0.153125 0.420312 0.162500 0.440625 0.182812 0.460938 0.228125 0.482812 0.320312 0.512500 0.384375 0.526563 0.418750 0.523438 0.437500 0.512500 0.459375 0.481250 0.462500 0.457813 0.459375 0.129688 0.445312 0.087500 0.425000 0.064062 0.406250 0.051562 0.406250 0.046875
