4 0.517188 0.040625 0.501563 0.040625 0.500000 0.046875 0.485938 0.051562 0.471875 0.070312 0.465625 0.071875 0.465625 0.243750 0.471875 0.245312 0.473438 0.259375 0.482812 0.276562 0.506250 0.293750 0.509375 0.301563 0.529687 0.301563 0.531250 0.295312 0.704688 0.210938 0.757812 0.168750 0.762500 0.135937 0.770312 0.129688 0.770312 0.100000 0.729688 0.064062 0.715625 0.057813 0.682813 0.057813 0.648438 0.050000 0.604688 0.051562 0.589063 0.046875 0.587500 0.040625 0.540625 0.040625 0.535937 0.048438 0.526563 0.046875 0.525000 0.040625
7 0.302778 0.084375 0.237500 0.084375 0.229687 0.100000 0.221875 0.103125 0.221875 0.164062 0.226562 0.164062 0.243750 0.182812 0.262500 0.195312 0.276562 0.201563 0.295312 0.201563 0.300000 0.221875 0.381250 0.254688 0.387500 0.264062 0.403125 0.264062 0.403125 0.259375 0.418750 0.248438 0.426563 0.234375 0.431250 0.203125 0.420312 0.175000 0.432812 0.146875 0.439063 0.145313 0.439063 0.132812 0.432812 0.132812 0.410938 0.114062 0.414062 0.095312 0.409375 0.090625 0.354687 0.104688 0.328125 0.104688 0.310937 0.089063 0.310937 0.084375
0 0.241845 0.230914 0.223028 0.240323 0.217494 0.251945 0.221875 0.750000 0.246875 0.789062 0.389062 0.782813 0.396875 0.781250 0.460938 0.776563 0.520312 0.765625 0.540625 0.742188 0.539062 0.651563 0.537500 0.635938 0.532813 0.353125 0.526563 0.340625 0.504687 0.323437 0.407813 0.285938 0.373437 0.278125 0.287500 0.243750
0 0.220053 0.011098 0.220697 0.182895 0.256250 0.210938 0.393136 0.263323 0.417187 0.264062 0.439063 0.253125 0.450000 0.235937 0.451562 0.178125 0.450000 0.167187 0.446875 0.075000 0.443750 0.059375 0.429688 0.040625 0.409375 0.026562 0.384375 0.021875
0 0.747656 0.221875 0.728486 0.219061 0.704688 0.228125 0.689063 0.239063 0.643750 0.259375 0.553125 0.310937 0.549309 0.327058 0.550291 0.411983 0.553125 0.420312 0.581250 0.435937 0.733886 0.495925 0.754012 0.494944 0.775000 0.481250 0.776563 0.284375 0.775000 0.253125
0 0.625000 0.465625 0.594637 0.462792 0.578125 0.471875 0.560884 0.485381 0.554775 0.512489 0.565625 0.725000 0.576562 0.748437 0.603125 0.764062 0.623437 0.764062 0.631250 0.762500 0.771875 0.745313 0.778125 0.739062 0.781250 0.703125 0.778125 0.534375 0.759375 0.518750 0.656250 0.482812 0.635938 0.473438
0 0.442031 0.903125 0.370312 0.903125 0.367188 0.910937 0.354687 0.915625 0.310937 0.928125 0.253125 0.937500 0.215625 0.950000 0.215625 0.998437 0.476562 0.998437 0.476562 0.978125 0.470313 0.976562 0.467187 0.943750 0.451562 0.920312 0.450000 0.903125
4 0.439931 0.921875 0.371875 0.921875 0.367188 0.935937 0.376563 0.948438 0.370312 0.954688 0.354687 0.957812 0.342187 0.954688 0.321875 0.957812 0.314063 0.945312 0.284375 0.950000 0.276562 0.943750 0.257812 0.950000 0.228125 0.953125 0.228125 0.998437 0.470313 0.998437 0.460938 0.968750 0.446875 0.953125 0.456250 0.940625 0.448437 0.921875
0 0.487500 0.028125 0.474852 0.043914 0.465200 0.058713 0.465625 0.256250 0.482812 0.279687 0.501563 0.301563 0.543750 0.295312 0.729688 0.196875 0.766969 0.174531 0.776563 0.164062 0.776563 0.079687 0.753125 0.053125 0.737500 0.045312 0.645312 0.035937 0.639062 0.034375
2 0.554688 0.334375 0.556250 0.406250 0.568750 0.426563 0.726562 0.485938 0.748437 0.485938 0.762500 0.476562 0.770312 0.459375 0.768750 0.390625 0.762500 0.257812 0.751563 0.240625 0.734375 0.231250 0.715625 0.232813 0.570312 0.309375
1 0.564545 0.494841 0.572227 0.669197 0.575298 0.711442 0.582812 0.734375 0.598437 0.746875 0.609375 0.742188 0.635938 0.745313 0.670312 0.735938 0.737500 0.734375 0.768750 0.717187 0.778125 0.650000 0.775000 0.550000 0.768750 0.535937 0.609862 0.477175 0.581250 0.471875
5 0.231250 0.382812 0.232813 0.487500 0.239063 0.514062 0.254688 0.521875 0.270313 0.512500 0.259375 0.484375 0.262500 0.470313 0.301563 0.432812 0.332813 0.415625 0.376563 0.407813 0.459375 0.410938 0.478125 0.421875 0.473438 0.439063 0.487500 0.440625 0.501563 0.393750 0.510938 0.328125 0.457813 0.325000 0.379688 0.292187 0.328125 0.290625 0.278125 0.306250 0.245312 0.345313
5 0.262500 0.471875 0.265625 0.525000 0.246875 0.540625 0.251563 0.554688 0.273438 0.546875 0.270313 0.539062 0.282813 0.520312 0.362500 0.457813 0.389062 0.448437 0.484375 0.442188 0.487500 0.431250 0.481250 0.420312 0.442188 0.410938 0.396875 0.407813 0.340625 0.414062 0.285938 0.445312
5 0.228125 0.615625 0.223438 0.643750 0.228125 0.657813 0.275000 0.657813 0.364063 0.570312 0.462500 0.503125 0.487500 0.506250 0.510938 0.478125 0.510938 0.459375 0.496875 0.445312 0.456250 0.445312 0.384375 0.451562 0.362500 0.460938 0.279687 0.525000 0.264062 0.560937 0.237500 0.587500
5 0.264062 0.673438 0.264062 0.748437 0.281250 0.762500 0.354687 0.745313 0.485938 0.729688 0.506250 0.654687 0.517188 0.515625 0.490625 0.509375 0.459375 0.512500 0.410938 0.539062 0.351562 0.581250 0.292187 0.637500
