7 0.559375 0.660937 0.562500 0.775000 0.576562 0.792188 0.596875 0.796875 0.645312 0.789062 0.670312 0.792188 0.685937 0.785937 0.703125 0.762500 0.740625 0.765625 0.754687 0.753125 0.754687 0.715625 0.726562 0.678125 0.700000 0.671875 0.665625 0.673438 0.621875 0.689063 0.610938 0.668750 0.610938 0.657813 0.620313 0.650000 0.587500 0.632812 0.571875 0.642188
4 0.248438 0.737500 0.245312 0.809375 0.250000 0.829688 0.265625 0.842187 0.326562 0.839063 0.364063 0.856250 0.385937 0.850000 0.403125 0.829688 0.418750 0.821875 0.490625 0.831250 0.503125 0.828125 0.532813 0.803125 0.539062 0.789062 0.529687 0.690625 0.531250 0.629687 0.521875 0.610938 0.506250 0.603125 0.484375 0.603125 0.400000 0.640625 0.365625 0.665625 0.303125 0.687500 0.260937 0.715625
2 0.243750 0.448437 0.240625 0.543750 0.248438 0.564063 0.243750 0.645312 0.268750 0.667188 0.307812 0.668750 0.359375 0.635938 0.410938 0.615625 0.423438 0.603125 0.443750 0.601562 0.462500 0.582812 0.468750 0.548438 0.467187 0.509375 0.454688 0.485938 0.293750 0.420312 0.265625 0.423438 0.251563 0.432812
1 0.245312 0.270313 0.242188 0.354687 0.251563 0.379688 0.412500 0.442188 0.435937 0.443750 0.456250 0.432812 0.464062 0.418750 0.462500 0.323437 0.467187 0.314063 0.462500 0.196875 0.428125 0.181250 0.265625 0.187500 0.250000 0.206250
5 0.498437 0.479687 0.498437 0.493750 0.542188 0.554688 0.584375 0.585938 0.645312 0.618750 0.665625 0.604688 0.673438 0.585938 0.692187 0.576562 0.731250 0.504687 0.728125 0.464062 0.710938 0.410938 0.664062 0.334375 0.609375 0.375000 0.556250 0.423438 0.525000 0.460938
5 0.500000 0.218750 0.500000 0.435937 0.509375 0.442188 0.534375 0.432812 0.526563 0.421875 0.532813 0.410938 0.526563 0.407813 0.531250 0.354687 0.581250 0.334375 0.689063 0.312500 0.698438 0.300000 0.701562 0.281250 0.681250 0.221875 0.587500 0.209375 0.517188 0.210938
5 0.529687 0.351562 0.528125 0.417187 0.534375 0.440625 0.659375 0.334375 0.675000 0.343750 0.682813 0.367188 0.706250 0.393750 0.726562 0.456250 0.740625 0.439063 0.739062 0.371875 0.701562 0.314063
0 0.776561 0.206172 0.779239 0.620009 0.769422 0.644983 0.749789 0.656577 0.732834 0.656577 0.497245 0.577198 0.486538 0.551334 0.483420 0.205664 0.489977 0.185353 0.503416 0.172248 0.513905 0.166680 0.744009 0.165597 0.759742 0.172148 0.771542 0.181650 0.776787 0.190495
0 0.599459 0.625881 0.757186 0.678716 0.771281 0.688872 0.780131 0.702631 0.779803 0.815981 0.772264 0.832034 0.763742 0.841206 0.747681 0.849069 0.592311 0.850052 0.575209 0.845364 0.561667 0.833652 0.555927 0.816309 0.553305 0.665284 0.558878 0.650542 0.562155 0.641041 0.571333 0.634161 0.580839 0.627283
0 0.236234 0.741611 0.236144 0.820691 0.244664 0.834136 0.262600 0.849373 0.274259 0.852959 0.507886 0.850270 0.520889 0.846236 0.532548 0.836377 0.540172 0.824277 0.542863 0.810383 0.542863 0.631563 0.537033 0.616772 0.527167 0.607361 0.515059 0.597948 0.501608 0.594364 0.491742 0.593467 0.479186 0.598397 0.247803 0.718059
0 0.247527 0.427809 0.236081 0.441948 0.236256 0.645556 0.241273 0.660964 0.252336 0.673944 0.266286 0.682116 0.279272 0.686442 0.291297 0.684520 0.455798 0.600872 0.465898 0.587892 0.471667 0.572863 0.472370 0.507283 0.465898 0.490784 0.451950 0.474920 0.284562 0.410983 0.269652 0.412425
0 0.236206 0.201269 0.235205 0.355923 0.243763 0.379445 0.414205 0.450008 0.434173 0.449295 0.457708 0.440030 0.470544 0.419359 0.469831 0.204819 0.462700 0.181298 0.443445 0.167042 0.263730 0.168469 0.251606 0.179159
