0 0.235608 0.224720 0.215625 0.228125 0.217767 0.762053 0.317188 0.762500 0.434375 0.759375 0.481250 0.753125 0.503125 0.734375 0.510938 0.700000 0.509375 0.464062 0.512500 0.393750 0.514062 0.385937 0.514062 0.359375 0.506250 0.340625 0.489063 0.321875 0.315625 0.248438 0.287500 0.240625 0.278125 0.235937
7 0.275000 0.053125 0.259375 0.053125 0.251563 0.085938 0.229687 0.112500 0.221875 0.115625 0.221875 0.157812 0.231250 0.160938 0.264062 0.190625 0.296875 0.200000 0.301563 0.220312 0.309375 0.228125 0.340625 0.237500 0.371875 0.253125 0.395313 0.256250 0.406250 0.251563 0.425000 0.217188 0.414062 0.193750 0.396875 0.171875 0.412500 0.146875 0.412500 0.129688 0.404687 0.110937 0.392188 0.096875 0.365625 0.090625 0.351562 0.071875 0.304688 0.067187 0.285938 0.060937 0.282813 0.053125
0 0.473438 0.034375 0.453125 0.057813 0.451277 0.258303 0.459375 0.273438 0.473438 0.289062 0.490625 0.298438 0.512500 0.300000 0.528125 0.295312 0.712500 0.206250 0.764062 0.168750 0.764062 0.085938 0.754577 0.067822 0.732812 0.054688 0.714063 0.046875 0.633886 0.044209 0.576562 0.040625
5 0.342969 0.284375 0.332813 0.284375 0.332813 0.290625 0.321875 0.295312 0.321875 0.321875 0.329688 0.325000 0.337500 0.357812 0.334375 0.404687 0.406250 0.557813 0.410938 0.557813 0.476562 0.481250 0.489063 0.460938 0.495312 0.439063 0.501563 0.437500 0.501563 0.420312 0.439063 0.367188 0.406250 0.331250 0.357812 0.293750 0.353125 0.284375
0 0.289656 0.019022 0.226688 0.015873 0.218292 0.022695 0.221875 0.198437 0.371875 0.256250 0.394080 0.264075 0.410938 0.259375 0.429688 0.243750 0.439063 0.223438 0.437500 0.068750 0.434375 0.057813 0.415625 0.037500 0.400000 0.029687 0.326562 0.021875
0 0.590105 0.459375 0.548438 0.459375 0.528125 0.481250 0.528125 0.728125 0.562500 0.757812 0.667188 0.757812 0.668750 0.751563 0.735938 0.746875 0.759375 0.725000 0.764062 0.703125 0.764062 0.592187 0.759375 0.543750 0.743750 0.525000 0.728125 0.515625 0.607812 0.470313
4 0.519902 0.044538 0.478455 0.048173 0.459375 0.075000 0.459375 0.081250 0.459375 0.114062 0.463186 0.182692 0.457813 0.265625 0.475000 0.285938 0.492188 0.293750 0.495312 0.301563 0.515625 0.301563 0.518750 0.293750 0.726562 0.195312 0.740625 0.182812 0.745313 0.162500 0.751563 0.160938 0.745314 0.144155 0.751563 0.084375 0.712500 0.051562 0.703125 0.046875 0.673438 0.054688 0.546875 0.051562
5 0.221875 0.509375 0.221875 0.670312 0.229687 0.673438 0.250000 0.700000 0.278125 0.717187 0.314063 0.728125 0.354687 0.731250 0.359375 0.739062 0.378125 0.739062 0.378125 0.732812 0.410938 0.679688 0.401562 0.651563 0.365625 0.609375 0.365625 0.603125 0.346875 0.603125 0.309375 0.585938 0.303125 0.587500 0.235937 0.526563 0.229687 0.509375
0 0.729375 0.215625 0.696875 0.221875 0.685937 0.229687 0.559375 0.290625 0.529988 0.314975 0.525264 0.364825 0.534375 0.415625 0.553125 0.434375 0.707812 0.493750 0.731250 0.493750 0.751563 0.482812 0.764062 0.464062 0.764062 0.259375 0.756250 0.242188 0.737500 0.221875
5 0.470313 0.484375 0.468750 0.493750 0.451562 0.514062 0.415625 0.550000 0.409375 0.550000 0.409375 0.573438 0.414062 0.573438 0.417187 0.576562 0.435937 0.612500 0.435937 0.620313 0.445312 0.620313 0.445312 0.612500 0.470313 0.565625 0.476562 0.546875 0.479687 0.525000 0.487500 0.504687 0.482812 0.484375
5 0.235937 0.378125 0.229687 0.392188 0.221875 0.393750 0.221875 0.548438 0.232813 0.546875 0.240625 0.553125 0.234375 0.571875 0.240625 0.576562 0.257812 0.614062 0.260937 0.640625 0.254688 0.660937 0.232813 0.664062 0.228125 0.653125 0.221875 0.651563 0.221875 0.664062 0.232813 0.667188 0.250000 0.701562 0.400000 0.701562 0.400000 0.693750 0.407813 0.692187 0.407813 0.671875 0.396875 0.671875 0.393750 0.667188 0.400000 0.656250 0.398438 0.645312 0.378125 0.607812 0.365625 0.568750 0.310937 0.443750 0.298438 0.420312 0.259375 0.392188 0.250000 0.378125
3 0.535937 0.337500 0.534375 0.403125 0.554688 0.428125 0.703125 0.482812 0.720313 0.473438 0.728125 0.445312 0.729688 0.340625 0.734375 0.326562 0.731250 0.253125 0.723437 0.245312 0.689063 0.254688 0.545312 0.320312
1 0.534375 0.498437 0.534375 0.670312 0.542188 0.725000 0.570312 0.740625 0.725000 0.731250 0.742188 0.712500 0.746875 0.682813 0.748437 0.564063 0.746875 0.548438 0.737500 0.534375 0.573438 0.467187 0.546875 0.473438
