0 0.423438 0.103125 0.395313 0.110937 0.371875 0.134375 0.365625 0.395313 0.387500 0.421875 0.409375 0.437500 0.470313 0.445312 0.481250 0.432812 0.696875 0.312500 0.782813 0.250000 0.776563 0.148438 0.773784 0.133963 0.764062 0.121875 0.740625 0.104688
0 0.238745 0.123380 0.124347 0.128353 0.121875 0.354687 0.181250 0.373437 0.209375 0.387500 0.289062 0.410938 0.312500 0.409375 0.345313 0.384375 0.357812 0.346875 0.347066 0.202962 0.340625 0.151562 0.305617 0.125037
7 0.244922 0.171875 0.187500 0.171875 0.178125 0.184375 0.121875 0.206250 0.121875 0.342187 0.176563 0.364063 0.259375 0.381250 0.281250 0.389062 0.282813 0.395313 0.303125 0.395313 0.304688 0.389062 0.325000 0.379688 0.337500 0.362500 0.345313 0.359375 0.345313 0.296875 0.339062 0.295312 0.337500 0.281250 0.334375 0.195312 0.325000 0.181250 0.281250 0.189062 0.260937 0.182812 0.253125 0.171875
4 0.592578 0.096875 0.565625 0.096875 0.559375 0.106250 0.526563 0.107813 0.496875 0.118750 0.439063 0.110937 0.407813 0.118750 0.378125 0.139063 0.378125 0.398438 0.407813 0.423438 0.437500 0.431250 0.442188 0.439063 0.468750 0.439063 0.471875 0.431250 0.504687 0.415625 0.562500 0.375000 0.625000 0.343750 0.710938 0.292187 0.764062 0.246875 0.764062 0.153125 0.714063 0.121875 0.664062 0.120313 0.603125 0.103125 0.601562 0.096875
0 0.546020 0.647847 0.523362 0.650611 0.497941 0.669400 0.485230 0.687086 0.499045 0.998437 0.820978 0.998437 0.818750 0.917188 0.814063 0.773438 0.801562 0.745313 0.771875 0.721875 0.614062 0.670312 0.576562 0.654687
0 0.751563 0.321875 0.696875 0.321875 0.514062 0.428125 0.484375 0.453125 0.472519 0.485367 0.478125 0.587500 0.514062 0.615625 0.696875 0.678125 0.743870 0.691506 0.781250 0.678125 0.801900 0.659453 0.806873 0.642873 0.801562 0.525000 0.793750 0.473438 0.787500 0.368750 0.776563 0.345313
5 0.176563 0.421875 0.153125 0.421875 0.134375 0.464062 0.121875 0.473438 0.121875 0.712500 0.176563 0.721875 0.203125 0.737500 0.259375 0.759375 0.342187 0.804688 0.379688 0.818750 0.440625 0.817187 0.442188 0.653125 0.431250 0.578125 0.409375 0.521875 0.343750 0.470313 0.282813 0.432812 0.257812 0.432812 0.214062 0.450000 0.192188 0.435937 0.184375 0.421875
5 0.224739 0.803125 0.135937 0.803125 0.129688 0.825000 0.121875 0.828125 0.121875 0.903125 0.171875 0.907813 0.242188 0.925000 0.362500 0.923438 0.376563 0.934375 0.398438 0.920312 0.417187 0.921875 0.439063 0.914062 0.439063 0.881250 0.432812 0.879687 0.420312 0.828125 0.364063 0.818750 0.276562 0.815625 0.234375 0.809375 0.232813 0.803125
0 0.159164 0.394180 0.122136 0.385337 0.121875 0.390625 0.121875 0.998437 0.476562 0.998437 0.470313 0.854688 0.468750 0.840625 0.454688 0.529687 0.443750 0.495312 0.415625 0.471875 0.260937 0.421875 0.192188 0.404687 0.175000 0.398438
5 0.154375 0.715625 0.121875 0.715625 0.121875 0.793750 0.159375 0.804688 0.334375 0.821875 0.345313 0.825000 0.348438 0.832812 0.417187 0.832812 0.415625 0.826562 0.375000 0.820312 0.331250 0.803125 0.254688 0.759375 0.164062 0.721875 0.162500 0.715625
6 0.485938 0.479687 0.489063 0.573438 0.506250 0.601562 0.629687 0.640625 0.706250 0.670312 0.726562 0.684375 0.740625 0.684375 0.762500 0.665625 0.796875 0.653125 0.804688 0.632812 0.793750 0.554688 0.800000 0.490625 0.790625 0.468750 0.782813 0.373437 0.757812 0.328125 0.721875 0.323437 0.715625 0.332813 0.696875 0.329688 0.664062 0.346875 0.635938 0.375000 0.587500 0.389062 0.542188 0.429688 0.498437 0.451562
2 0.501563 0.681250 0.501563 0.846875 0.506250 0.921875 0.517188 0.926562 0.521875 0.964063 0.515625 0.965625 0.515625 0.985938 0.521875 0.992188 0.587500 0.998437 0.617188 0.990625 0.664062 0.993750 0.721875 0.981250 0.737500 0.987500 0.778125 0.982812 0.795312 0.931250 0.782813 0.842187 0.787500 0.771875 0.775000 0.739062 0.762500 0.729688 0.684375 0.707812 0.553125 0.654687 0.523438 0.660937
