4 0.611980 0.089063 0.570312 0.089063 0.532813 0.098437 0.518750 0.107813 0.479687 0.112500 0.457813 0.126562 0.446875 0.140625 0.445312 0.248438 0.450000 0.257812 0.450000 0.301563 0.456250 0.321875 0.476562 0.342187 0.485938 0.346875 0.520312 0.342187 0.551562 0.323437 0.559375 0.323437 0.614062 0.285938 0.646875 0.273438 0.696875 0.242188 0.720313 0.235937 0.742188 0.220312 0.745313 0.178125 0.740625 0.137500 0.700000 0.114062 0.657813 0.104688 0.642188 0.093750 0.620313 0.089063
7 0.239583 0.118750 0.221875 0.118750 0.218750 0.125000 0.220312 0.223438 0.245312 0.242188 0.265625 0.243750 0.281250 0.271875 0.314063 0.292187 0.326562 0.292187 0.371875 0.309375 0.395313 0.310937 0.407813 0.304688 0.417187 0.295312 0.421875 0.282813 0.421875 0.262500 0.410938 0.246875 0.410938 0.218750 0.404687 0.203125 0.398438 0.151562 0.389062 0.146875 0.353125 0.156250 0.348438 0.153125 0.346875 0.139063 0.334375 0.125000 0.325000 0.125000 0.317188 0.140625 0.300000 0.150000 0.276562 0.143750 0.248438 0.118750
1 0.577344 0.512500 0.551562 0.512500 0.532813 0.535937 0.532813 0.693750 0.537500 0.753125 0.548438 0.767188 0.562500 0.773438 0.614062 0.767188 0.703125 0.765625 0.725000 0.759375 0.740625 0.739062 0.740625 0.590625 0.734375 0.576562 0.715625 0.562500 0.639062 0.537500 0.585938 0.512500
0 0.701406 0.082812 0.470313 0.082812 0.456250 0.093750 0.443750 0.114062 0.443750 0.284375 0.450000 0.317188 0.465625 0.340625 0.489063 0.350000 0.520312 0.346875 0.657813 0.268750 0.717187 0.240625 0.748437 0.218750 0.756250 0.201563 0.756250 0.117188 0.734375 0.090625 0.709375 0.082812
0 0.251250 0.289062 0.218750 0.289062 0.215625 0.295312 0.215625 0.675000 0.220312 0.798438 0.234375 0.810937 0.346875 0.810937 0.403125 0.804688 0.462500 0.804688 0.485938 0.798438 0.506250 0.781250 0.515625 0.762500 0.510938 0.429688 0.504687 0.393750 0.489063 0.375000 0.468750 0.362500 0.293750 0.304688 0.259375 0.289062
5 0.302864 0.350000 0.262500 0.350000 0.229687 0.364063 0.226562 0.393750 0.257812 0.470313 0.314063 0.559375 0.325000 0.564063 0.340625 0.560937 0.421875 0.529687 0.487500 0.496875 0.490625 0.485938 0.485938 0.470313 0.457813 0.432812 0.432812 0.418750 0.415625 0.400000 0.390625 0.382812 0.334375 0.356250 0.310937 0.350000
5 0.239063 0.445312 0.234375 0.453125 0.237500 0.478125 0.223438 0.489063 0.223438 0.510938 0.237500 0.539062 0.243750 0.571875 0.243750 0.626563 0.250000 0.650000 0.260937 0.667188 0.387500 0.642188 0.446875 0.623437 0.464062 0.623437 0.473438 0.615625 0.479687 0.589063 0.470313 0.559375 0.467187 0.567187 0.457813 0.570312 0.448437 0.557813 0.418750 0.535937 0.395313 0.537500 0.340625 0.562500 0.320312 0.564063 0.260937 0.478125 0.246875 0.445312
0 0.301563 0.073438 0.218750 0.076563 0.218750 0.262500 0.251563 0.279687 0.301563 0.292187 0.365625 0.317188 0.404687 0.317188 0.423438 0.301563 0.432812 0.281250 0.428125 0.120313 0.415625 0.096875 0.395313 0.081250 0.309375 0.073438
5 0.460547 0.629687 0.420312 0.631250 0.387500 0.643750 0.339062 0.650000 0.329688 0.656250 0.303125 0.656250 0.285938 0.664062 0.270313 0.676562 0.270313 0.731250 0.276562 0.759375 0.293750 0.759375 0.307812 0.750000 0.337500 0.742188 0.371875 0.742188 0.382812 0.735938 0.446875 0.735938 0.467187 0.729688 0.495312 0.729688 0.498437 0.726562 0.498437 0.696875 0.492188 0.681250 0.492188 0.668750 0.468750 0.629687
0 0.573958 0.503125 0.546875 0.507812 0.529687 0.528125 0.531250 0.768750 0.559375 0.792188 0.581250 0.795312 0.675000 0.792188 0.728125 0.785937 0.740625 0.779687 0.760938 0.753125 0.765625 0.720313 0.759375 0.584375 0.732812 0.556250 0.615625 0.518750 0.582812 0.503125
0 0.721875 0.256250 0.695312 0.257812 0.640625 0.293750 0.545312 0.343750 0.529687 0.357812 0.523438 0.365625 0.523438 0.454688 0.532813 0.471875 0.571875 0.492188 0.603125 0.498437 0.707812 0.535937 0.725000 0.534375 0.750000 0.518750 0.759375 0.500000 0.757812 0.295312 0.753125 0.281250 0.729688 0.256250
3 0.727455 0.279687 0.676562 0.279687 0.590625 0.331250 0.545312 0.350000 0.532813 0.360938 0.528125 0.368750 0.528125 0.453125 0.540625 0.475000 0.578125 0.492188 0.589063 0.492188 0.693750 0.529687 0.718750 0.529687 0.731250 0.521875 0.740625 0.506250 0.734375 0.368750 0.740625 0.290625 0.735938 0.279687
