7 0.814063 0.221875 0.735938 0.221875 0.732812 0.229687 0.696875 0.237500 0.667188 0.254688 0.651563 0.287500 0.635938 0.345313 0.628125 0.348438 0.628125 0.392188 0.635938 0.395313 0.660937 0.429688 0.693750 0.443750 0.760938 0.451562 0.762500 0.457813 0.787500 0.457813 0.789062 0.451562 0.809375 0.445312 0.825000 0.431250 0.839063 0.396875 0.828125 0.353125 0.854688 0.307812 0.856250 0.275000 0.843750 0.243750 0.825000 0.229687 0.821875 0.221875
0 0.848437 0.171875 0.715625 0.171875 0.689063 0.193750 0.679688 0.206250 0.659375 0.245312 0.617188 0.367188 0.607977 0.403667 0.614062 0.432812 0.632812 0.454688 0.651563 0.464062 0.701562 0.464062 0.715625 0.462500 0.823438 0.460938 0.851562 0.453125 0.867188 0.440625 0.882812 0.396875 0.887500 0.248438 0.882812 0.210938 0.856250 0.171875
0 0.838816 0.471875 0.687500 0.479687 0.610938 0.484375 0.571875 0.506250 0.571875 0.567187 0.689063 0.800000 0.728125 0.846875 0.757812 0.860938 0.810937 0.864062 0.850000 0.857812 0.882812 0.829688 0.889062 0.789062 0.889062 0.603125 0.887500 0.537500 0.875000 0.501563 0.846875 0.476562
4 0.765430 0.478125 0.709375 0.478125 0.707812 0.484375 0.700000 0.485938 0.634375 0.487500 0.601562 0.493750 0.584375 0.504687 0.584375 0.560937 0.592187 0.564063 0.604688 0.582812 0.646875 0.689063 0.690625 0.760938 0.720313 0.826562 0.753125 0.846875 0.801562 0.859375 0.809375 0.862500 0.812500 0.870313 0.826562 0.870313 0.831250 0.860938 0.871875 0.831250 0.876563 0.818750 0.876563 0.740625 0.882812 0.696875 0.878125 0.578125 0.865625 0.542188 0.829688 0.478125 0.790625 0.478125 0.789062 0.484375 0.775000 0.484375 0.773438 0.478125
0 0.112500 0.198437 0.087500 0.203125 0.053125 0.228125 0.046875 0.514062 0.073438 0.540625 0.090625 0.548438 0.126562 0.553125 0.481250 0.548438 0.514062 0.539062 0.531250 0.521875 0.553125 0.473438 0.571875 0.406250 0.601562 0.345313 0.634136 0.240377 0.630964 0.205500 0.611941 0.193609 0.598437 0.184375 0.356250 0.184375 0.326562 0.184375
0 0.345313 0.565625 0.079687 0.565625 0.063414 0.578053 0.046875 0.595313 0.046875 0.787500 0.064998 0.829330 0.095312 0.845313 0.148438 0.851562 0.273438 0.850000 0.292187 0.840625 0.312500 0.814063 0.379688 0.634375 0.379688 0.606250
5 0.258984 0.203125 0.135937 0.203125 0.134375 0.209375 0.090625 0.221875 0.090625 0.256250 0.098437 0.262500 0.134375 0.473438 0.151562 0.525000 0.170313 0.535937 0.231250 0.539062 0.332813 0.531250 0.404687 0.531250 0.529687 0.503125 0.546875 0.467187 0.570312 0.376563 0.573438 0.253125 0.567187 0.235937 0.550000 0.225000 0.506250 0.209375 0.504687 0.203125 0.395313 0.203125 0.389062 0.218750 0.354687 0.215625 0.323437 0.223438 0.312500 0.231250 0.300000 0.257812 0.279687 0.215625 0.268750 0.209375 0.267188 0.203125
0 0.468467 0.566164 0.432812 0.571875 0.409375 0.609375 0.356250 0.743750 0.345603 0.799208 0.355116 0.828538 0.410603 0.843598 0.609375 0.845313 0.639062 0.835938 0.670312 0.815625 0.664062 0.782813 0.648438 0.757812 0.585938 0.631250 0.562500 0.592187 0.551697 0.571713 0.508102 0.563786
5 0.252764 0.203125 0.154688 0.203125 0.153125 0.209375 0.096875 0.221875 0.096875 0.284375 0.104688 0.289062 0.135937 0.476562 0.146875 0.514062 0.159375 0.529687 0.175000 0.535937 0.251563 0.537500 0.307812 0.529687 0.307812 0.470313 0.295312 0.462500 0.290625 0.435937 0.296875 0.382812 0.296875 0.256250 0.278125 0.214062 0.262500 0.209375 0.260937 0.203125
5 0.442188 0.190625 0.403125 0.190625 0.392188 0.225000 0.384375 0.326562 0.371875 0.387500 0.365625 0.389062 0.365625 0.532813 0.418750 0.532813 0.423438 0.525000 0.526563 0.503125 0.539062 0.484375 0.565625 0.390625 0.568750 0.307812 0.570312 0.289062 0.576562 0.287500 0.576562 0.250000 0.571875 0.250000 0.560937 0.234375 0.532813 0.220312 0.501563 0.207813 0.451562 0.196875 0.450000 0.190625
1 0.085938 0.590625 0.089063 0.657813 0.084375 0.673438 0.093750 0.703125 0.087500 0.721875 0.087500 0.759375 0.106250 0.792188 0.101562 0.815625 0.109375 0.828125 0.170313 0.832812 0.175000 0.828125 0.256250 0.829688 0.303125 0.821875 0.290625 0.817187 0.292187 0.792188 0.315625 0.778125 0.376563 0.628125 0.375000 0.604688 0.360938 0.584375 0.340625 0.576562 0.104688 0.579688
2 0.421875 0.603125 0.395313 0.692187 0.354687 0.785937 0.368750 0.826562 0.385937 0.834375 0.487500 0.826562 0.540625 0.829688 0.550000 0.835938 0.603125 0.835938 0.628125 0.834375 0.657813 0.815625 0.651563 0.796875 0.659375 0.792188 0.659375 0.782813 0.642188 0.743750 0.554688 0.582812 0.539062 0.575000 0.451562 0.573438 0.432812 0.582812
