0 0.755206 0.158005 0.717187 0.165625 0.553125 0.264062 0.553125 0.368750 0.593750 0.398438 0.760202 0.454450 0.780809 0.454450 0.781250 0.187500 0.776563 0.165625
4 0.774959 0.003125 0.476562 0.003125 0.473438 0.012500 0.459375 0.021875 0.459375 0.154688 0.467187 0.160938 0.470313 0.209375 0.482812 0.235937 0.496875 0.246875 0.512500 0.251563 0.514062 0.257812 0.528125 0.257812 0.529687 0.251563 0.548438 0.246875 0.581250 0.225000 0.765625 0.129688 0.778125 0.114062 0.782813 0.114062 0.782813 0.003125
0 0.774923 0.003125 0.477331 0.001523 0.462344 0.014630 0.460470 0.061436 0.463592 0.190000 0.465625 0.212500 0.473438 0.231250 0.489063 0.246875 0.509375 0.256250 0.540625 0.253125 0.764062 0.131250 0.782813 0.117188 0.782813 0.003125
0 0.283681 0.203125 0.215625 0.203125 0.215625 0.740625 0.230052 0.763200 0.256903 0.778178 0.398438 0.765625 0.406250 0.762500 0.475000 0.760938 0.528125 0.753125 0.548438 0.737500 0.559375 0.720313 0.557813 0.670312 0.556250 0.660937 0.553125 0.559375 0.535937 0.375000 0.537500 0.320312 0.532813 0.303125 0.517188 0.282813 0.498437 0.271875 0.295312 0.210938 0.292187 0.203125
1 0.636562 0.437011 0.592228 0.437011 0.569748 0.461975 0.575367 0.581178 0.580987 0.607391 0.584734 0.682281 0.587500 0.704688 0.598437 0.721875 0.623437 0.737500 0.782813 0.720313 0.782683 0.486316 0.684645 0.456983
7 0.394792 0.046875 0.353125 0.046875 0.353125 0.051562 0.323437 0.082812 0.293750 0.089063 0.270313 0.100000 0.257812 0.114062 0.246875 0.145313 0.240625 0.146875 0.240625 0.176563 0.304688 0.192188 0.346875 0.209375 0.381250 0.217188 0.389062 0.220312 0.390625 0.226562 0.409375 0.226562 0.410938 0.220312 0.426563 0.214062 0.435937 0.203125 0.439063 0.190625 0.429688 0.090625 0.423438 0.070312 0.403125 0.053125 0.403125 0.046875
0 0.619078 0.419538 0.594725 0.420784 0.571875 0.440625 0.561006 0.461975 0.571875 0.631250 0.575000 0.681250 0.582812 0.712500 0.592187 0.728125 0.618750 0.751563 0.696875 0.745313 0.704688 0.743750 0.780184 0.741572 0.782813 0.471875 0.654687 0.429688
5 0.518750 0.628125 0.409375 0.628125 0.409375 0.632812 0.401562 0.635938 0.318750 0.646875 0.309375 0.653125 0.310937 0.659375 0.298438 0.701562 0.290625 0.706250 0.290625 0.731250 0.301563 0.732812 0.303125 0.739062 0.325000 0.739062 0.326562 0.732812 0.334375 0.739062 0.335938 0.732812 0.434375 0.728125 0.465625 0.720313 0.496875 0.718750 0.526563 0.709375 0.526563 0.628125
5 0.399870 0.290625 0.312500 0.290625 0.310937 0.296875 0.285938 0.307812 0.267188 0.326562 0.246875 0.359375 0.229687 0.418750 0.221875 0.421875 0.221875 0.473438 0.256250 0.501563 0.300000 0.514062 0.315625 0.512500 0.328125 0.504687 0.384375 0.507812 0.415625 0.492188 0.432812 0.492188 0.445312 0.484375 0.473438 0.435937 0.507812 0.359375 0.514062 0.357812 0.514062 0.329688 0.490625 0.309375 0.415625 0.298438 0.409375 0.296875 0.407813 0.290625
5 0.505469 0.421875 0.479687 0.421875 0.454688 0.471875 0.432812 0.492188 0.414062 0.492188 0.389062 0.506250 0.340625 0.506250 0.334375 0.501563 0.329688 0.509375 0.298438 0.521875 0.275000 0.571875 0.259375 0.589063 0.253125 0.589063 0.253125 0.651563 0.276562 0.651563 0.278125 0.645312 0.289062 0.645312 0.290625 0.651563 0.337500 0.651563 0.342187 0.643750 0.365625 0.639062 0.459375 0.632812 0.526563 0.621875 0.531250 0.556250 0.514062 0.421875
0 0.421759 0.003125 0.215625 0.003125 0.215625 0.167187 0.371875 0.218750 0.376563 0.226562 0.421875 0.226562 0.450000 0.192188 0.445312 0.042188 0.429688 0.003125
3 0.727731 0.206059 0.687500 0.223438 0.564128 0.289066 0.562880 0.353347 0.565625 0.373437 0.593750 0.395313 0.743750 0.443750 0.755206 0.442592 0.773941 0.441969 0.776438 0.340866 0.775813 0.301547 0.771875 0.239063 0.760202 0.222911
