0 0.407244 0.021875 0.320312 0.029687 0.260937 0.046875 0.207813 0.071875 0.164062 0.112500 0.129688 0.178125 0.121875 0.401562 0.126913 0.408991 0.153125 0.434375 0.189062 0.457813 0.306250 0.501563 0.364063 0.512500 0.403125 0.512500 0.421875 0.506250 0.446875 0.484375 0.459375 0.460938 0.464062 0.390625 0.464062 0.340625 0.460938 0.307812 0.456250 0.093750 0.442170 0.050803 0.415625 0.028125
5 0.855730 0.509375 0.764062 0.509375 0.759375 0.518750 0.728125 0.532813 0.750000 0.543750 0.759375 0.559375 0.715625 0.653125 0.678125 0.753125 0.660937 0.815625 0.653125 0.820312 0.653125 0.935937 0.664062 0.934375 0.671875 0.943750 0.671875 0.951562 0.687500 0.951562 0.695312 0.937500 0.732812 0.943750 0.764062 0.939063 0.771875 0.928125 0.787500 0.879687 0.798438 0.871875 0.821875 0.870313 0.814063 0.840625 0.820312 0.739062 0.840625 0.664062 0.856250 0.564063 0.857812 0.557813 0.864062 0.556250 0.864062 0.509375
0 0.526563 0.007812 0.495312 0.037500 0.479687 0.070312 0.478125 0.195312 0.478125 0.218750 0.478125 0.410938 0.481250 0.459375 0.493750 0.489063 0.514062 0.510938 0.548438 0.525000 0.618750 0.521875 0.693750 0.509375 0.823438 0.468750 0.864062 0.434375 0.875000 0.403125 0.876563 0.353125 0.882812 0.351562 0.876563 0.350000 0.876563 0.329688 0.876563 0.254688 0.876563 0.200000 0.871875 0.145313 0.857812 0.120313 0.806250 0.078125 0.743750 0.046875 0.682813 0.026562 0.614062 0.012500
1 0.407675 0.056211 0.382587 0.053227 0.334802 0.071136 0.259391 0.096508 0.230720 0.110239 0.175469 0.160422 0.165762 0.209673 0.164269 0.402202 0.179948 0.435658 0.210561 0.451328 0.332264 0.491625 0.378556 0.504311 0.439063 0.487500 0.445008 0.461416 0.447247 0.397241 0.445008 0.248739 0.440528 0.110686 0.434375 0.065625
7 0.263839 0.521875 0.215625 0.521875 0.198437 0.565625 0.193750 0.654687 0.204687 0.715625 0.184375 0.748437 0.178125 0.750000 0.178125 0.859375 0.215625 0.884375 0.267188 0.889062 0.279687 0.912500 0.290625 0.921875 0.348438 0.926562 0.359375 0.929688 0.364063 0.939063 0.392188 0.939063 0.412500 0.885938 0.417187 0.856250 0.414062 0.789062 0.385937 0.732812 0.387500 0.720313 0.403125 0.710938 0.414062 0.690625 0.409375 0.571875 0.401562 0.559375 0.356250 0.545312 0.307812 0.532813 0.284375 0.537500 0.271875 0.528125 0.271875 0.521875
0 0.205000 0.490625 0.168750 0.490625 0.135937 0.534375 0.128125 0.537500 0.128125 0.832812 0.134375 0.834375 0.148438 0.898438 0.185938 0.954688 0.268750 0.998437 0.729688 0.998437 0.784375 0.970313 0.842187 0.921875 0.851562 0.906250 0.868750 0.850000 0.876563 0.845313 0.876563 0.531250 0.870313 0.529687 0.857812 0.506250 0.837500 0.496875 0.837500 0.490625 0.812500 0.490625 0.803125 0.501563 0.675000 0.537500 0.612500 0.546875 0.531250 0.548438 0.432812 0.546875 0.317188 0.529687 0.246875 0.510938 0.217188 0.498437 0.214062 0.490625
6 0.619792 0.015625 0.600000 0.015625 0.596875 0.023438 0.557813 0.050000 0.503125 0.064062 0.485938 0.101562 0.485938 0.240625 0.478125 0.246875 0.478125 0.314063 0.485938 0.318750 0.485938 0.378125 0.493750 0.457813 0.504687 0.487500 0.520312 0.501563 0.545312 0.510938 0.635938 0.510938 0.693750 0.503125 0.759375 0.479687 0.806250 0.445312 0.834375 0.434375 0.843750 0.425000 0.864062 0.382812 0.870313 0.350000 0.876563 0.348438 0.876563 0.328125 0.870313 0.326562 0.867188 0.307812 0.870313 0.281250 0.876563 0.279687 0.876563 0.243750 0.868750 0.240625 0.854688 0.214062 0.853125 0.162500 0.792188 0.126562 0.717187 0.051562 0.679688 0.029687 0.635938 0.023438 0.629687 0.015625
5 0.581175 0.559375 0.423438 0.559375 0.421875 0.582812 0.407813 0.600000 0.403125 0.600000 0.403125 0.604688 0.409375 0.606250 0.415625 0.673438 0.410938 0.700000 0.403125 0.703125 0.403125 0.759375 0.410938 0.762500 0.420312 0.807813 0.418750 0.879687 0.414062 0.901563 0.403125 0.904687 0.403125 0.918750 0.421875 0.925000 0.476562 0.925000 0.481250 0.932813 0.490625 0.932813 0.503125 0.915625 0.539062 0.706250 0.571875 0.612500 0.581250 0.595313 0.589063 0.592187 0.589063 0.559375
5 0.487500 0.959375 0.378125 0.959375 0.378125 0.998437 0.484375 0.998437 0.489063 0.985938 0.495312 0.984375 0.495312 0.959375
5 0.720313 0.539062 0.689063 0.551562 0.610938 0.556250 0.592187 0.565625 0.542188 0.704688 0.528125 0.801562 0.517188 0.848437 0.509375 0.853125 0.509375 0.923438 0.540625 0.931250 0.553125 0.943750 0.565625 0.935937 0.628125 0.931250 0.634375 0.890625 0.678125 0.743750 0.728125 0.620313 0.742188 0.593750 0.751563 0.590625 0.751563 0.548438 0.726562 0.539062
