4 0.639062 0.492188 0.631250 0.523438 0.640625 0.546875 0.759375 0.742188 0.787500 0.804688 0.806250 0.825000 0.839063 0.837500 0.917188 0.853125 0.934375 0.850000 0.990625 0.745313 0.965625 0.684375 0.953125 0.598437 0.939063 0.562500 0.934375 0.500000 0.923438 0.481250 0.879687 0.459375 0.845313 0.457813 0.820312 0.448437 0.776563 0.453125 0.754687 0.448437 0.712500 0.457813 0.689063 0.476562 0.659375 0.476562
5 0.140625 0.412500 0.137500 0.425000 0.151562 0.439063 0.156250 0.456250 0.173437 0.464062 0.173437 0.484375 0.196875 0.484375 0.209375 0.498437 0.223438 0.498437 0.242188 0.509375 0.465625 0.506250 0.573438 0.475000 0.601562 0.404687 0.612500 0.356250 0.545312 0.318750 0.526563 0.321875 0.362500 0.385937 0.346875 0.393750 0.321875 0.426563 0.301563 0.442188 0.246875 0.457813 0.204687 0.451562 0.178125 0.431250 0.178125 0.403125 0.192188 0.385937 0.189062 0.373437 0.151562 0.409375
5 0.203125 0.331250 0.215625 0.337500 0.207813 0.356250 0.195312 0.364063 0.196875 0.373437 0.235937 0.351562 0.284375 0.345313 0.328125 0.351562 0.495312 0.276562 0.421875 0.214062 0.404687 0.190625 0.395313 0.189062 0.328125 0.254688 0.307812 0.262500
5 0.171875 0.481250 0.170313 0.487500 0.185938 0.500000 0.206250 0.501563 0.206250 0.487500
5 0.142187 0.443750 0.140625 0.456250 0.164062 0.475000 0.165625 0.459375 0.150000 0.443750
5 0.079687 0.404687 0.078125 0.414062 0.092188 0.442188 0.109375 0.459375 0.125000 0.465625 0.123438 0.450000 0.137500 0.446875 0.125000 0.432812 0.125000 0.418750 0.157812 0.398438 0.175000 0.373437 0.204687 0.356250 0.214062 0.343750 0.232813 0.345313 0.292187 0.289062 0.296875 0.271875 0.114062 0.378125
2 0.389062 0.778125 0.396875 0.793750 0.409375 0.793750 0.415625 0.820312 0.398438 0.826562 0.390625 0.823438 0.385937 0.834375 0.398438 0.854688 0.420312 0.865625 0.685937 0.857812 0.720313 0.846875 0.740625 0.818750 0.726562 0.764062 0.615625 0.567187 0.585938 0.551562 0.490625 0.553125 0.467187 0.573438 0.431250 0.679688
1 0.651563 0.695312 0.650000 0.703125 0.656250 0.709375 0.637500 0.831250 0.623437 0.834375 0.628125 0.843750 0.623437 0.848437 0.653125 0.856250 0.703125 0.851562 0.726562 0.834375 0.734375 0.814063 0.734375 0.790625 0.692187 0.709375 0.678125 0.706250 0.678125 0.687500 0.660937 0.678125
1 0.026562 0.768750 0.023438 0.823438 0.028125 0.848437 0.051562 0.871875 0.293750 0.870313 0.326562 0.840625 0.353125 0.757812 0.412500 0.614062 0.409375 0.585938 0.392188 0.564063 0.328125 0.550000 0.185938 0.562500 0.076563 0.564063 0.050000 0.590625 0.040625 0.618750 0.042188 0.646875
7 0.673438 0.346875 0.670312 0.368750 0.690625 0.404687 0.731250 0.423438 0.867188 0.417187 0.882812 0.410938 0.901563 0.385937 0.895312 0.364063 0.860938 0.328125 0.871875 0.281250 0.853125 0.245312 0.829688 0.225000 0.798438 0.215625 0.750000 0.218750 0.723437 0.267188 0.695312 0.290625 0.685937 0.306250
0 0.873925 0.155402 0.737883 0.156256 0.720772 0.170973 0.706227 0.189787 0.652323 0.362523 0.656602 0.392453 0.695959 0.431172 0.903870 0.424331 0.937239 0.396730 0.944084 0.378153 0.914994 0.199194 0.899592 0.176959
0 0.596602 0.482772 0.680547 0.228211 0.675778 0.193889 0.662422 0.175773 0.631897 0.162427 0.112002 0.165286 0.087200 0.173867 0.070983 0.188169 0.060489 0.212003 0.031872 0.474192 0.038548 0.498027 0.055720 0.519955 0.065731 0.529320 0.554628 0.521863 0.586108 0.509467
0 0.672064 0.442833 0.902759 0.434431 0.926792 0.444873 0.943509 0.462627 0.950823 0.475158 0.998437 0.803059 0.996797 0.843786 0.975900 0.864672 0.961272 0.873025 0.837980 0.870937 0.809769 0.844830 0.627966 0.527370 0.622741 0.496042 0.630055 0.468892 0.645728 0.452183
0 0.495070 0.537281 0.591448 0.536539 0.615544 0.545297 0.628688 0.557703 0.759387 0.788309 0.763039 0.813122 0.763039 0.813122 0.759387 0.842313 0.741864 0.864206 0.725800 0.874423 0.390652 0.873694 0.376048 0.859828 0.365095 0.843772 0.362905 0.824798 0.457097 0.555513
0 0.075364 0.546919 0.359252 0.538458 0.385537 0.545755 0.403061 0.561811 0.417666 0.580055 0.420586 0.611434 0.417666 0.633328 0.338077 0.839123 0.323862 0.866241 0.314084 0.875945 0.009380 0.875945 0.000539 0.858209 0.001544 0.790942 0.024648 0.586920 0.035028 0.575208 0.047752 0.562825
