0 0.384219 0.109375 0.232813 0.109375 0.218750 0.126562 0.218750 0.270313 0.240625 0.290625 0.290625 0.306250 0.348438 0.335938 0.382812 0.348438 0.410938 0.348438 0.434375 0.334375 0.448437 0.309375 0.448437 0.173437 0.443750 0.150000 0.429688 0.131250 0.415625 0.118750 0.392188 0.109375
4 0.562500 0.123438 0.514062 0.125000 0.481250 0.139063 0.470313 0.153125 0.462500 0.176563 0.464062 0.340625 0.475000 0.365625 0.496875 0.379688 0.517188 0.379688 0.553125 0.367188 0.601562 0.337500 0.631250 0.329688 0.728125 0.278125 0.743750 0.264062 0.748437 0.239063 0.765625 0.212500 0.765625 0.195312 0.754687 0.167187 0.732812 0.137500 0.698438 0.131250 0.676562 0.137500 0.639062 0.137500 0.628125 0.131250 0.598437 0.131250 0.570312 0.123438
5 0.376563 0.489063 0.368750 0.489063 0.353125 0.504687 0.306250 0.531250 0.268750 0.576562 0.256250 0.601562 0.256250 0.700000 0.264062 0.746875 0.282813 0.798438 0.343750 0.796875 0.359375 0.792188 0.434375 0.735938 0.478125 0.715625 0.487500 0.704688 0.473438 0.653125 0.448437 0.596875 0.448437 0.585938 0.423438 0.540625 0.384375 0.489063
7 0.320312 0.142187 0.301563 0.143750 0.284375 0.159375 0.268750 0.157812 0.251563 0.162500 0.232813 0.181250 0.234375 0.235937 0.243750 0.270313 0.257812 0.290625 0.276562 0.298438 0.295312 0.300000 0.317188 0.287500 0.326562 0.287500 0.337500 0.309375 0.351562 0.323437 0.364063 0.329688 0.396875 0.328125 0.417187 0.307812 0.418750 0.278125 0.407813 0.250000 0.421875 0.228125 0.428125 0.209375 0.428125 0.193750 0.417187 0.173437 0.403125 0.162500 0.381250 0.160938 0.357812 0.165625 0.335938 0.143750 0.329688 0.142187
1 0.581250 0.548438 0.557813 0.550000 0.537500 0.575000 0.539062 0.801562 0.553125 0.815625 0.571875 0.821875 0.720313 0.817187 0.734375 0.810937 0.746875 0.798438 0.753125 0.778125 0.753125 0.620313 0.739062 0.607812 0.684375 0.581250 0.589063 0.548438
0 0.261250 0.323437 0.225000 0.323437 0.218750 0.334375 0.215625 0.360938 0.218750 0.817187 0.239063 0.839063 0.260937 0.842187 0.315975 0.842645 0.428125 0.840625 0.456766 0.837987 0.489063 0.831250 0.503125 0.818750 0.510938 0.798438 0.515041 0.546019 0.517188 0.468750 0.512500 0.429688 0.496875 0.409375 0.478125 0.400000 0.378125 0.368750 0.270313 0.323437
0 0.579688 0.546875 0.560937 0.550000 0.545312 0.564063 0.534375 0.598437 0.534375 0.795312 0.543750 0.815625 0.554688 0.825000 0.573438 0.829688 0.726562 0.829688 0.746875 0.821875 0.764062 0.795312 0.765387 0.637216 0.750000 0.612500 0.700000 0.587500 0.590625 0.546875
2 0.737891 0.304688 0.704688 0.306250 0.635938 0.343750 0.576562 0.368750 0.545312 0.392188 0.535937 0.410938 0.535937 0.492188 0.553125 0.510938 0.615625 0.542188 0.671875 0.560937 0.678125 0.567187 0.689063 0.567187 0.712500 0.579688 0.739062 0.579688 0.765625 0.557813 0.773438 0.532813 0.775000 0.345313 0.767188 0.320312 0.746875 0.304688
0 0.573308 0.120313 0.485938 0.120313 0.464062 0.146875 0.462500 0.346875 0.475000 0.367188 0.495312 0.381250 0.532813 0.379688 0.664062 0.317188 0.762500 0.267188 0.778125 0.242188 0.778125 0.164062 0.752800 0.133402 0.712500 0.126562 0.581250 0.120313
5 0.390625 0.489063 0.390625 0.498437 0.395313 0.506250 0.398438 0.507812 0.401562 0.515625 0.418750 0.534375 0.418750 0.539062 0.425000 0.545312 0.426563 0.550000 0.429688 0.551562 0.431250 0.559375 0.435937 0.564063 0.437500 0.571875 0.443750 0.581250 0.443750 0.585938 0.450000 0.596875 0.453125 0.598437 0.456250 0.584375 0.460938 0.578125 0.460938 0.557813 0.467187 0.543750 0.467187 0.514062 0.457813 0.506250 0.439063 0.506250 0.434375 0.500000 0.423438 0.500000 0.415625 0.493750 0.404687 0.492188 0.403125 0.489063
5 0.282813 0.343750 0.275000 0.343750 0.264062 0.359375 0.250000 0.401562 0.250000 0.457813 0.253125 0.460938 0.273438 0.448437 0.300000 0.448437 0.345313 0.473438 0.398438 0.485938 0.440625 0.504687 0.460938 0.503125 0.467187 0.492188 0.473438 0.459375 0.484375 0.437500 0.478125 0.425000 0.415625 0.400000 0.409375 0.393750 0.384375 0.387500 0.321875 0.356250 0.296875 0.350000 0.290625 0.343750
0 0.743125 0.306250 0.709375 0.306250 0.653125 0.337500 0.601562 0.357812 0.551562 0.387500 0.539062 0.404687 0.539062 0.495312 0.564063 0.515625 0.681250 0.567187 0.712500 0.578125 0.742188 0.578125 0.753125 0.571875 0.765625 0.557813 0.773438 0.515625 0.773438 0.340625 0.760938 0.314063 0.751563 0.306250
5 0.276562 0.448437 0.264062 0.457813 0.256250 0.471875 0.250000 0.507812 0.242188 0.523438 0.242188 0.595313 0.246875 0.609375 0.254688 0.603125 0.260937 0.590625 0.298438 0.540625 0.326562 0.517188 0.332813 0.517188 0.350000 0.504687 0.368750 0.484375 0.359375 0.476562 0.345313 0.475000 0.340625 0.470313 0.332813 0.468750 0.315625 0.456250 0.307812 0.456250 0.303125 0.451562 0.290625 0.448437
