0 0.366406 0.046875 0.306250 0.046875 0.303125 0.054688 0.237500 0.076563 0.206250 0.093750 0.164062 0.129688 0.137500 0.170313 0.121875 0.193750 0.121875 0.404687 0.127195 0.420308 0.156041 0.447764 0.185938 0.459375 0.289062 0.495312 0.357812 0.507812 0.379688 0.507812 0.407813 0.495312 0.425000 0.476562 0.439063 0.456250 0.432812 0.317188 0.431250 0.309375 0.425000 0.114062 0.410938 0.081250 0.376563 0.054688
2 0.196559 0.149447 0.151920 0.199553 0.151233 0.407531 0.169777 0.436359 0.200681 0.447342 0.304688 0.490625 0.356250 0.500000 0.382812 0.500000 0.401562 0.492188 0.417187 0.478125 0.432812 0.457813 0.425255 0.351247 0.425000 0.306250 0.421875 0.117188 0.386795 0.083553 0.303697 0.093163
7 0.742188 0.509375 0.687500 0.509375 0.685937 0.515625 0.625000 0.540625 0.614062 0.553125 0.598437 0.589063 0.590625 0.592187 0.590625 0.635938 0.601562 0.645312 0.623437 0.710938 0.662500 0.790625 0.689063 0.812500 0.695312 0.867188 0.701562 0.873437 0.728125 0.871875 0.745313 0.865625 0.765625 0.851562 0.779687 0.834375 0.787500 0.796875 0.825000 0.751563 0.835938 0.731250 0.845313 0.646875 0.843750 0.607812 0.851562 0.596875 0.857812 0.596875 0.857812 0.589063 0.835938 0.589063 0.832812 0.571875 0.823438 0.556250 0.793750 0.534375 0.753125 0.517188 0.750000 0.509375
0 0.807552 0.478125 0.767188 0.478125 0.767188 0.482812 0.751563 0.493750 0.643750 0.521875 0.515625 0.537500 0.371875 0.531250 0.295312 0.515625 0.203125 0.489063 0.170313 0.496875 0.153125 0.515625 0.146875 0.515625 0.146875 0.825000 0.154688 0.828125 0.170313 0.867188 0.221875 0.921875 0.265625 0.945312 0.390625 0.973437 0.398438 0.976562 0.400000 0.982812 0.590625 0.982812 0.592187 0.976562 0.651563 0.962500 0.764062 0.915625 0.809375 0.876563 0.831250 0.845313 0.843750 0.814063 0.851562 0.760938 0.857812 0.759375 0.857812 0.693750 0.851562 0.692187 0.848437 0.664062 0.848437 0.609375 0.851562 0.587500 0.857812 0.585938 0.857812 0.560937 0.851562 0.559375 0.845313 0.528125 0.815625 0.478125
0 0.526898 0.030550 0.473438 0.040625 0.446875 0.070312 0.453125 0.439063 0.460938 0.470313 0.470313 0.485938 0.490625 0.506250 0.507812 0.514062 0.551562 0.512500 0.640625 0.496875 0.773438 0.456250 0.825000 0.428125 0.840625 0.414062 0.855862 0.388847 0.857812 0.265625 0.855175 0.260491 0.852428 0.222739 0.835938 0.182812 0.824270 0.147236 0.793750 0.117188 0.764062 0.092188 0.707812 0.065625 0.656698 0.047023 0.639062 0.040625
5 0.610653 0.540625 0.529687 0.540625 0.528125 0.546875 0.495312 0.553125 0.478125 0.575000 0.471875 0.575000 0.471875 0.612500 0.478125 0.614062 0.471875 0.617188 0.471875 0.623437 0.482812 0.629687 0.489063 0.645312 0.509375 0.723437 0.521875 0.746875 0.537500 0.804688 0.539062 0.907813 0.548438 0.915625 0.551562 0.932813 0.656250 0.932813 0.684375 0.890625 0.675000 0.843750 0.651563 0.773438 0.589063 0.621875 0.598437 0.581250 0.618750 0.540625
6 0.541295 0.053125 0.489063 0.053125 0.460938 0.143750 0.453125 0.148438 0.453125 0.334375 0.459375 0.335938 0.464062 0.357812 0.465625 0.448437 0.479687 0.481250 0.498437 0.500000 0.517188 0.507812 0.518750 0.514062 0.534375 0.514062 0.540625 0.506250 0.578125 0.501563 0.664062 0.479687 0.754687 0.448437 0.792188 0.429688 0.806250 0.414062 0.818750 0.357812 0.829688 0.337500 0.843750 0.264062 0.840625 0.248438 0.807813 0.201563 0.807813 0.165625 0.801562 0.151562 0.785937 0.126562 0.740625 0.089063 0.710938 0.078125 0.685937 0.062500 0.665625 0.059375 0.664062 0.053125 0.653125 0.053125 0.651563 0.059375 0.621875 0.059375 0.620313 0.053125 0.562500 0.053125 0.560937 0.059375 0.551562 0.059375 0.550000 0.053125
5 0.287073 0.534375 0.204687 0.534375 0.204687 0.543750 0.192188 0.559375 0.192188 0.578125 0.196875 0.585938 0.187500 0.598437 0.178125 0.601562 0.178125 0.631250 0.185938 0.634375 0.215625 0.707812 0.231250 0.785937 0.225000 0.856250 0.214062 0.871875 0.212500 0.884375 0.221875 0.907813 0.245312 0.925000 0.293750 0.925000 0.342187 0.915625 0.385937 0.871875 0.398438 0.867188 0.401562 0.853125 0.400000 0.789062 0.360938 0.659375 0.337500 0.554688 0.329688 0.546875 0.309375 0.548438 0.298438 0.542188 0.295312 0.534375
5 0.404297 0.534375 0.346875 0.534375 0.346875 0.615625 0.356250 0.623437 0.401562 0.790625 0.406250 0.906250 0.418750 0.918750 0.439063 0.920312 0.440625 0.926562 0.517188 0.926562 0.521875 0.918750 0.539062 0.918750 0.539062 0.885938 0.532813 0.884375 0.521875 0.801562 0.510938 0.767188 0.495312 0.678125 0.459375 0.582812 0.467187 0.557813 0.417187 0.542188 0.412500 0.534375
5 0.376563 0.534375 0.340625 0.539062 0.340625 0.593750 0.346875 0.595313 0.353125 0.610938 0.401562 0.787500 0.406250 0.906250 0.418750 0.918750 0.429688 0.920312 0.492188 0.925000 0.531250 0.917188 0.545312 0.921875 0.545312 0.882812 0.534375 0.882812 0.531250 0.876563 0.521875 0.801562 0.510938 0.773438 0.495312 0.678125 0.460938 0.585938 0.468750 0.557813 0.462500 0.551562 0.378125 0.535937
