5 0.245312 0.140625 0.268750 0.346875 0.276562 0.354687 0.434375 0.323437 0.482812 0.287500 0.537500 0.267188 0.581250 0.268750 0.606250 0.281250 0.640625 0.203125 0.635938 0.162500 0.600000 0.146875 0.428125 0.134375 0.254688 0.134375
5 0.270313 0.410938 0.276562 0.448437 0.265625 0.459375 0.279687 0.481250 0.276562 0.487500 0.282813 0.501563 0.406250 0.496875 0.475000 0.473438 0.525000 0.415625 0.556250 0.362500 0.553125 0.356250 0.503125 0.368750 0.445312 0.362500
5 0.171875 0.151562 0.175000 0.376563 0.185938 0.378125 0.262500 0.359375 0.265625 0.295312 0.251563 0.185938 0.240625 0.146875 0.187500 0.143750
5 0.056250 0.178125 0.064062 0.387500 0.067187 0.412500 0.073438 0.415625 0.118750 0.390625 0.151562 0.384375 0.173437 0.371875 0.173437 0.204687 0.165625 0.170313
5 0.065625 0.439063 0.067187 0.489063 0.073438 0.500000 0.145313 0.496875 0.153125 0.485938 0.170313 0.485938 0.167187 0.439063 0.114062 0.454688 0.095312 0.454688
5 0.176563 0.434375 0.173437 0.459375 0.182812 0.495312 0.262500 0.500000 0.275000 0.492188 0.276562 0.464062 0.267188 0.410938
7 0.639062 0.339062 0.639062 0.368750 0.665625 0.395313 0.698438 0.393750 0.707812 0.406250 0.735938 0.410938 0.840625 0.403125 0.854688 0.390625 0.882812 0.325000 0.881250 0.296875 0.865625 0.264062 0.859375 0.220312 0.851562 0.204687 0.814063 0.175000 0.775000 0.167187 0.748437 0.153125 0.720313 0.153125 0.689063 0.198437 0.678125 0.290625
4 0.600000 0.501563 0.598437 0.518750 0.610938 0.553125 0.701562 0.718750 0.689063 0.732812 0.698438 0.735938 0.701562 0.757812 0.726562 0.770312 0.750000 0.814063 0.748437 0.820312 0.765625 0.831250 0.820312 0.837500 0.875000 0.837500 0.885938 0.831250 0.920312 0.792188 0.921875 0.776563 0.909375 0.760938 0.907813 0.739062 0.914062 0.723437 0.909375 0.693750 0.923438 0.664062 0.925000 0.645312 0.917188 0.621875 0.918750 0.606250 0.895312 0.560937 0.889062 0.535937 0.898438 0.510938 0.895312 0.495312 0.873437 0.459375 0.845313 0.446875 0.796875 0.442188 0.737500 0.448437 0.682813 0.445312 0.629687 0.459375 0.610938 0.473438
1 0.346875 0.778125 0.348438 0.817187 0.385937 0.840625 0.650000 0.834375 0.673438 0.820312 0.689063 0.793750 0.689063 0.768750 0.681250 0.746875 0.650000 0.696875 0.596875 0.581250 0.573438 0.550000 0.529687 0.539062 0.457813 0.540625 0.431250 0.556250
1 0.004687 0.551562 0.000000 0.554688 0.000000 0.782813 0.010937 0.825000 0.028125 0.842187 0.053125 0.848437 0.096875 0.835938 0.131250 0.843750 0.176563 0.839063 0.254688 0.843750 0.275000 0.834375 0.279687 0.826562 0.276562 0.801562 0.293750 0.781250 0.304688 0.778125 0.315625 0.760938 0.378125 0.604688 0.376563 0.579688 0.364063 0.557813 0.339062 0.542188 0.182812 0.546875 0.173437 0.542188 0.032813 0.540625
0 0.304688 0.540625 0.303125 0.542188 0.264062 0.542188 0.262500 0.543750 0.187500 0.543750 0.185938 0.545312 0.184375 0.545312 0.182812 0.543750 0.176563 0.543750 0.175000 0.545312 0.096875 0.545312 0.095312 0.543750 0.060937 0.543750 0.059375 0.542188 0.040625 0.542188 0.039062 0.543750 0.025000 0.543750 0.023438 0.545312 0.021875 0.545312 0.020313 0.546875 0.018750 0.546875 0.015625 0.550000 0.014063 0.550000 0.012500 0.551562 0.010937 0.551562 0.009375 0.553125 0.007812 0.553125 0.000000 0.560937 0.000000 0.848437 0.001563 0.850000 0.003125 0.850000 0.004687 0.851562 0.010937 0.851562 0.012500 0.853125 0.015625 0.853125 0.017188 0.854688 0.023438 0.854688 0.025000 0.856250 0.028125 0.856250 0.032813 0.860938 0.039062 0.860938 0.040625 0.859375 0.064062 0.859375 0.065625 0.857812 0.078125 0.857812 0.079687 0.856250 0.098437 0.856250 0.100000 0.854688 0.121875 0.854688 0.123438 0.853125 0.157812 0.853125 0.159375 0.851562 0.179688 0.851562 0.181250 0.850000 0.200000 0.850000 0.201563 0.848437 0.226562 0.848437 0.228125 0.846875 0.245312 0.846875 0.246875 0.845313 0.250000 0.845313 0.251563 0.843750 0.254688 0.843750 0.256250 0.842187 0.257812 0.842187 0.259375 0.840625 0.260937 0.840625 0.271875 0.829688 0.271875 0.828125 0.276562 0.823438 0.276562 0.821875 0.282813 0.815625 0.282813 0.814063 0.284375 0.812500 0.284375 0.810937 0.289062 0.806250 0.289062 0.804688 0.292187 0.801562 0.292187 0.800000 0.295312 0.796875 0.295312 0.795312 0.298438 0.792188 0.298438 0.790625 0.300000 0.789062 0.300000 0.787500 0.301563 0.785937 0.301563 0.784375 0.303125 0.782813 0.303125 0.781250 0.304688 0.779687 0.304688 0.778125 0.306250 0.776563 0.306250 0.775000 0.307812 0.773438 0.307812 0.768750 0.309375 0.767188 0.309375 0.764062 0.310937 0.762500 0.310937 0.759375 0.312500 0.757812 0.312500 0.754687 0.314063 0.753125 0.314063 0.751563 0.315625 0.750000 0.315625 0.746875 0.317188 0.745313 0.317188 0.742188 0.318750 0.740625 0.318750 0.735938 0.320312 0.734375 0.320312 0.732812 0.321875 0.731250 0.321875 0.729688 0.323437 0.728125 0.323437 0.726562 0.325000 0.725000 0.325000 0.723437 0.326562 0.721875 0.326562 0.720313 0.328125 0.718750 0.328125 0.717187 0.329688 0.715625 0.329688 0.714063 0.331250 0.712500 0.331250 0.710938 0.332813 0.709375 0.332813 0.706250 0.334375 0.704688 0.334375 0.703125 0.335938 0.701562 0.335938 0.698438 0.337500 0.696875 0.337500 0.693750 0.339062 0.692187 0.339062 0.687500 0.340625 0.685937 0.340625 0.682813 0.343750 0.679688 0.343750 0.678125 0.345313 0.676562 0.345313 0.673438 0.346875 0.671875 0.346875 0.670312 0.348438 0.668750 0.348438 0.667188 0.350000 0.665625 0.350000 0.664062 0.351562 0.662500 0.351562 0.656250 0.353125 0.654687 0.353125 0.651563 0.354687 0.650000 0.354687 0.646875 0.356250 0.645312 0.356250 0.642188 0.359375 0.639062 0.359375 0.637500 0.360938 0.635938 0.360938 0.634375 0.362500 0.632812 0.362500 0.631250 0.364063 0.629687 0.364063 0.628125 0.365625 0.626563 0.365625 0.625000 0.367188 0.623437 0.367188 0.620313 0.368750 0.618750 0.368750 0.617188 0.370312 0.615625 0.370312 0.610938 0.371875 0.609375 0.371875 0.606250 0.373437 0.604688 0.373437 0.601562 0.375000 0.600000 0.375000 0.589063 0.376563 0.587500 0.376563 0.582812 0.375000 0.581250 0.375000 0.576562 0.373437 0.575000 0.373437 0.573438 0.371875 0.571875 0.371875 0.570312 0.368750 0.567187 0.368750 0.565625 0.364063 0.560937 0.362500 0.560937 0.359375 0.557813 0.357812 0.557813 0.354687 0.554688 0.353125 0.554688 0.351562 0.553125 0.350000 0.553125 0.345313 0.548438 0.343750 0.548438 0.342187 0.546875 0.340625 0.546875 0.339062 0.545312 0.335938 0.545312 0.334375 0.543750 0.331250 0.543750 0.329688 0.542188 0.323437 0.542188 0.321875 0.540625
0 0.482812 0.539062 0.481250 0.540625 0.470313 0.540625 0.468750 0.542188 0.465625 0.542188 0.464062 0.543750 0.462500 0.543750 0.460938 0.545312 0.459375 0.545312 0.457813 0.546875 0.456250 0.546875 0.454688 0.548438 0.453125 0.548438 0.450000 0.551562 0.448437 0.551562 0.446875 0.553125 0.445312 0.553125 0.442188 0.556250 0.440625 0.556250 0.439063 0.557813 0.437500 0.557813 0.429688 0.565625 0.429688 0.568750 0.428125 0.570312 0.428125 0.576562 0.423438 0.581250 0.423438 0.582812 0.418750 0.587500 0.418750 0.589063 0.417187 0.590625 0.417187 0.592187 0.415625 0.593750 0.415625 0.595313 0.414062 0.596875 0.414062 0.600000 0.412500 0.601562 0.412500 0.603125 0.410938 0.604688 0.410938 0.607812 0.409375 0.609375 0.409375 0.610938 0.407813 0.612500 0.407813 0.615625 0.406250 0.617188 0.406250 0.620313 0.404687 0.621875 0.404687 0.625000 0.403125 0.626563 0.403125 0.634375 0.401562 0.635938 0.401562 0.640625 0.400000 0.642188 0.400000 0.646875 0.398438 0.648438 0.398438 0.657813 0.395313 0.660937 0.395313 0.662500 0.393750 0.664062 0.393750 0.665625 0.392188 0.667188 0.392188 0.668750 0.390625 0.670312 0.390625 0.671875 0.389062 0.673438 0.389062 0.675000 0.387500 0.676562 0.387500 0.678125 0.385937 0.679688 0.385937 0.684375 0.384375 0.685937 0.384375 0.687500 0.382812 0.689063 0.382812 0.692187 0.381250 0.693750 0.381250 0.695312 0.379688 0.696875 0.379688 0.698438 0.376563 0.701562 0.376563 0.703125 0.375000 0.704688 0.375000 0.709375 0.373437 0.710938 0.373437 0.714063 0.371875 0.715625 0.371875 0.718750 0.370312 0.720313 0.370312 0.723437 0.368750 0.725000 0.368750 0.729688 0.367188 0.731250 0.367188 0.734375 0.365625 0.735938 0.365625 0.739062 0.364063 0.740625 0.364063 0.742188 0.362500 0.743750 0.362500 0.748437 0.360938 0.750000 0.360938 0.753125 0.357812 0.756250 0.357812 0.759375 0.356250 0.760938 0.356250 0.762500 0.354687 0.764062 0.354687 0.767188 0.353125 0.768750 0.353125 0.775000 0.351562 0.776563 0.351562 0.806250 0.353125 0.807813 0.353125 0.810937 0.354687 0.812500 0.354687 0.814063 0.356250 0.815625 0.356250 0.817187 0.370312 0.831250 0.371875 0.831250 0.373437 0.832812 0.375000 0.832812 0.376563 0.834375 0.379688 0.834375 0.381250 0.835938 0.384375 0.835938 0.385937 0.837500 0.396875 0.837500 0.398438 0.839063 0.418750 0.839063 0.420312 0.837500 0.435937 0.837500 0.437500 0.835938 0.443750 0.835938 0.445312 0.834375 0.465625 0.834375 0.467187 0.832812 0.495312 0.832812 0.496875 0.831250 0.504687 0.831250 0.506250 0.832812 0.526563 0.832812 0.528125 0.834375 0.546875 0.834375 0.548438 0.835938 0.567187 0.835938 0.568750 0.834375 0.601562 0.834375 0.603125 0.832812 0.632812 0.832812 0.634375 0.831250 0.640625 0.831250 0.642188 0.829688 0.645312 0.829688 0.646875 0.828125 0.650000 0.828125 0.651563 0.826562 0.653125 0.826562 0.654687 0.825000 0.656250 0.825000 0.659375 0.821875 0.660937 0.821875 0.662500 0.820312 0.665625 0.820312 0.667188 0.818750 0.668750 0.818750 0.679688 0.807813 0.679688 0.806250 0.681250 0.804688 0.681250 0.803125 0.682813 0.801562 0.682813 0.798438 0.684375 0.796875 0.684375 0.784375 0.685937 0.782813 0.685937 0.759375 0.684375 0.757812 0.684375 0.756250 0.681250 0.753125 0.681250 0.751563 0.679688 0.750000 0.679688 0.748437 0.676562 0.745313 0.676562 0.743750 0.668750 0.735938 0.668750 0.732812 0.667188 0.731250 0.667188 0.728125 0.665625 0.726562 0.665625 0.725000 0.664062 0.723437 0.664062 0.721875 0.660937 0.718750 0.660937 0.717187 0.657813 0.714063 0.657813 0.712500 0.656250 0.710938 0.656250 0.707812 0.654687 0.706250 0.654687 0.704688 0.651563 0.701562 0.651563 0.700000 0.650000 0.698438 0.650000 0.695312 0.648438 0.693750 0.648438 0.690625 0.645312 0.687500 0.645312 0.685937 0.643750 0.684375 0.643750 0.682813 0.640625 0.679688 0.640625 0.676562 0.639062 0.675000 0.639062 0.673438 0.635938 0.670312 0.635938 0.668750 0.634375 0.667188 0.634375 0.665625 0.626563 0.657813 0.626563 0.656250 0.625000 0.654687 0.625000 0.653125 0.623437 0.651563 0.623437 0.650000 0.621875 0.648438 0.621875 0.646875 0.620313 0.645312 0.620313 0.642188 0.618750 0.640625 0.618750 0.639062 0.617188 0.637500 0.617188 0.634375 0.615625 0.632812 0.615625 0.631250 0.614062 0.629687 0.614062 0.628125 0.612500 0.626563 0.612500 0.623437 0.610938 0.621875 0.610938 0.620313 0.609375 0.618750 0.609375 0.617188 0.607812 0.615625 0.607812 0.612500 0.606250 0.610938 0.606250 0.607812 0.604688 0.606250 0.604688 0.603125 0.603125 0.601562 0.603125 0.600000 0.601562 0.598437 0.601562 0.596875 0.600000 0.595313 0.600000 0.592187 0.598437 0.590625 0.598437 0.589063 0.596875 0.587500 0.596875 0.585938 0.595313 0.584375 0.595313 0.582812 0.593750 0.581250 0.593750 0.579688 0.590625 0.576562 0.590625 0.575000 0.589063 0.573438 0.589063 0.571875 0.585938 0.568750 0.585938 0.567187 0.584375 0.565625 0.584375 0.564063 0.581250 0.560937 0.581250 0.559375 0.573438 0.551562 0.571875 0.551562 0.568750 0.548438 0.567187 0.548438 0.565625 0.546875 0.564063 0.546875 0.562500 0.545312 0.559375 0.545312 0.557813 0.543750 0.554688 0.543750 0.553125 0.542188 0.550000 0.542188 0.548438 0.540625 0.540625 0.540625 0.539062 0.539062
0 0.810937 0.437500 0.809375 0.439063 0.803125 0.439063 0.801562 0.440625 0.787500 0.440625 0.784375 0.443750 0.768750 0.443750 0.767188 0.442188 0.700000 0.442188 0.698438 0.443750 0.642188 0.443750 0.640625 0.445312 0.637500 0.445312 0.635938 0.446875 0.631250 0.446875 0.629687 0.448437 0.626563 0.448437 0.623437 0.451562 0.621875 0.451562 0.612500 0.460938 0.612500 0.462500 0.607812 0.467187 0.607812 0.468750 0.606250 0.470313 0.606250 0.471875 0.604688 0.473438 0.604688 0.476562 0.603125 0.478125 0.603125 0.481250 0.601562 0.482812 0.601562 0.489063 0.600000 0.490625 0.600000 0.495312 0.598437 0.496875 0.598437 0.507812 0.600000 0.509375 0.600000 0.510938 0.601562 0.512500 0.601562 0.515625 0.603125 0.517188 0.603125 0.518750 0.604688 0.520312 0.604688 0.523438 0.606250 0.525000 0.606250 0.526563 0.607812 0.528125 0.607812 0.529687 0.610938 0.532813 0.610938 0.534375 0.612500 0.535937 0.612500 0.539062 0.614062 0.540625 0.614062 0.543750 0.615625 0.545312 0.615625 0.546875 0.617188 0.548438 0.617188 0.551562 0.618750 0.553125 0.618750 0.554688 0.623437 0.559375 0.623437 0.560937 0.628125 0.565625 0.628125 0.567187 0.631250 0.570312 0.631250 0.571875 0.632812 0.573438 0.632812 0.575000 0.634375 0.576562 0.634375 0.578125 0.635938 0.579688 0.635938 0.581250 0.640625 0.585938 0.640625 0.587500 0.642188 0.589063 0.642188 0.590625 0.643750 0.592187 0.643750 0.593750 0.645312 0.595313 0.645312 0.598437 0.646875 0.600000 0.646875 0.601562 0.648438 0.603125 0.648438 0.604688 0.650000 0.606250 0.650000 0.609375 0.651563 0.610938 0.651563 0.612500 0.653125 0.614062 0.653125 0.617188 0.654687 0.618750 0.654687 0.620313 0.657813 0.623437 0.657813 0.626563 0.659375 0.628125 0.659375 0.631250 0.660937 0.632812 0.660937 0.635938 0.662500 0.637500 0.662500 0.639062 0.664062 0.640625 0.664062 0.646875 0.665625 0.648438 0.665625 0.651563 0.667188 0.653125 0.667188 0.657813 0.668750 0.659375 0.668750 0.662500 0.670312 0.664062 0.670312 0.665625 0.671875 0.667188 0.671875 0.668750 0.673438 0.670312 0.673438 0.671875 0.675000 0.673438 0.675000 0.676562 0.676562 0.678125 0.676562 0.681250 0.679688 0.684375 0.679688 0.685937 0.681250 0.687500 0.681250 0.690625 0.682813 0.692187 0.682813 0.693750 0.684375 0.695312 0.684375 0.696875 0.685937 0.698438 0.685937 0.700000 0.687500 0.701562 0.687500 0.703125 0.689063 0.704688 0.689063 0.706250 0.690625 0.707812 0.690625 0.710938 0.692187 0.712500 0.692187 0.714063 0.695312 0.717187 0.695312 0.718750 0.696875 0.720313 0.696875 0.723437 0.698438 0.725000 0.698438 0.726562 0.700000 0.728125 0.700000 0.729688 0.701562 0.731250 0.701562 0.732812 0.703125 0.734375 0.703125 0.735938 0.704688 0.737500 0.704688 0.739062 0.706250 0.740625 0.706250 0.742188 0.709375 0.745313 0.709375 0.746875 0.710938 0.748437 0.710938 0.751563 0.712500 0.753125 0.712500 0.754687 0.715625 0.757812 0.715625 0.762500 0.717187 0.764062 0.717187 0.765625 0.720313 0.768750 0.720313 0.770312 0.721875 0.771875 0.721875 0.773438 0.723437 0.775000 0.723437 0.776563 0.725000 0.778125 0.725000 0.779687 0.726562 0.781250 0.726562 0.784375 0.728125 0.785937 0.728125 0.787500 0.729688 0.789062 0.729688 0.790625 0.731250 0.792188 0.731250 0.793750 0.732812 0.795312 0.732812 0.798438 0.734375 0.800000 0.734375 0.801562 0.735938 0.803125 0.735938 0.804688 0.739062 0.807813 0.739062 0.809375 0.740625 0.810937 0.740625 0.814063 0.742188 0.815625 0.742188 0.817187 0.743750 0.818750 0.743750 0.820312 0.745313 0.820312 0.750000 0.825000 0.751563 0.825000 0.754687 0.828125 0.756250 0.828125 0.759375 0.831250 0.760938 0.831250 0.762500 0.832812 0.764062 0.832812 0.765625 0.834375 0.767188 0.834375 0.768750 0.835938 0.770312 0.835938 0.771875 0.837500 0.773438 0.837500 0.775000 0.839063 0.776563 0.839063 0.778125 0.840625 0.779687 0.840625 0.781250 0.842187 0.784375 0.842187 0.785937 0.843750 0.796875 0.843750 0.798438 0.845313 0.815625 0.845313 0.817187 0.843750 0.859375 0.843750 0.860938 0.842187 0.867188 0.842187 0.868750 0.840625 0.870313 0.840625 0.871875 0.839063 0.873437 0.839063 0.875000 0.837500 0.882812 0.837500 0.884375 0.835938 0.889062 0.835938 0.890625 0.834375 0.893750 0.834375 0.896875 0.831250 0.898438 0.831250 0.904687 0.825000 0.904687 0.823438 0.906250 0.821875 0.906250 0.820312 0.912500 0.814063 0.912500 0.812500 0.914062 0.810937 0.914062 0.809375 0.915625 0.807813 0.915625 0.806250 0.917188 0.804688 0.917188 0.801562 0.918750 0.800000 0.918750 0.796875 0.920312 0.795312 0.920312 0.792188 0.921875 0.790625 0.921875 0.771875 0.923438 0.770312 0.923438 0.743750 0.925000 0.742188 0.925000 0.721875 0.923438 0.720313 0.923438 0.704688 0.925000 0.703125 0.925000 0.701562 0.923438 0.700000 0.923438 0.673438 0.921875 0.671875 0.921875 0.664062 0.923438 0.662500 0.923438 0.631250 0.921875 0.629687 0.921875 0.585938 0.920312 0.584375 0.920312 0.564063 0.918750 0.562500 0.918750 0.550000 0.917188 0.548438 0.917188 0.535937 0.915625 0.534375 0.915625 0.510938 0.914062 0.509375 0.914062 0.498437 0.912500 0.496875 0.912500 0.492188 0.910937 0.490625 0.910937 0.489063 0.907813 0.485938 0.907813 0.484375 0.906250 0.482812 0.906250 0.481250 0.904687 0.479687 0.904687 0.478125 0.903125 0.476562 0.903125 0.475000 0.890625 0.462500 0.889062 0.462500 0.884375 0.457813 0.882812 0.457813 0.881250 0.456250 0.879687 0.456250 0.878125 0.454688 0.876563 0.454688 0.875000 0.453125 0.873437 0.453125 0.871875 0.451562 0.870313 0.451562 0.868750 0.450000 0.867188 0.450000 0.865625 0.448437 0.864062 0.448437 0.862500 0.446875 0.860938 0.446875 0.859375 0.445312 0.856250 0.445312 0.854688 0.443750 0.851562 0.443750 0.850000 0.442188 0.843750 0.442188 0.842187 0.440625 0.835938 0.440625 0.834375 0.439063 0.821875 0.439063 0.820312 0.437500
0 0.753125 0.132812 0.751563 0.134375 0.740625 0.134375 0.739062 0.135937 0.718750 0.135937 0.717187 0.137500 0.715625 0.137500 0.714063 0.139063 0.712500 0.139063 0.710938 0.140625 0.707812 0.140625 0.703125 0.145313 0.703125 0.146875 0.701562 0.148438 0.701562 0.153125 0.700000 0.154688 0.700000 0.157812 0.698438 0.159375 0.698438 0.162500 0.696875 0.164062 0.696875 0.167187 0.695312 0.168750 0.695312 0.171875 0.693750 0.173437 0.693750 0.178125 0.692187 0.179688 0.692187 0.182812 0.690625 0.184375 0.690625 0.187500 0.689063 0.189062 0.689063 0.192188 0.687500 0.193750 0.687500 0.198437 0.685937 0.200000 0.685937 0.204687 0.684375 0.206250 0.684375 0.210938 0.682813 0.212500 0.682813 0.217188 0.681250 0.218750 0.681250 0.220312 0.679688 0.221875 0.679688 0.225000 0.678125 0.226562 0.678125 0.229687 0.676562 0.231250 0.676562 0.235937 0.675000 0.237500 0.675000 0.242188 0.673438 0.243750 0.673438 0.245312 0.671875 0.246875 0.671875 0.248438 0.670312 0.250000 0.670312 0.253125 0.668750 0.254688 0.668750 0.256250 0.667188 0.257812 0.667188 0.259375 0.665625 0.260937 0.665625 0.262500 0.664062 0.264062 0.664062 0.267188 0.662500 0.268750 0.662500 0.270313 0.660937 0.271875 0.660937 0.275000 0.659375 0.276562 0.659375 0.278125 0.657813 0.279687 0.657813 0.281250 0.656250 0.282813 0.656250 0.285938 0.654687 0.287500 0.654687 0.289062 0.653125 0.290625 0.653125 0.292187 0.651563 0.293750 0.651563 0.295312 0.650000 0.296875 0.650000 0.300000 0.648438 0.301563 0.648438 0.304688 0.646875 0.306250 0.646875 0.309375 0.645312 0.310937 0.645312 0.312500 0.643750 0.314063 0.643750 0.323437 0.642188 0.325000 0.642188 0.332813 0.640625 0.334375 0.640625 0.337500 0.639062 0.339062 0.639062 0.367188 0.640625 0.368750 0.640625 0.373437 0.642188 0.375000 0.642188 0.376563 0.643750 0.378125 0.643750 0.379688 0.645312 0.381250 0.645312 0.387500 0.646875 0.389062 0.646875 0.395313 0.650000 0.398438 0.650000 0.400000 0.653125 0.403125 0.653125 0.404687 0.654687 0.406250 0.654687 0.407813 0.657813 0.410938 0.657813 0.412500 0.664062 0.418750 0.667188 0.418750 0.668750 0.420312 0.748437 0.420312 0.750000 0.421875 0.753125 0.421875 0.754687 0.420312 0.756250 0.421875 0.773438 0.421875 0.775000 0.420312 0.776563 0.421875 0.781250 0.421875 0.782813 0.420312 0.784375 0.421875 0.823438 0.421875 0.825000 0.420312 0.842187 0.420312 0.843750 0.418750 0.851562 0.418750 0.853125 0.417187 0.860938 0.417187 0.862500 0.415625 0.865625 0.415625 0.867188 0.414062 0.868750 0.414062 0.870313 0.412500 0.871875 0.412500 0.875000 0.409375 0.876563 0.409375 0.879687 0.406250 0.881250 0.406250 0.887500 0.400000 0.887500 0.398438 0.889062 0.396875 0.889062 0.395313 0.890625 0.393750 0.890625 0.390625 0.892188 0.389062 0.892188 0.385937 0.893750 0.384375 0.893750 0.376563 0.895312 0.375000 0.895312 0.293750 0.893750 0.292187 0.893750 0.284375 0.895312 0.282813 0.895312 0.220312 0.893750 0.218750 0.893750 0.195312 0.892188 0.193750 0.892188 0.184375 0.890625 0.182812 0.890625 0.165625 0.889062 0.164062 0.889062 0.160938 0.887500 0.159375 0.887500 0.157812 0.885938 0.156250 0.885938 0.154688 0.878125 0.146875 0.876563 0.146875 0.875000 0.145313 0.873437 0.145313 0.870313 0.142187 0.868750 0.142187 0.867188 0.140625 0.864062 0.140625 0.862500 0.139063 0.857812 0.139063 0.856250 0.137500 0.848437 0.137500 0.846875 0.135937 0.832812 0.135937 0.831250 0.134375 0.823438 0.134375 0.821875 0.132812
0 0.037500 0.126562 0.035937 0.128125 0.025000 0.128125 0.023438 0.129688 0.021875 0.129688 0.018750 0.132812 0.017188 0.132812 0.014063 0.135937 0.012500 0.135937 0.010937 0.137500 0.009375 0.137500 0.006250 0.140625 0.006250 0.142187 0.004687 0.143750 0.004687 0.145313 0.001563 0.148438 0.001563 0.150000 0.000000 0.151562 0.000000 0.492188 0.001563 0.493750 0.004687 0.493750 0.006250 0.495312 0.007812 0.495312 0.010937 0.498437 0.010937 0.500000 0.012500 0.500000 0.015625 0.503125 0.020313 0.503125 0.021875 0.504687 0.034375 0.504687 0.035937 0.506250 0.039062 0.506250 0.040625 0.507812 0.076563 0.507812 0.078125 0.506250 0.081250 0.506250 0.082812 0.507812 0.143750 0.507812 0.145313 0.509375 0.221875 0.509375 0.223438 0.510938 0.239063 0.510938 0.240625 0.512500 0.242188 0.512500 0.243750 0.510938 0.246875 0.510938 0.248438 0.512500 0.250000 0.512500 0.251563 0.510938 0.256250 0.510938 0.257812 0.512500 0.260937 0.512500 0.262500 0.510938 0.267188 0.510938 0.268750 0.512500 0.270313 0.512500 0.271875 0.510938 0.281250 0.510938 0.282813 0.512500 0.285938 0.512500 0.287500 0.510938 0.295312 0.510938 0.296875 0.512500 0.298438 0.512500 0.300000 0.510938 0.301563 0.510938 0.303125 0.512500 0.328125 0.512500 0.329688 0.510938 0.343750 0.510938 0.345313 0.509375 0.407813 0.509375 0.409375 0.507812 0.417187 0.507812 0.418750 0.506250 0.426563 0.506250 0.428125 0.504687 0.435937 0.504687 0.437500 0.503125 0.450000 0.503125 0.451562 0.501563 0.467187 0.501563 0.468750 0.500000 0.473438 0.500000 0.475000 0.501563 0.484375 0.501563 0.485938 0.503125 0.501563 0.503125 0.503125 0.501563 0.518750 0.501563 0.520312 0.500000 0.521875 0.500000 0.523438 0.498437 0.526563 0.498437 0.529687 0.495312 0.531250 0.495312 0.534375 0.492188 0.534375 0.490625 0.537500 0.487500 0.537500 0.485938 0.540625 0.482812 0.540625 0.481250 0.542188 0.479687 0.542188 0.478125 0.546875 0.473438 0.546875 0.471875 0.550000 0.468750 0.550000 0.467187 0.553125 0.464062 0.553125 0.462500 0.554688 0.460938 0.554688 0.459375 0.556250 0.457813 0.556250 0.454688 0.557813 0.453125 0.557813 0.448437 0.559375 0.446875 0.559375 0.445312 0.560937 0.443750 0.560937 0.440625 0.562500 0.439063 0.562500 0.437500 0.564063 0.435937 0.564063 0.429688 0.565625 0.428125 0.565625 0.426563 0.567187 0.425000 0.567187 0.421875 0.568750 0.420312 0.568750 0.417187 0.570312 0.415625 0.570312 0.412500 0.571875 0.410938 0.571875 0.407813 0.573438 0.406250 0.573438 0.403125 0.575000 0.401562 0.575000 0.398438 0.576562 0.396875 0.576562 0.393750 0.578125 0.392188 0.578125 0.387500 0.579688 0.385937 0.579688 0.382812 0.581250 0.381250 0.581250 0.376563 0.582812 0.375000 0.582812 0.370312 0.584375 0.368750 0.584375 0.365625 0.585938 0.364063 0.585938 0.359375 0.587500 0.357812 0.587500 0.354687 0.589063 0.353125 0.589063 0.350000 0.590625 0.348438 0.590625 0.343750 0.592187 0.342187 0.592187 0.339062 0.593750 0.337500 0.593750 0.335938 0.595313 0.334375 0.595313 0.331250 0.596875 0.329688 0.596875 0.326562 0.598437 0.325000 0.598437 0.323437 0.600000 0.321875 0.600000 0.318750 0.601562 0.317188 0.601562 0.314063 0.603125 0.312500 0.603125 0.309375 0.604688 0.307812 0.604688 0.304688 0.606250 0.303125 0.606250 0.298438 0.607812 0.296875 0.607812 0.293750 0.609375 0.292187 0.609375 0.290625 0.610938 0.289062 0.610938 0.287500 0.612500 0.285938 0.612500 0.284375 0.614062 0.282813 0.614062 0.281250 0.615625 0.279687 0.615625 0.276562 0.617188 0.275000 0.617188 0.270313 0.618750 0.268750 0.618750 0.267188 0.620313 0.265625 0.620313 0.260937 0.621875 0.259375 0.621875 0.256250 0.623437 0.254688 0.623437 0.251563 0.625000 0.250000 0.625000 0.246875 0.626563 0.245312 0.626563 0.243750 0.628125 0.242188 0.628125 0.240625 0.629687 0.239063 0.629687 0.235937 0.631250 0.234375 0.631250 0.232813 0.632812 0.231250 0.632812 0.229687 0.634375 0.228125 0.634375 0.225000 0.635938 0.223438 0.635938 0.221875 0.637500 0.220312 0.637500 0.215625 0.642188 0.210938 0.642188 0.209375 0.643750 0.207813 0.643750 0.206250 0.645312 0.204687 0.645312 0.200000 0.646875 0.198437 0.646875 0.176563 0.645312 0.175000 0.645312 0.171875 0.643750 0.170313 0.643750 0.167187 0.640625 0.164062 0.640625 0.162500 0.632812 0.154688 0.631250 0.154688 0.625000 0.148438 0.623437 0.148438 0.620313 0.145313 0.618750 0.145313 0.615625 0.142187 0.615625 0.140625 0.609375 0.134375 0.607812 0.134375 0.606250 0.132812 0.603125 0.132812 0.601562 0.131250 0.556250 0.131250 0.554688 0.129688 0.501563 0.129688 0.500000 0.128125 0.475000 0.128125 0.473438 0.129688 0.442188 0.129688 0.440625 0.131250 0.404687 0.131250 0.403125 0.129688 0.401562 0.129688 0.400000 0.128125 0.396875 0.128125 0.395313 0.129688 0.384375 0.129688 0.382812 0.131250 0.357812 0.131250 0.356250 0.132812 0.348438 0.132812 0.346875 0.131250 0.342187 0.131250 0.340625 0.129688 0.232813 0.129688 0.231250 0.128125 0.198437 0.128125 0.196875 0.129688 0.140625 0.129688 0.139063 0.128125 0.128125 0.128125 0.126562 0.129688 0.125000 0.128125 0.120313 0.128125 0.118750 0.129688 0.117188 0.128125 0.112500 0.128125 0.110937 0.129688 0.109375 0.128125 0.051562 0.128125 0.050000 0.126562
