4 0.673091 0.284375 0.607812 0.284375 0.606250 0.290625 0.584375 0.298438 0.584375 0.346875 0.592187 0.350000 0.653125 0.490625 0.675000 0.520312 0.732812 0.520312 0.757812 0.451562 0.756250 0.401562 0.762500 0.376563 0.757812 0.320312 0.750000 0.303125 0.735938 0.290625 0.735938 0.284375 0.712500 0.284375 0.710938 0.290625 0.696875 0.293750 0.682813 0.290625 0.681250 0.284375
1 0.427864 0.809375 0.242188 0.809375 0.223438 0.835938 0.215625 0.839063 0.215625 0.868750 0.221875 0.870313 0.221875 0.878125 0.215625 0.879687 0.215625 0.970313 0.242188 0.982812 0.270313 0.987500 0.275000 0.995313 0.285938 0.987500 0.360938 0.987500 0.378125 0.982812 0.390625 0.970313 0.395313 0.937500 0.425000 0.890625 0.437500 0.850000 0.445312 0.846875 0.445312 0.818750 0.439063 0.818750 0.435937 0.809375
1 0.381077 0.315625 0.245312 0.315625 0.229687 0.340625 0.221875 0.343750 0.221875 0.482812 0.228125 0.482812 0.245312 0.498437 0.264062 0.501563 0.351562 0.506250 0.371875 0.506250 0.382812 0.501563 0.398438 0.484375 0.426563 0.434375 0.450000 0.370312 0.450000 0.353125 0.439063 0.335938 0.423438 0.328125 0.393750 0.323437 0.389062 0.315625
4 0.717091 0.746875 0.598437 0.746875 0.592187 0.757812 0.584375 0.759375 0.584375 0.814063 0.592187 0.817187 0.607812 0.845313 0.628125 0.901563 0.657813 0.957812 0.678125 0.970313 0.723437 0.962500 0.743750 0.926562 0.743750 0.881250 0.745313 0.873437 0.751563 0.868750 0.745313 0.867188 0.743750 0.835938 0.735938 0.809375 0.735938 0.776563 0.726562 0.759375 0.725000 0.746875
0 0.737133 0.740625 0.606250 0.740625 0.604688 0.746875 0.578125 0.764062 0.578125 0.806250 0.584375 0.807813 0.607812 0.853125 0.634375 0.921875 0.667188 0.982812 0.731250 0.982812 0.754687 0.948438 0.757812 0.909375 0.764062 0.907813 0.764062 0.759375 0.757812 0.759375 0.745313 0.740625
0 0.364063 0.540625 0.246875 0.540625 0.229687 0.565625 0.221875 0.568750 0.221875 0.782813 0.245312 0.793750 0.248438 0.801562 0.331250 0.801562 0.332813 0.795312 0.345313 0.795312 0.346875 0.801562 0.353125 0.801562 0.354687 0.795312 0.367188 0.793750 0.501563 0.792188 0.540625 0.784375 0.559375 0.760938 0.606250 0.629687 0.614062 0.625000 0.614062 0.557813 0.593750 0.550000 0.589063 0.540625 0.407813 0.540625 0.406250 0.546875 0.373437 0.546875 0.371875 0.540625
7 0.680469 0.121875 0.671875 0.121875 0.671875 0.126562 0.643750 0.156250 0.626563 0.187500 0.618750 0.215625 0.614062 0.220312 0.609375 0.220312 0.609375 0.251563 0.615625 0.251563 0.629687 0.264062 0.664062 0.268750 0.690625 0.264062 0.718750 0.267188 0.725000 0.262500 0.735938 0.242188 0.751563 0.195312 0.757812 0.193750 0.757812 0.187500 0.753125 0.187500 0.732812 0.175000 0.728125 0.159375 0.703125 0.140625 0.689063 0.126562 0.689063 0.121875
0 0.427864 0.809375 0.242188 0.809375 0.242188 0.814063 0.209375 0.842187 0.209375 0.990625 0.218750 0.998437 0.378125 0.998437 0.401562 0.973437 0.442188 0.864062 0.445312 0.837500 0.451562 0.835938 0.435937 0.809375
0 0.728033 0.284375 0.601562 0.284375 0.598437 0.292187 0.584375 0.296875 0.584375 0.346875 0.592187 0.350000 0.645312 0.476562 0.660937 0.506250 0.676562 0.520312 0.676562 0.526563 0.742188 0.526563 0.757812 0.493750 0.764062 0.390625 0.770312 0.389062 0.770312 0.321875 0.764062 0.320312 0.757812 0.306250 0.737500 0.290625 0.735938 0.284375
7 0.700670 0.565625 0.648438 0.565625 0.648438 0.571875 0.637500 0.590625 0.621875 0.643750 0.610938 0.668750 0.603125 0.671875 0.603125 0.704688 0.609375 0.704688 0.634375 0.718750 0.637500 0.726562 0.651563 0.726562 0.653125 0.720313 0.667188 0.714063 0.714063 0.717187 0.725000 0.704688 0.742188 0.693750 0.751563 0.673438 0.757812 0.671875 0.757812 0.657813 0.751563 0.656250 0.731250 0.620313 0.709375 0.571875 0.709375 0.565625
0 0.392031 0.315625 0.240625 0.315625 0.234375 0.328125 0.221875 0.335938 0.221875 0.490625 0.251563 0.503125 0.348438 0.507812 0.350000 0.514062 0.367188 0.514062 0.368750 0.507812 0.387500 0.500000 0.401562 0.484375 0.429688 0.428125 0.450000 0.370312 0.450000 0.356250 0.443750 0.343750 0.429688 0.331250 0.401562 0.321875 0.400000 0.315625
0 0.554688 0.334375 0.492188 0.334375 0.479687 0.353125 0.435937 0.446875 0.428125 0.450000 0.428125 0.496875 0.434375 0.496875 0.445312 0.507812 0.454688 0.510938 0.490625 0.514062 0.492188 0.520312 0.596875 0.520312 0.598437 0.514062 0.614062 0.507812 0.626563 0.493750 0.632812 0.493750 0.632812 0.468750 0.628125 0.468750 0.623437 0.460938 0.610938 0.421875 0.585938 0.367188 0.562500 0.334375
0 0.743489 0.553125 0.654687 0.553125 0.612500 0.662500 0.607812 0.668750 0.603125 0.668750 0.603125 0.715625 0.609375 0.715625 0.621875 0.729688 0.631250 0.732812 0.632812 0.739062 0.731250 0.739062 0.731250 0.734375 0.746875 0.726562 0.759375 0.710938 0.764062 0.681250 0.770312 0.679688 0.770312 0.576562 0.760938 0.571875 0.751563 0.553125
0 0.730938 0.103125 0.657813 0.103125 0.618750 0.203125 0.614062 0.210938 0.609375 0.210938 0.609375 0.254688 0.614062 0.254688 0.635938 0.273438 0.653125 0.276562 0.654687 0.282813 0.745313 0.282813 0.745313 0.278125 0.757812 0.267188 0.765625 0.253125 0.770312 0.159375 0.776563 0.157812 0.776563 0.143750 0.770312 0.142187 0.762500 0.121875 0.756250 0.115625 0.742188 0.110937 0.739062 0.103125
5 0.484375 0.640625 0.475000 0.640625 0.471875 0.648438 0.278125 0.728125 0.257812 0.723437 0.246875 0.709375 0.243750 0.690625 0.234375 0.685937 0.234375 0.776563 0.245312 0.776563 0.246875 0.782813 0.293750 0.782813 0.295312 0.776563 0.335938 0.768750 0.393750 0.768750 0.485938 0.757812 0.493750 0.751563 0.489063 0.734375 0.503125 0.714063 0.509375 0.718750 0.509375 0.732812 0.514062 0.739062 0.506250 0.751563 0.520312 0.751563 0.520312 0.682813 0.507812 0.682813 0.509375 0.670312 0.520312 0.664062 0.520312 0.650000 0.498437 0.648438 0.493750 0.640625
0 0.555903 0.803125 0.490625 0.803125 0.490625 0.807813 0.471875 0.828125 0.435937 0.910937 0.428125 0.914062 0.428125 0.984375 0.437500 0.985938 0.440625 0.995313 0.578125 0.995313 0.579688 0.989062 0.606250 0.984375 0.617188 0.971875 0.632812 0.965625 0.632812 0.929688 0.626563 0.928125 0.604688 0.870313 0.564063 0.803125
5 0.453038 0.553125 0.318750 0.553125 0.318750 0.559375 0.281250 0.595313 0.250000 0.650000 0.240625 0.654687 0.240625 0.692187 0.246875 0.692187 0.250000 0.701562 0.265625 0.701562 0.268750 0.693750 0.456250 0.621875 0.470313 0.607812 0.460938 0.553125
5 0.427455 0.084375 0.376563 0.084375 0.373437 0.092188 0.339062 0.107813 0.290625 0.151562 0.254688 0.187500 0.248438 0.200000 0.240625 0.203125 0.240625 0.270313 0.268750 0.270313 0.257812 0.246875 0.278125 0.231250 0.464062 0.159375 0.470313 0.148438 0.476562 0.146875 0.476562 0.142187 0.470313 0.140625 0.465625 0.114062 0.468750 0.107813 0.476562 0.106250 0.476562 0.100000 0.440625 0.093750 0.435937 0.084375
5 0.557813 0.146875 0.550000 0.146875 0.550000 0.151562 0.537500 0.162500 0.507812 0.178125 0.510938 0.181250 0.510938 0.187500 0.506250 0.204687 0.473438 0.290625 0.465625 0.293750 0.465625 0.307812 0.518750 0.307812 0.521875 0.300000 0.564063 0.267188 0.568750 0.254688 0.565625 0.235937 0.565625 0.146875
0 0.348438 0.053125 0.246875 0.053125 0.235937 0.073438 0.228125 0.076563 0.228125 0.270313 0.246875 0.284375 0.275000 0.295312 0.345313 0.300000 0.420312 0.312500 0.495312 0.314063 0.496875 0.320312 0.539062 0.320312 0.539062 0.315625 0.560937 0.298438 0.596875 0.221875 0.618750 0.156250 0.626563 0.153125 0.626563 0.106250 0.595313 0.090625 0.473438 0.075000 0.418750 0.073438 0.360938 0.060937 0.356250 0.053125
5 0.452734 0.190625 0.428125 0.190625 0.425000 0.198437 0.410938 0.204687 0.285938 0.256250 0.265625 0.259375 0.265625 0.279687 0.293750 0.290625 0.348438 0.293750 0.354687 0.295312 0.356250 0.301563 0.467187 0.301563 0.468750 0.289062 0.456250 0.265625 0.460938 0.190625
