6 0.318164 0.509375 0.259375 0.509375 0.254688 0.517188 0.190625 0.531250 0.128125 0.560937 0.128125 0.593750 0.135937 0.596875 0.162500 0.657813 0.182812 0.670312 0.221875 0.710938 0.239063 0.709375 0.253125 0.723437 0.278125 0.715625 0.295312 0.718750 0.301563 0.728125 0.306250 0.757812 0.321875 0.757812 0.325000 0.696875 0.340625 0.678125 0.343750 0.659375 0.343750 0.548438 0.326562 0.509375
0 0.427930 0.515625 0.371875 0.515625 0.359375 0.554688 0.353125 0.556250 0.353125 0.725000 0.378125 0.743750 0.381250 0.751563 0.414062 0.751563 0.415625 0.745313 0.451562 0.732812 0.487500 0.712500 0.509375 0.685937 0.517188 0.665625 0.520312 0.639062 0.526563 0.637500 0.526563 0.585938 0.520312 0.584375 0.512500 0.564063 0.495312 0.548438 0.439063 0.523438 0.435937 0.515625
6 0.724553 0.534375 0.675000 0.534375 0.670312 0.542188 0.603125 0.562500 0.559375 0.585938 0.559375 0.682813 0.567187 0.685937 0.573438 0.709375 0.585938 0.731250 0.635938 0.746875 0.684375 0.742188 0.715625 0.756250 0.731250 0.748437 0.734375 0.739062 0.731250 0.712500 0.745313 0.695312 0.746875 0.675000 0.754687 0.654687 0.751563 0.625000 0.754687 0.570312 0.748437 0.551562 0.732812 0.539062 0.732812 0.534375
7 0.850781 0.546875 0.790625 0.546875 0.789062 0.562500 0.781250 0.576562 0.771875 0.581250 0.771875 0.717187 0.778125 0.717187 0.800000 0.731250 0.803125 0.739062 0.815625 0.739062 0.815625 0.732812 0.832812 0.709375 0.848437 0.706250 0.865625 0.689063 0.876563 0.687500 0.887500 0.671875 0.893750 0.654687 0.901563 0.651563 0.901563 0.635938 0.876563 0.621875 0.876563 0.614062 0.887500 0.587500 0.887500 0.570312 0.878125 0.560937 0.862500 0.554688 0.859375 0.546875
0 0.392112 0.240625 0.234375 0.240625 0.231250 0.248438 0.157812 0.281250 0.135937 0.312500 0.128125 0.314063 0.128125 0.501563 0.134375 0.501563 0.148438 0.517188 0.164062 0.523438 0.218750 0.506250 0.281250 0.495312 0.368750 0.498437 0.481250 0.526563 0.496875 0.525000 0.509375 0.515625 0.518750 0.498437 0.520312 0.478125 0.526563 0.476562 0.526563 0.343750 0.520312 0.342187 0.506250 0.307812 0.487500 0.285938 0.451562 0.265625 0.403125 0.248438 0.400000 0.240625
5 0.271250 0.271875 0.237500 0.271875 0.237500 0.276562 0.231250 0.279687 0.165625 0.290625 0.165625 0.357812 0.170313 0.357812 0.173437 0.365625 0.184375 0.451562 0.203125 0.473438 0.232813 0.489063 0.234375 0.495312 0.271875 0.495312 0.271875 0.490625 0.278125 0.487500 0.351562 0.478125 0.351562 0.420312 0.346875 0.420312 0.345313 0.446875 0.337500 0.457813 0.318750 0.454688 0.295312 0.434375 0.293750 0.318750 0.292187 0.303125 0.279687 0.271875
0 0.843750 0.540625 0.789062 0.540625 0.779687 0.559375 0.771875 0.562500 0.771875 0.751563 0.793750 0.762500 0.796875 0.770312 0.812500 0.770312 0.817187 0.762500 0.867188 0.746875 0.901563 0.726562 0.918750 0.703125 0.929688 0.675000 0.931250 0.592187 0.928125 0.584375 0.915625 0.571875 0.856250 0.548438 0.851562 0.540625
0 0.735417 0.534375 0.668750 0.534375 0.664062 0.542188 0.603125 0.560937 0.559375 0.581250 0.559375 0.706250 0.603125 0.743750 0.639062 0.760938 0.643750 0.770312 0.742188 0.770312 0.753125 0.750000 0.762500 0.668750 0.762500 0.590625 0.770312 0.570312 0.764062 0.568750 0.743750 0.534375
5 0.459063 0.271875 0.385937 0.271875 0.379688 0.279687 0.340625 0.282813 0.340625 0.350000 0.348438 0.354687 0.359375 0.464062 0.367188 0.479687 0.392188 0.498437 0.457813 0.518750 0.460938 0.526563 0.492188 0.526563 0.506250 0.506250 0.514062 0.503125 0.514062 0.446875 0.506250 0.442188 0.467187 0.271875
0 0.316741 0.503125 0.267188 0.503125 0.264062 0.510938 0.153125 0.540625 0.134375 0.559375 0.128125 0.559375 0.128125 0.653125 0.134375 0.654687 0.157812 0.698438 0.190625 0.725000 0.259375 0.748437 0.314063 0.757812 0.323437 0.754687 0.339062 0.735938 0.345313 0.701562 0.351562 0.700000 0.351562 0.615625 0.345313 0.614062 0.345313 0.601562 0.351562 0.600000 0.351562 0.543750 0.345313 0.542188 0.325000 0.503125
7 0.434063 0.521875 0.401562 0.521875 0.401562 0.526563 0.385937 0.539062 0.379688 0.559375 0.379688 0.581250 0.385937 0.595313 0.364063 0.620313 0.359375 0.620313 0.359375 0.721875 0.371875 0.725000 0.373437 0.732812 0.387500 0.732812 0.385937 0.715625 0.390625 0.710938 0.409375 0.718750 0.421875 0.717187 0.450000 0.701562 0.459375 0.690625 0.462500 0.678125 0.489063 0.662500 0.506250 0.623437 0.506250 0.600000 0.500000 0.576562 0.468750 0.539062 0.443750 0.528125 0.442188 0.521875
5 0.329297 0.284375 0.304688 0.284375 0.304688 0.290625 0.296875 0.292187 0.296875 0.442188 0.304688 0.443750 0.323437 0.459375 0.325000 0.465625 0.318750 0.471875 0.315625 0.482812 0.346875 0.482812 0.346875 0.478125 0.356250 0.471875 0.357812 0.465625 0.351562 0.375000 0.337500 0.284375
0 0.802930 0.271875 0.682813 0.271875 0.681250 0.279687 0.600000 0.310937 0.570312 0.335938 0.559375 0.359375 0.553125 0.360938 0.553125 0.532813 0.579688 0.550000 0.582812 0.557813 0.603125 0.557813 0.606250 0.550000 0.643750 0.535937 0.709375 0.521875 0.809375 0.528125 0.884375 0.548438 0.910937 0.546875 0.929688 0.531250 0.935937 0.506250 0.945312 0.395313 0.939063 0.357812 0.921875 0.329688 0.854688 0.293750 0.814063 0.279687 0.810937 0.271875
5 0.716903 0.296875 0.635938 0.296875 0.634375 0.303125 0.610938 0.312500 0.596875 0.329688 0.590625 0.373437 0.584375 0.390625 0.578125 0.392188 0.578125 0.454688 0.585938 0.457813 0.596875 0.484375 0.606250 0.495312 0.625000 0.504687 0.642188 0.507812 0.643750 0.514062 0.709375 0.514062 0.709375 0.509375 0.720313 0.503125 0.714063 0.478125 0.712500 0.448437 0.725000 0.296875
5 0.845089 0.315625 0.796875 0.315625 0.796875 0.487500 0.803125 0.489063 0.807813 0.504687 0.817187 0.514062 0.875000 0.540625 0.895312 0.543750 0.914062 0.537500 0.921875 0.529687 0.923438 0.520312 0.912500 0.485938 0.893750 0.450000 0.890625 0.425000 0.932813 0.357812 0.921875 0.350000 0.904687 0.346875 0.864062 0.328125 0.853125 0.320312 0.853125 0.315625
