7 0.337109 0.084375 0.279687 0.084375 0.239063 0.131250 0.214062 0.146875 0.198437 0.164062 0.171875 0.207813 0.165625 0.237500 0.159375 0.239063 0.159375 0.303125 0.165625 0.303125 0.175000 0.314063 0.204687 0.329688 0.181250 0.396875 0.187500 0.421875 0.209375 0.440625 0.295312 0.468750 0.300000 0.476562 0.367188 0.476562 0.379688 0.460938 0.384375 0.443750 0.407813 0.404687 0.414062 0.403125 0.414062 0.342187 0.407813 0.340625 0.403125 0.326562 0.406250 0.231250 0.398438 0.167187 0.385937 0.120313 0.371875 0.104688 0.348438 0.092188 0.345313 0.084375
1 0.563672 0.034375 0.473438 0.034375 0.454688 0.062500 0.446875 0.064062 0.446875 0.404687 0.453125 0.406250 0.456250 0.434375 0.468750 0.459375 0.484375 0.473438 0.509375 0.481250 0.578125 0.476562 0.698438 0.445312 0.784375 0.409375 0.815625 0.389062 0.829688 0.376563 0.837500 0.360938 0.845313 0.357812 0.845313 0.320312 0.839063 0.318750 0.828125 0.260937 0.826562 0.203125 0.817187 0.178125 0.798438 0.151562 0.750000 0.101562 0.723437 0.082812 0.635938 0.051562 0.573438 0.040625 0.571875 0.034375
0 0.371614 0.028125 0.282813 0.028125 0.279687 0.035937 0.214062 0.062500 0.175000 0.084375 0.139063 0.117188 0.109375 0.156250 0.092188 0.210938 0.084375 0.215625 0.084375 0.385937 0.128125 0.423438 0.165625 0.440625 0.265625 0.468750 0.312500 0.476562 0.314063 0.482812 0.360938 0.482812 0.362500 0.476562 0.393750 0.467187 0.406250 0.454688 0.420312 0.396875 0.414062 0.107813 0.407813 0.068750 0.379688 0.034375 0.379688 0.028125
5 0.466706 0.553125 0.367188 0.553125 0.362500 0.560937 0.328125 0.568750 0.328125 0.714063 0.373437 0.725000 0.457813 0.737500 0.464062 0.739062 0.465625 0.745313 0.487500 0.745313 0.487500 0.739062 0.495312 0.735938 0.495312 0.631250 0.489063 0.629687 0.487500 0.590625 0.475000 0.553125
5 0.384895 0.803125 0.340625 0.803125 0.340625 0.901563 0.373437 0.900000 0.392188 0.904687 0.400000 0.909375 0.400000 0.914062 0.403125 0.914062 0.403125 0.909375 0.407813 0.906250 0.421875 0.906250 0.443750 0.898438 0.492188 0.895312 0.496875 0.890625 0.501563 0.890625 0.501563 0.854688 0.495312 0.853125 0.493750 0.834375 0.489063 0.828125 0.456250 0.818750 0.400000 0.810937 0.393750 0.807813 0.393750 0.803125
5 0.305769 0.559375 0.206250 0.559375 0.200000 0.575000 0.196875 0.612500 0.190625 0.614062 0.190625 0.690625 0.296875 0.706250 0.303125 0.707812 0.304688 0.714063 0.321875 0.714063 0.325000 0.700000 0.321875 0.598437 0.320312 0.575000 0.314063 0.559375
5 0.242014 0.784375 0.178125 0.784375 0.178125 0.893750 0.221875 0.901563 0.248438 0.901563 0.250000 0.907813 0.259375 0.907813 0.259375 0.903125 0.265625 0.900000 0.332813 0.900000 0.337500 0.890625 0.337500 0.856250 0.334375 0.820312 0.328125 0.804688 0.287500 0.793750 0.251563 0.790625 0.250000 0.784375
0 0.602758 0.003125 0.471875 0.003125 0.470313 0.010937 0.443750 0.042188 0.434375 0.046875 0.434375 0.420312 0.440625 0.421875 0.443750 0.437500 0.460938 0.467187 0.479687 0.482812 0.496875 0.489063 0.498437 0.495312 0.553125 0.495312 0.554688 0.489063 0.665625 0.464062 0.753125 0.432812 0.812500 0.406250 0.834375 0.390625 0.864062 0.362500 0.876563 0.335938 0.882812 0.334375 0.882812 0.306250 0.876563 0.304688 0.875000 0.296875 0.859375 0.171875 0.845313 0.134375 0.823438 0.101562 0.801562 0.078125 0.760938 0.051562 0.704688 0.029687 0.614062 0.010937 0.610938 0.003125
5 0.654687 0.521875 0.514062 0.521875 0.510938 0.529687 0.490625 0.535937 0.490625 0.740625 0.531250 0.754687 0.601562 0.768750 0.607812 0.776563 0.637500 0.776563 0.640625 0.768750 0.701562 0.751563 0.778125 0.757812 0.789062 0.754687 0.793750 0.660937 0.789062 0.584375 0.782813 0.560937 0.762500 0.548438 0.720313 0.546875 0.685937 0.539062 0.665625 0.529687 0.662500 0.521875
0 0.832344 0.446875 0.757812 0.446875 0.754687 0.454688 0.729688 0.467187 0.637500 0.495312 0.498437 0.510938 0.354687 0.506250 0.235937 0.482812 0.173437 0.459375 0.151562 0.459375 0.137500 0.465625 0.101562 0.495312 0.084375 0.525000 0.078125 0.526563 0.078125 0.843750 0.085938 0.845313 0.125000 0.912500 0.164062 0.932813 0.203125 0.965625 0.207813 0.995313 0.775000 0.995313 0.778125 0.987500 0.820312 0.965625 0.846875 0.942187 0.882812 0.889062 0.900000 0.839063 0.907813 0.834375 0.907813 0.696875 0.901563 0.695312 0.900000 0.685937 0.885938 0.514062 0.878125 0.489063 0.843750 0.456250 0.840625 0.446875
5 0.547395 0.828125 0.503125 0.828125 0.503125 0.900000 0.521875 0.903125 0.539062 0.896875 0.571875 0.898438 0.579688 0.903125 0.589063 0.918750 0.606250 0.909375 0.671875 0.909375 0.681250 0.914062 0.689063 0.921875 0.689063 0.926562 0.712500 0.926562 0.712500 0.921875 0.720313 0.918750 0.720313 0.907813 0.679688 0.895312 0.659375 0.884375 0.620313 0.850000 0.607812 0.843750 0.557813 0.834375 0.556250 0.828125
