4 0.595313 0.126562 0.564063 0.131250 0.518750 0.150000 0.506250 0.159375 0.498437 0.173437 0.500000 0.332813 0.512500 0.359375 0.532813 0.373437 0.565625 0.373437 0.595313 0.360938 0.754687 0.278125 0.798438 0.240625 0.809375 0.167187 0.775000 0.145313 0.734375 0.126562 0.687500 0.126562 0.623437 0.135937 0.603125 0.126562
1 0.635156 0.546875 0.609375 0.546875 0.582812 0.568750 0.587500 0.814063 0.595313 0.831250 0.614062 0.848437 0.628125 0.853125 0.743750 0.853125 0.814063 0.846875 0.828125 0.834375 0.835938 0.818750 0.829688 0.639062 0.823438 0.626563 0.796875 0.606250 0.704688 0.575000 0.643750 0.546875
3 0.780469 0.301563 0.754687 0.301563 0.696875 0.335938 0.612500 0.370312 0.587500 0.389062 0.578125 0.401562 0.578125 0.478125 0.596875 0.503125 0.623437 0.517188 0.762500 0.567187 0.792188 0.567187 0.809375 0.556250 0.820312 0.534375 0.820312 0.467187 0.810937 0.398438 0.814063 0.337500 0.809375 0.321875 0.789062 0.301563
5 0.379688 0.460938 0.351562 0.468750 0.295312 0.523438 0.281250 0.556250 0.276562 0.584375 0.271875 0.725000 0.284375 0.753125 0.312500 0.789062 0.317188 0.815625 0.310937 0.820312 0.320312 0.825000 0.346875 0.825000 0.343750 0.814063 0.351562 0.804688 0.396875 0.768750 0.457813 0.709375 0.476562 0.695312 0.501563 0.692187 0.523438 0.657813 0.523438 0.643750 0.517188 0.632812 0.423438 0.515625 0.385937 0.465625 0.387500 0.460938
0 0.308705 0.328125 0.257812 0.328125 0.243750 0.343750 0.237500 0.359375 0.229687 0.585938 0.229687 0.854688 0.240625 0.865625 0.259375 0.873437 0.484375 0.873437 0.535937 0.865625 0.554688 0.846875 0.564063 0.796875 0.559375 0.435937 0.548438 0.417187 0.528125 0.400000 0.351562 0.343750 0.317188 0.328125
0 0.640313 0.539062 0.607812 0.539062 0.581250 0.567187 0.581250 0.798438 0.589063 0.834375 0.615625 0.860938 0.787500 0.860938 0.832812 0.851562 0.850000 0.825000 0.846875 0.660937 0.839063 0.629687 0.821875 0.607812 0.807813 0.600000 0.648438 0.539062
5 0.282813 0.353125 0.271875 0.356250 0.262500 0.368750 0.262500 0.409375 0.301563 0.504687 0.314063 0.506250 0.351562 0.468750 0.382812 0.460938 0.456250 0.551562 0.479687 0.587500 0.492188 0.596875 0.504687 0.567187 0.510938 0.532813 0.540625 0.465625 0.537500 0.451562 0.484375 0.425000 0.453125 0.418750 0.357812 0.375000 0.293750 0.353125
0 0.443537 0.128125 0.275000 0.128125 0.267188 0.132812 0.245312 0.157812 0.240625 0.175000 0.243750 0.275000 0.260937 0.290625 0.278125 0.298438 0.407813 0.342187 0.457813 0.342187 0.479687 0.314063 0.481250 0.184375 0.476562 0.157812 0.451562 0.128125
0 0.779592 0.126562 0.526563 0.126562 0.515625 0.134375 0.496875 0.160938 0.496875 0.334375 0.506250 0.357812 0.535937 0.378125 0.573438 0.373437 0.745313 0.285938 0.796875 0.253125 0.810937 0.229687 0.812500 0.164062 0.807813 0.148438 0.787500 0.126562
5 0.496094 0.701562 0.470313 0.701562 0.350000 0.800000 0.340625 0.800000 0.315625 0.782813 0.315625 0.825000 0.359375 0.835938 0.540625 0.835938 0.543750 0.831250 0.542188 0.795312 0.535937 0.778125 0.535937 0.764062 0.529687 0.753125 0.529687 0.740625 0.504687 0.701562
0 0.785937 0.293750 0.746875 0.293750 0.604688 0.370312 0.581250 0.390625 0.578125 0.485938 0.592187 0.504687 0.614062 0.517188 0.776563 0.573438 0.803125 0.575000 0.828125 0.556250 0.835938 0.539062 0.835938 0.442188 0.829688 0.415625 0.826562 0.350000 0.815625 0.317188 0.793750 0.293750
0 0.374306 0.953125 0.306250 0.953125 0.279687 0.979688 0.262500 0.982812 0.262500 0.998437 0.437500 0.998437 0.437500 0.993750 0.423438 0.981250 0.382812 0.953125
7 0.354687 0.148438 0.332813 0.162500 0.301563 0.162500 0.276562 0.181250 0.259375 0.225000 0.259375 0.259375 0.264062 0.275000 0.270313 0.284375 0.296875 0.298438 0.329688 0.304688 0.415625 0.342187 0.453125 0.340625 0.465625 0.329688 0.473438 0.310937 0.473438 0.259375 0.467187 0.239063 0.465625 0.210938 0.453125 0.195312 0.432812 0.181250 0.390625 0.176563 0.364063 0.148438
7 0.354687 0.148438 0.332813 0.162500 0.303125 0.162500 0.276562 0.181250 0.259375 0.223438 0.259375 0.259375 0.264062 0.275000 0.282813 0.292187 0.317188 0.304688 0.331250 0.304688 0.400000 0.335938 0.417187 0.342187 0.448437 0.342187 0.467187 0.326562 0.473438 0.309375 0.473438 0.260937 0.467187 0.240625 0.465625 0.210938 0.434375 0.181250 0.389062 0.175000 0.364063 0.148438
