1 0.553125 0.040625 0.482812 0.040625 0.479687 0.048438 0.451562 0.070312 0.442188 0.092188 0.440625 0.117188 0.434375 0.118750 0.434375 0.471875 0.462500 0.496875 0.489063 0.506250 0.609375 0.496875 0.689063 0.476562 0.784375 0.439063 0.803125 0.426563 0.820312 0.395313 0.826562 0.393750 0.826562 0.215625 0.820312 0.214062 0.810937 0.184375 0.784375 0.143750 0.754687 0.117188 0.717187 0.093750 0.615625 0.057813 0.562500 0.046875 0.560937 0.040625
0 0.517997 0.020447 0.476562 0.026562 0.446875 0.054688 0.437500 0.075000 0.434375 0.114062 0.428125 0.475000 0.454595 0.501038 0.479687 0.509375 0.503125 0.514062 0.540625 0.514062 0.632812 0.500000 0.721875 0.476562 0.767188 0.457813 0.801562 0.439063 0.828125 0.415625 0.835938 0.396875 0.839063 0.360938 0.845313 0.359375 0.845313 0.248438 0.810937 0.151562 0.784375 0.109375 0.737500 0.078125 0.689063 0.056250 0.604688 0.032813 0.576562 0.029687
0 0.362500 0.040625 0.332228 0.035664 0.289062 0.048438 0.196875 0.084375 0.170313 0.101562 0.146875 0.126562 0.131250 0.154688 0.123000 0.173881 0.121875 0.418750 0.140625 0.432812 0.164062 0.446875 0.234375 0.476562 0.293750 0.493750 0.354687 0.501563 0.373437 0.485938 0.393750 0.464062 0.403125 0.435937 0.407813 0.360938 0.406250 0.268750 0.414062 0.170313 0.414062 0.140625 0.407813 0.100000 0.395313 0.067187 0.370312 0.045312
7 0.302930 0.071875 0.246875 0.071875 0.243750 0.079687 0.228125 0.082812 0.212500 0.093750 0.201563 0.114062 0.193750 0.150000 0.160938 0.185938 0.151562 0.226562 0.145313 0.235937 0.134375 0.240625 0.134375 0.287500 0.140625 0.289062 0.150000 0.309375 0.145313 0.320312 0.134375 0.321875 0.134375 0.334375 0.143750 0.339062 0.178125 0.395313 0.220312 0.437500 0.237500 0.435937 0.281250 0.456250 0.284375 0.464062 0.346875 0.464062 0.350000 0.456250 0.365625 0.448437 0.381250 0.432812 0.393750 0.407813 0.396875 0.367188 0.381250 0.328125 0.379688 0.310937 0.398438 0.289062 0.398438 0.215625 0.401562 0.193750 0.407813 0.192188 0.407813 0.150000 0.359375 0.114062 0.343750 0.107813 0.323437 0.082812 0.310937 0.076563 0.310937 0.071875
0 0.122352 0.485645 0.143412 0.475616 0.168484 0.473611 0.279803 0.515731 0.279803 0.515731 0.360034 0.528769 0.447284 0.540803 0.523503 0.537795 0.598720 0.529772 0.675942 0.518741 0.755169 0.491663 0.789267 0.492666 0.817348 0.510717 0.836403 0.537795 0.842420 0.558855 0.840414 0.667167 0.830386 0.806567 0.824369 0.837656 0.813336 0.874762 0.782247 0.915881 0.741130 0.952988 0.696000 0.975052 0.618778 0.998138 0.336969 0.998437 0.222639 0.962033 0.165475 0.931947 0.124358 0.883809
5 0.487500 0.625000 0.493750 0.665625 0.531250 0.673438 0.618750 0.675000 0.645312 0.656250 0.693750 0.642188 0.751563 0.643750 0.804688 0.654687 0.809375 0.570312 0.798438 0.551562 0.765625 0.521875 0.723437 0.510938 0.620313 0.543750 0.529687 0.589063 0.496875 0.610938
5 0.517188 0.742188 0.550000 0.885938 0.567187 0.915625 0.579688 0.917188 0.587500 0.928125 0.620313 0.928125 0.726562 0.904687 0.756250 0.892188 0.782813 0.890625 0.796875 0.879687 0.804688 0.800000 0.801562 0.770312 0.701562 0.773438 0.662500 0.762500 0.612500 0.734375
5 0.328125 0.645312 0.326562 0.662500 0.334375 0.667188 0.492188 0.668750 0.487500 0.646875 0.492188 0.614062 0.512500 0.593750 0.485938 0.581250 0.453125 0.575000 0.357812 0.567187 0.348438 0.573438
5 0.275000 0.826562 0.278125 0.868750 0.303125 0.881250 0.514062 0.892188 0.539062 0.892188 0.548438 0.885938 0.520312 0.767188 0.512500 0.742188 0.504687 0.737500 0.445312 0.732812 0.301563 0.735938
5 0.171875 0.734375 0.173437 0.764062 0.162500 0.804688 0.167187 0.826562 0.176563 0.834375 0.267188 0.835938 0.296875 0.737500
5 0.159375 0.603125 0.157812 0.618750 0.171875 0.662500 0.315625 0.665625 0.325000 0.662500 0.345313 0.576562 0.237500 0.562500 0.184375 0.562500 0.171875 0.570312
