4 0.556250 0.067187 0.537500 0.070312 0.459375 0.068750 0.415625 0.093750 0.419250 0.179920 0.421875 0.218750 0.421875 0.270313 0.423438 0.278125 0.429688 0.351562 0.459375 0.389062 0.498437 0.381250 0.526563 0.365625 0.589063 0.339062 0.634375 0.314063 0.656250 0.295312 0.689063 0.281250 0.790625 0.220312 0.801562 0.203125 0.798438 0.157812 0.807813 0.115625 0.800000 0.092188 0.785937 0.076563 0.756250 0.067187 0.604688 0.065625 0.595313 0.065625
5 0.279062 0.403125 0.245312 0.403125 0.206250 0.453125 0.162500 0.529687 0.142187 0.592187 0.134375 0.596875 0.134375 0.721875 0.140625 0.723437 0.153125 0.803125 0.190625 0.868750 0.204687 0.876563 0.206250 0.882812 0.217188 0.882812 0.218750 0.876563 0.226562 0.875000 0.279687 0.825000 0.315625 0.803125 0.415625 0.720313 0.478125 0.682813 0.487500 0.671875 0.485938 0.654687 0.471875 0.623437 0.453125 0.620313 0.373437 0.526563 0.370312 0.510938 0.375000 0.506250 0.392188 0.512500 0.404687 0.509375 0.396875 0.487500 0.378125 0.464062 0.373437 0.478125 0.360938 0.482812 0.328125 0.467187 0.321875 0.445312 0.323437 0.420312 0.303125 0.423438 0.287500 0.409375 0.287500 0.403125
0 0.755616 0.061339 0.598611 0.066117 0.576562 0.065625 0.462500 0.068750 0.437500 0.076563 0.411013 0.103462 0.413955 0.257802 0.417187 0.275000 0.423438 0.345313 0.434375 0.367188 0.448437 0.381250 0.467187 0.389062 0.490625 0.389062 0.515625 0.382812 0.557813 0.362500 0.784375 0.232813 0.801562 0.207813 0.806250 0.190625 0.807813 0.139063 0.807813 0.107813 0.800000 0.087500 0.784375 0.073438 0.765625 0.065625
0 0.751203 0.282017 0.714063 0.292187 0.522498 0.399669 0.514409 0.423922 0.515880 0.523656 0.521875 0.528125 0.539062 0.546875 0.553125 0.554688 0.733922 0.616862 0.765625 0.620313 0.791281 0.615759 0.803125 0.593750 0.807813 0.578125 0.805253 0.437750 0.804688 0.332813 0.798438 0.315625 0.774734 0.290469
0 0.173555 0.328933 0.137500 0.334375 0.127961 0.342530 0.121875 0.351562 0.128697 0.781870 0.128125 0.795312 0.135937 0.831250 0.139063 0.896875 0.145313 0.920312 0.153125 0.931250 0.171875 0.937500 0.268750 0.937500 0.326562 0.934375 0.353125 0.934375 0.382812 0.937500 0.437500 0.934375 0.481903 0.929356 0.496978 0.914289 0.503964 0.891505 0.507812 0.881250 0.501563 0.818750 0.500656 0.758472 0.498437 0.618750 0.496611 0.546583 0.493302 0.468186 0.487052 0.445402 0.473814 0.429233 0.454694 0.418942 0.283863 0.368989 0.209375 0.342187
0 0.596258 0.586094 0.574564 0.582788 0.550000 0.584375 0.533381 0.603366 0.521875 0.621875 0.521875 0.884375 0.529117 0.892930 0.542188 0.917188 0.550000 0.925000 0.568750 0.931250 0.709286 0.928209 0.782813 0.917188 0.803125 0.898438 0.814063 0.871875 0.815625 0.768750 0.812534 0.739089 0.812500 0.704688 0.803125 0.673438 0.790625 0.660937 0.751563 0.640625 0.628125 0.598437 0.612500 0.592187
5 0.455208 0.703125 0.437500 0.703125 0.434375 0.710938 0.292187 0.814063 0.259375 0.845313 0.234375 0.862500 0.221875 0.864062 0.221875 0.878125 0.293750 0.879687 0.373437 0.892188 0.481250 0.898438 0.485938 0.873437 0.485938 0.793750 0.476562 0.737500 0.464062 0.703125
0 0.351562 0.078125 0.140625 0.078125 0.131153 0.082927 0.121875 0.092188 0.121875 0.271875 0.151562 0.287500 0.171650 0.296736 0.275000 0.334375 0.349214 0.355836 0.370242 0.350387 0.392827 0.333263 0.401562 0.306250 0.397498 0.195883 0.394605 0.131911 0.391363 0.107934
7 0.226562 0.134375 0.225000 0.140625 0.192188 0.153125 0.167187 0.178125 0.157812 0.225000 0.154688 0.232813 0.146875 0.275000 0.153125 0.275000 0.182812 0.300000 0.328125 0.348438 0.365625 0.346875 0.384375 0.331250 0.393750 0.307812 0.393750 0.245312 0.382812 0.156250 0.359375 0.142187 0.356250 0.134375 0.278125 0.134375 0.273438 0.142187 0.250000 0.145313 0.229687 0.140625 0.228125 0.134375
2 0.762088 0.297956 0.749586 0.293545 0.717964 0.306775 0.561106 0.390694 0.524336 0.406217 0.517645 0.425823 0.518380 0.508753 0.521875 0.523438 0.539062 0.545312 0.556250 0.554688 0.732812 0.614062 0.764062 0.617188 0.785937 0.607812 0.793341 0.580384 0.792237 0.450667 0.792237 0.389866 0.790767 0.328178 0.781208 0.313758
1 0.588020 0.591939 0.555664 0.588631 0.543750 0.596875 0.531395 0.611048 0.535073 0.858723 0.534375 0.868750 0.554194 0.901156 0.779956 0.893439 0.789517 0.857620 0.789148 0.807250 0.786942 0.773441 0.779687 0.695312 0.771875 0.659375 0.603464 0.598553
5 0.394792 0.415625 0.353125 0.415625 0.353125 0.435937 0.357812 0.435937 0.365625 0.442188 0.384375 0.471875 0.404687 0.493750 0.417187 0.523438 0.437500 0.554688 0.446875 0.564063 0.446875 0.570312 0.446875 0.565625 0.460938 0.556250 0.468750 0.542188 0.475000 0.500000 0.478125 0.495312 0.482812 0.495312 0.482812 0.456250 0.476562 0.454688 0.471875 0.443750 0.464062 0.435937 0.426563 0.425000 0.407813 0.423438 0.403125 0.420312 0.403125 0.415625
