4 0.643437 0.078125 0.610938 0.078125 0.606250 0.087500 0.576562 0.101562 0.520312 0.100000 0.500000 0.110937 0.484375 0.128125 0.478125 0.128125 0.478125 0.359375 0.512500 0.385937 0.545312 0.387500 0.640625 0.335938 0.710938 0.309375 0.804688 0.257812 0.823438 0.231250 0.820312 0.143750 0.806250 0.115625 0.778125 0.106250 0.676562 0.096875 0.653125 0.085938 0.651563 0.078125
0 0.509375 0.078125 0.471875 0.118750 0.471875 0.354687 0.480994 0.366602 0.496875 0.381250 0.525000 0.393750 0.542188 0.393750 0.568750 0.384375 0.684375 0.321875 0.768750 0.282813 0.818750 0.253125 0.832369 0.242189 0.839063 0.232813 0.839063 0.129688 0.809375 0.103125 0.782813 0.092188 0.643750 0.087500 0.629687 0.084375 0.618750 0.085938 0.603125 0.084375
7 0.326389 0.109375 0.262500 0.109375 0.232813 0.145313 0.221875 0.151562 0.221875 0.212500 0.228125 0.214062 0.240625 0.246875 0.279687 0.281250 0.309375 0.293750 0.310937 0.289062 0.328125 0.287500 0.340625 0.301563 0.346875 0.325000 0.370312 0.337500 0.373437 0.345313 0.407813 0.345313 0.407813 0.340625 0.428125 0.328125 0.434375 0.318750 0.429688 0.290625 0.432812 0.245312 0.426563 0.220312 0.442188 0.176563 0.451562 0.171875 0.451562 0.143750 0.420312 0.128125 0.395313 0.129688 0.367188 0.142187 0.340625 0.120313 0.334375 0.109375
0 0.185938 0.071875 0.167187 0.101562 0.162934 0.252600 0.184375 0.276562 0.210938 0.292187 0.282813 0.312500 0.379688 0.350000 0.402391 0.356191 0.425000 0.350000 0.446875 0.334375 0.457813 0.309375 0.457813 0.153125 0.456250 0.131250 0.446875 0.107813 0.423438 0.084375 0.410938 0.078125
0 0.605406 0.577947 0.593434 0.584194 0.575736 0.598770 0.565845 0.616989 0.564283 0.695072 0.565625 0.878125 0.577817 0.900692 0.595313 0.914062 0.745436 0.909022 0.775628 0.908500 0.804688 0.896875 0.821875 0.882812 0.839063 0.850000 0.839063 0.678125 0.821875 0.657813 0.809375 0.646875 0.651563 0.585938 0.627791 0.580030
5 0.271875 0.359375 0.217188 0.359375 0.206250 0.378125 0.196875 0.382812 0.196875 0.468750 0.204687 0.471875 0.214062 0.493750 0.225000 0.490625 0.265625 0.445312 0.300000 0.429688 0.309375 0.429688 0.450000 0.553125 0.495312 0.601562 0.507812 0.539062 0.512500 0.467187 0.509375 0.442188 0.498437 0.434375 0.284375 0.367188 0.279687 0.359375
5 0.453125 0.665625 0.445312 0.665625 0.445312 0.671875 0.421875 0.698438 0.328125 0.793750 0.292187 0.825000 0.271875 0.831250 0.271875 0.845313 0.356250 0.853125 0.382812 0.857812 0.384375 0.864062 0.493750 0.864062 0.501563 0.828125 0.507812 0.826562 0.507812 0.784375 0.501563 0.782813 0.492188 0.760938 0.460938 0.665625
0 0.252344 0.321875 0.213948 0.322355 0.189062 0.331250 0.168661 0.367122 0.178125 0.901563 0.187500 0.923438 0.207813 0.937500 0.321875 0.939063 0.385937 0.937500 0.485938 0.926562 0.531250 0.892188 0.539062 0.850000 0.539062 0.803125 0.535937 0.760938 0.539062 0.629687 0.539062 0.620313 0.537500 0.603125 0.539062 0.578125 0.545312 0.454688 0.540625 0.454688 0.532813 0.440625 0.514062 0.423438 0.412500 0.390625 0.296875 0.345313 0.264062 0.329688
5 0.311328 0.434375 0.284375 0.434375 0.281250 0.442188 0.265625 0.446875 0.218750 0.503125 0.198437 0.550000 0.190625 0.606250 0.184375 0.607812 0.184375 0.659375 0.192188 0.664062 0.221875 0.756250 0.232813 0.815625 0.242188 0.829688 0.264062 0.837500 0.282813 0.837500 0.323437 0.798438 0.395313 0.728125 0.442188 0.671875 0.476562 0.643750 0.493750 0.615625 0.489063 0.598437 0.456250 0.562500 0.337500 0.457813 0.320312 0.440625 0.320312 0.434375
0 0.791250 0.296875 0.753125 0.304688 0.734375 0.315625 0.589063 0.389062 0.564063 0.415625 0.567187 0.517188 0.581250 0.537500 0.651563 0.570312 0.757812 0.614062 0.803125 0.614062 0.818834 0.602414 0.828125 0.582812 0.832812 0.565625 0.834452 0.343177 0.823000 0.318191 0.800000 0.296875
5 0.310937 0.434375 0.282813 0.434375 0.279687 0.442188 0.267188 0.445312 0.254688 0.456250 0.212500 0.512500 0.196875 0.557813 0.190625 0.559375 0.190625 0.682813 0.200000 0.689063 0.221875 0.756250 0.231250 0.803125 0.248438 0.829688 0.264062 0.837500 0.281250 0.835938 0.325000 0.796875 0.392188 0.731250 0.429688 0.684375 0.473438 0.648438 0.493750 0.617188 0.490625 0.600000 0.453125 0.557813 0.348438 0.467187 0.320312 0.434375
3 0.568750 0.440625 0.567187 0.509375 0.582812 0.534375 0.751563 0.600000 0.775000 0.600000 0.789062 0.592187 0.801562 0.518750 0.804688 0.385937 0.804688 0.350000 0.789062 0.329688 0.757812 0.323437 0.657813 0.364063 0.637500 0.381250 0.585938 0.403125 0.571875 0.421875
1 0.570312 0.615625 0.567187 0.807813 0.570312 0.860938 0.576562 0.878125 0.593750 0.892188 0.615625 0.895312 0.757812 0.885938 0.795312 0.875000 0.809375 0.860938 0.817187 0.840625 0.814063 0.767188 0.818750 0.710938 0.815625 0.675000 0.806250 0.659375 0.615625 0.584375 0.587500 0.593750
