4 0.619062 0.109375 0.451562 0.121875 0.437500 0.126562 0.414062 0.145313 0.409375 0.157812 0.412500 0.260937 0.425000 0.289062 0.425000 0.331250 0.431250 0.353125 0.451562 0.373437 0.495312 0.373437 0.521875 0.354687 0.564063 0.335938 0.596875 0.312500 0.637500 0.295312 0.645312 0.279687 0.664062 0.281250 0.721875 0.248438 0.735938 0.234375 0.742188 0.220312 0.742188 0.146875 0.728125 0.121875 0.709375 0.109375 0.628125 0.109375
7 0.219687 0.137500 0.185938 0.137500 0.162500 0.153125 0.162500 0.184375 0.193750 0.223438 0.189062 0.270313 0.195312 0.293750 0.203125 0.303125 0.220312 0.310937 0.254688 0.317188 0.264062 0.323437 0.301563 0.326562 0.307812 0.335938 0.320312 0.342187 0.334375 0.342187 0.339062 0.346875 0.371875 0.342187 0.390625 0.318750 0.390625 0.298438 0.382812 0.270313 0.384375 0.215625 0.376563 0.201563 0.314063 0.157812 0.300000 0.157812 0.276562 0.167187 0.257812 0.150000 0.228125 0.137500
0 0.706102 0.107813 0.451562 0.110937 0.426563 0.120313 0.414062 0.134375 0.407813 0.151562 0.406250 0.215625 0.415625 0.329688 0.420312 0.348438 0.431250 0.365625 0.454688 0.379688 0.495312 0.378125 0.624787 0.302483 0.659375 0.281250 0.698438 0.265625 0.735938 0.242188 0.746875 0.231250 0.746875 0.148438 0.732812 0.120313 0.714063 0.107813
0 0.356114 0.117188 0.181250 0.117188 0.157812 0.126562 0.134375 0.156250 0.134375 0.267188 0.139063 0.276562 0.151562 0.290625 0.176563 0.303125 0.232813 0.317188 0.301563 0.342187 0.331250 0.348438 0.365625 0.348438 0.376563 0.342187 0.392188 0.326562 0.400000 0.309375 0.395313 0.171875 0.390625 0.143750 0.364063 0.117188
0 0.201875 0.328125 0.165625 0.328125 0.146875 0.345313 0.131250 0.371875 0.131250 0.910937 0.146875 0.926562 0.185938 0.939063 0.437500 0.926562 0.487500 0.900000 0.503125 0.876563 0.503125 0.745313 0.484375 0.428125 0.454688 0.400000 0.251563 0.343750 0.210938 0.328125
0 0.578750 0.551562 0.543750 0.551562 0.526563 0.567187 0.515625 0.585938 0.518750 0.757812 0.526563 0.853125 0.532813 0.878125 0.546875 0.896875 0.568750 0.907813 0.764062 0.898438 0.782813 0.890625 0.793750 0.881250 0.812500 0.850000 0.812500 0.782813 0.803125 0.679688 0.792188 0.640625 0.764062 0.612500 0.604688 0.560937 0.587500 0.551562
0 0.708719 0.280794 0.687500 0.284375 0.664062 0.300000 0.641670 0.314050 0.592187 0.342187 0.531250 0.370312 0.514062 0.384375 0.507812 0.393750 0.507812 0.489063 0.521875 0.510938 0.559375 0.529687 0.717187 0.579688 0.748437 0.581250 0.771875 0.565625 0.778125 0.553125 0.778125 0.500000 0.760938 0.329688 0.751563 0.303125 0.734375 0.284375
5 0.342187 0.434375 0.290625 0.473438 0.225000 0.539062 0.206250 0.570312 0.203125 0.592187 0.206250 0.670312 0.257812 0.778125 0.292187 0.815625 0.298438 0.815625 0.328125 0.793750 0.400000 0.728125 0.418750 0.701562 0.473438 0.651563 0.473438 0.634375 0.442188 0.570312 0.410938 0.515625 0.350000 0.434375
5 0.230469 0.373437 0.214062 0.376563 0.204687 0.390625 0.189062 0.401562 0.176563 0.440625 0.176563 0.489063 0.187500 0.528125 0.203125 0.559375 0.209375 0.559375 0.223438 0.537500 0.293750 0.467187 0.348438 0.429688 0.357812 0.434375 0.357812 0.457813 0.373437 0.468750 0.410938 0.517188 0.421875 0.517188 0.429688 0.470313 0.440625 0.445312 0.437500 0.439063 0.259375 0.375000 0.240625 0.373437
2 0.716875 0.295312 0.684375 0.295312 0.650000 0.323437 0.614062 0.337500 0.518750 0.389062 0.512500 0.396875 0.512500 0.485938 0.531250 0.510938 0.581250 0.535937 0.639062 0.548438 0.710938 0.573438 0.742188 0.573438 0.760938 0.559375 0.768750 0.542188 0.768750 0.495312 0.754687 0.356250 0.748437 0.321875 0.725000 0.295312
5 0.184375 0.660937 0.184375 0.739062 0.193750 0.842187 0.209375 0.867188 0.306250 0.867188 0.328125 0.860938 0.351562 0.860938 0.364063 0.854688 0.396875 0.854688 0.457813 0.845313 0.454688 0.773438 0.442188 0.732812 0.426563 0.709375 0.415625 0.712500 0.320312 0.798438 0.289062 0.806250 0.250000 0.765625 0.229687 0.714063 0.196875 0.660937
1 0.575937 0.560937 0.542188 0.560937 0.520312 0.584375 0.520312 0.668750 0.525000 0.690625 0.531250 0.839063 0.540625 0.871875 0.564063 0.890625 0.584375 0.893750 0.684375 0.885938 0.773438 0.871875 0.785937 0.862500 0.796875 0.842187 0.796875 0.792188 0.787500 0.734375 0.785937 0.673438 0.778125 0.639062 0.751563 0.618750 0.626563 0.579688 0.584375 0.560937
7 0.262327 0.001563 0.126562 0.001563 0.126562 0.046875 0.154688 0.046875 0.162500 0.042188 0.171875 0.042188 0.179688 0.035937 0.190625 0.034375 0.201563 0.035937 0.212500 0.042188 0.234375 0.042188 0.245312 0.035937 0.251563 0.035937 0.260937 0.026562 0.267188 0.017188 0.270313 0.001563
