0 0.067559 0.404945 0.052073 0.409783 0.036105 0.424775 0.021875 0.434375 0.021875 0.593750 0.043750 0.609375 0.073438 0.620313 0.260937 0.618750 0.276562 0.610938 0.293750 0.593750 0.303125 0.578125 0.316292 0.536498 0.317259 0.497806 0.314063 0.453125 0.304688 0.431250 0.295312 0.421875 0.277578 0.414134 0.259189 0.407364
3 0.220578 0.425550 0.096078 0.424800 0.062328 0.435294 0.049578 0.460030 0.039078 0.582458 0.076203 0.607944 0.264077 0.606445 0.284375 0.596875 0.295312 0.582812 0.309375 0.543750 0.314063 0.509375 0.314063 0.468750 0.306250 0.440625 0.281702 0.437169 0.258452 0.431920
0 0.659305 0.596875 0.335747 0.598413 0.320312 0.603125 0.303125 0.615625 0.289062 0.637500 0.271875 0.692187 0.262192 0.778072 0.269452 0.846389 0.301873 0.875408 0.682231 0.873958 0.703125 0.859375 0.721875 0.834375 0.731250 0.792188 0.732812 0.740625 0.714063 0.653125 0.698008 0.618358 0.674297 0.602398
4 0.648400 0.596875 0.326562 0.596875 0.296875 0.631250 0.279687 0.668750 0.271875 0.671875 0.271875 0.695312 0.278125 0.696875 0.278125 0.707812 0.271875 0.709375 0.271875 0.773438 0.293750 0.782813 0.306250 0.803125 0.306250 0.814063 0.284375 0.831250 0.287500 0.845313 0.306250 0.859375 0.353125 0.867188 0.360938 0.876563 0.595313 0.876563 0.601562 0.868750 0.676562 0.857812 0.690625 0.851562 0.712500 0.825000 0.718750 0.782813 0.726562 0.762500 0.732812 0.760938 0.732812 0.739062 0.726562 0.737500 0.696875 0.631250 0.681250 0.612500 0.657813 0.603125 0.656250 0.596875
0 0.910677 0.421875 0.726852 0.424775 0.696875 0.451562 0.692494 0.524891 0.703125 0.575000 0.710938 0.595313 0.726562 0.614062 0.742188 0.623437 0.760938 0.626563 0.912500 0.626563 0.945581 0.619330 0.960938 0.584375 0.964063 0.515625 0.964063 0.473438 0.954688 0.451562 0.937500 0.435937 0.920312 0.428125
6 0.235937 0.140625 0.126562 0.140625 0.121875 0.150000 0.101562 0.162500 0.040625 0.176563 0.040625 0.275000 0.064062 0.295312 0.060937 0.310937 0.040625 0.325000 0.040625 0.334375 0.071875 0.354687 0.101562 0.382812 0.121875 0.387500 0.184375 0.389062 0.185938 0.395313 0.254688 0.395313 0.257812 0.387500 0.271875 0.382812 0.290625 0.364063 0.296875 0.346875 0.306250 0.270313 0.320312 0.225000 0.326562 0.220312 0.314063 0.210938 0.312500 0.187500 0.304688 0.178125 0.278125 0.171875 0.246875 0.148438 0.243750 0.140625
0 0.615469 0.146875 0.384375 0.146875 0.359375 0.184375 0.339062 0.220312 0.323437 0.273438 0.315625 0.278125 0.315625 0.428125 0.323437 0.432812 0.329688 0.539062 0.339062 0.560937 0.354687 0.576562 0.387500 0.585938 0.628125 0.587500 0.656250 0.576562 0.671875 0.557813 0.678125 0.542188 0.684375 0.437500 0.693750 0.401562 0.701562 0.396875 0.701562 0.312500 0.693750 0.306250 0.678125 0.231250 0.651563 0.182812 0.623437 0.146875
8 0.868403 0.653125 0.803125 0.653125 0.801562 0.659375 0.789062 0.665625 0.764062 0.692187 0.759375 0.692187 0.759375 0.754687 0.765625 0.756250 0.779687 0.781250 0.796875 0.798438 0.807813 0.806250 0.832812 0.814063 0.834375 0.820312 0.862500 0.820312 0.864062 0.814063 0.893750 0.801562 0.917188 0.776563 0.926562 0.743750 0.932813 0.742188 0.932813 0.726562 0.926562 0.725000 0.918750 0.700000 0.876563 0.657813 0.876563 0.653125
0 0.220109 0.634375 0.043750 0.634375 0.017188 0.671875 0.010456 0.704970 0.011425 0.796864 0.017188 0.814063 0.048438 0.854688 0.075000 0.868750 0.078125 0.876563 0.217188 0.876563 0.226187 0.868928 0.239063 0.850000 0.245312 0.832812 0.257812 0.682813 0.246875 0.657813 0.228125 0.634375
0 0.884172 0.159375 0.707812 0.159375 0.707812 0.165625 0.690625 0.178125 0.690625 0.250000 0.696875 0.251563 0.706250 0.285938 0.712500 0.364063 0.723437 0.387500 0.740625 0.403125 0.764062 0.407813 0.765625 0.414062 0.921875 0.414062 0.923438 0.407813 0.940625 0.401562 0.959375 0.381250 0.964063 0.370312 0.965625 0.334375 0.959375 0.235937 0.932813 0.190625 0.895312 0.167187 0.892188 0.159375
5 0.408125 0.184375 0.371875 0.184375 0.350000 0.264062 0.342187 0.389062 0.340625 0.396875 0.334375 0.398438 0.334375 0.510938 0.343750 0.512500 0.346875 0.520312 0.354687 0.520312 0.356250 0.514062 0.373437 0.514062 0.375000 0.520312 0.385937 0.520312 0.385937 0.515625 0.403125 0.503125 0.514062 0.304688 0.526563 0.265625 0.532813 0.264062 0.532813 0.207813 0.459375 0.204687 0.420312 0.192188 0.417187 0.184375
0 0.282077 0.131575 0.105828 0.129327 0.085938 0.139063 0.065625 0.151562 0.046875 0.171875 0.034375 0.200000 0.028953 0.207767 0.024078 0.331823 0.027078 0.358447 0.056250 0.387500 0.078125 0.393750 0.253125 0.393750 0.278125 0.382812 0.296875 0.357812 0.310937 0.267188 0.325000 0.218750 0.334952 0.195666 0.328125 0.167187 0.316577 0.148067 0.292187 0.135937
5 0.632812 0.234375 0.621875 0.234375 0.618750 0.248438 0.603125 0.273438 0.570312 0.298438 0.556250 0.317188 0.471875 0.498437 0.465625 0.510938 0.459375 0.512500 0.459375 0.531250 0.565625 0.529687 0.617188 0.523438 0.645312 0.514062 0.650000 0.501563 0.645312 0.476562 0.612500 0.395313 0.618750 0.371875 0.646875 0.331250 0.664062 0.295312 0.670312 0.293750 0.670312 0.275000 0.664062 0.275000 0.651563 0.262500 0.643750 0.234375
1 0.696875 0.185938 0.695312 0.239063 0.700000 0.248438 0.710938 0.300000 0.714063 0.362500 0.725000 0.382812 0.740625 0.396875 0.768750 0.404687 0.889062 0.406250 0.917188 0.398438 0.934375 0.379688 0.942187 0.359375 0.954688 0.348438 0.964063 0.346875 0.964063 0.329688 0.957812 0.329688 0.950000 0.317188 0.935937 0.246875 0.926562 0.226562 0.895312 0.190625 0.878125 0.181250 0.843750 0.173437 0.771875 0.171875 0.764062 0.173437 0.743750 0.171875
2 0.903966 0.433481 0.715722 0.434933 0.701688 0.457664 0.693945 0.488617 0.694913 0.533112 0.703125 0.568750 0.717187 0.600000 0.733142 0.612431 0.747177 0.617269 0.875898 0.616302 0.910256 0.617269 0.933967 0.602275 0.938806 0.581961 0.940625 0.453125 0.921870 0.442670
7 0.212500 0.634375 0.064062 0.634375 0.062500 0.648438 0.053125 0.653125 0.053125 0.776563 0.079687 0.796875 0.079687 0.820312 0.084375 0.825000 0.114062 0.845313 0.150000 0.850000 0.157812 0.864062 0.196875 0.864062 0.196875 0.859375 0.226562 0.834375 0.223438 0.825000 0.207813 0.821875 0.195312 0.807813 0.185938 0.804688 0.179688 0.790625 0.185938 0.781250 0.196875 0.776563 0.231250 0.775000 0.245312 0.760938 0.250000 0.704688 0.257812 0.698438 0.257812 0.671875 0.251563 0.671875 0.220312 0.634375
0 0.923203 0.640625 0.810569 0.642469 0.773792 0.645370 0.748628 0.669069 0.741853 0.695702 0.750080 0.757609 0.744273 0.825805 0.746208 0.841281 0.761209 0.863528 0.790625 0.870313 0.868750 0.870313 0.884375 0.867188 0.921386 0.854791 0.944614 0.831575 0.964063 0.790625 0.963486 0.675841 0.951389 0.659880 0.931250 0.640625
