2 0.920133 0.421875 0.720313 0.421875 0.712500 0.439063 0.703125 0.443750 0.703125 0.553125 0.710938 0.556250 0.726562 0.590625 0.740625 0.603125 0.754687 0.607812 0.756250 0.614062 0.785937 0.614062 0.787500 0.607812 0.804688 0.606250 0.906250 0.604688 0.928125 0.596875 0.943750 0.573438 0.951562 0.570312 0.951562 0.507812 0.945312 0.506250 0.942187 0.454688 0.928125 0.421875
6 0.182812 0.128125 0.167187 0.128125 0.167187 0.134375 0.146875 0.150000 0.112500 0.167187 0.095312 0.184375 0.040625 0.212500 0.040625 0.275000 0.046875 0.275000 0.057813 0.287500 0.075000 0.325000 0.071875 0.373437 0.085938 0.389062 0.109375 0.395313 0.110937 0.401562 0.265625 0.401562 0.267188 0.395313 0.282813 0.390625 0.296875 0.378125 0.304688 0.360938 0.315625 0.270313 0.306250 0.229687 0.306250 0.196875 0.287500 0.181250 0.259375 0.178125 0.237500 0.157812 0.209375 0.151562 0.190625 0.128125
0 0.684222 0.590625 0.365625 0.590625 0.364063 0.596875 0.339062 0.604688 0.315625 0.628125 0.298438 0.689063 0.290625 0.693750 0.290625 0.837500 0.295312 0.837500 0.329688 0.876563 0.562500 0.876563 0.564063 0.870313 0.573438 0.868750 0.600000 0.868750 0.640625 0.859375 0.689063 0.857812 0.714063 0.851562 0.737500 0.815625 0.745313 0.812500 0.745313 0.696875 0.737500 0.693750 0.715625 0.620313 0.692187 0.596875 0.692187 0.590625
4 0.678050 0.596875 0.354687 0.596875 0.354687 0.601562 0.339062 0.610938 0.321875 0.632812 0.304688 0.696875 0.296875 0.701562 0.296875 0.773438 0.312500 0.775000 0.326562 0.803125 0.337500 0.814063 0.335938 0.828125 0.323437 0.840625 0.325000 0.850000 0.345313 0.862500 0.385937 0.865625 0.534375 0.860938 0.587500 0.865625 0.615625 0.860938 0.642188 0.850000 0.695312 0.842187 0.720313 0.818750 0.732812 0.787500 0.739062 0.785937 0.739062 0.710938 0.731250 0.706250 0.714063 0.646875 0.685937 0.596875
3 0.292077 0.428125 0.078125 0.428125 0.065625 0.456250 0.059375 0.457813 0.059375 0.560937 0.064062 0.560937 0.071875 0.573438 0.078125 0.603125 0.098437 0.612500 0.101562 0.620313 0.185938 0.620313 0.190625 0.612500 0.256250 0.614062 0.276562 0.610938 0.293750 0.601562 0.312500 0.579688 0.326562 0.546875 0.332813 0.545312 0.332813 0.468750 0.326562 0.467187 0.320312 0.451562 0.300000 0.428125
0 0.931172 0.621875 0.781250 0.621875 0.759375 0.648438 0.753125 0.648438 0.753125 0.812500 0.759375 0.814063 0.765625 0.828125 0.785937 0.843750 0.789062 0.851562 0.882812 0.851562 0.884375 0.845313 0.920312 0.829688 0.953125 0.795312 0.970313 0.728125 0.964063 0.726562 0.962500 0.659375 0.957812 0.646875 0.939063 0.628125 0.939063 0.621875
6 0.824895 0.159375 0.714063 0.159375 0.714063 0.165625 0.690625 0.184375 0.690625 0.235937 0.698438 0.239063 0.710938 0.287500 0.720313 0.360938 0.740625 0.389062 0.759375 0.395313 0.779687 0.395313 0.781250 0.401562 0.907813 0.401562 0.923438 0.357812 0.925000 0.265625 0.895312 0.220312 0.878125 0.179688 0.834375 0.165625 0.832812 0.159375
5 0.397656 0.196875 0.387500 0.196875 0.368750 0.281250 0.359375 0.350000 0.353125 0.351562 0.353125 0.525000 0.359375 0.525000 0.362500 0.532813 0.393750 0.532813 0.395313 0.523438 0.409375 0.504687 0.470313 0.346875 0.492188 0.242188 0.489063 0.226562 0.428125 0.210938 0.409375 0.203125 0.407813 0.196875
0 0.868750 0.153125 0.712500 0.153125 0.712500 0.159375 0.690625 0.175000 0.690625 0.242188 0.698438 0.245312 0.709375 0.289062 0.717187 0.360938 0.725000 0.378125 0.740625 0.393750 0.760938 0.400000 0.810937 0.401562 0.812500 0.407813 0.910937 0.407813 0.914062 0.400000 0.945312 0.375000 0.951562 0.375000 0.951562 0.225000 0.940625 0.218750 0.932813 0.201563 0.910937 0.178125 0.881250 0.162500 0.876563 0.153125
0 0.924880 0.415625 0.726562 0.415625 0.710938 0.437500 0.703125 0.440625 0.703125 0.560937 0.709375 0.562500 0.725000 0.592187 0.739062 0.604688 0.760938 0.612500 0.893750 0.610938 0.921875 0.606250 0.937500 0.598437 0.957812 0.571875 0.962500 0.501563 0.956250 0.446875 0.932813 0.421875 0.932813 0.415625
5 0.634114 0.190625 0.593750 0.190625 0.581250 0.204687 0.554688 0.253125 0.523438 0.287500 0.454688 0.503125 0.446875 0.507812 0.446875 0.540625 0.462500 0.542188 0.478125 0.553125 0.589063 0.553125 0.645312 0.542188 0.664062 0.523438 0.667188 0.506250 0.657813 0.342187 0.667188 0.287500 0.670312 0.278125 0.676562 0.276562 0.676562 0.268750 0.670312 0.267188 0.654687 0.242188 0.642188 0.190625
8 0.221875 0.640625 0.159375 0.640625 0.159375 0.645312 0.118750 0.685937 0.103125 0.726562 0.096875 0.728125 0.096875 0.779687 0.121875 0.795312 0.120313 0.820312 0.126562 0.832812 0.176563 0.832812 0.179688 0.825000 0.207813 0.810937 0.226562 0.778125 0.253125 0.773438 0.256250 0.743750 0.271875 0.726562 0.276562 0.726562 0.276562 0.678125 0.271875 0.678125 0.260937 0.665625 0.232813 0.648438 0.229687 0.640625
0 0.207813 0.135937 0.190625 0.148438 0.162500 0.139063 0.120313 0.139063 0.106250 0.143750 0.065625 0.168750 0.042188 0.206250 0.034375 0.209375 0.034375 0.368750 0.070312 0.398438 0.093750 0.406250 0.259375 0.406250 0.282813 0.398438 0.304688 0.376563 0.323437 0.254688 0.331250 0.228125 0.339062 0.225000 0.339062 0.176563 0.296875 0.145313 0.270313 0.139063 0.214062 0.135937
7 0.885714 0.628125 0.781250 0.628125 0.781250 0.632812 0.759375 0.654687 0.753125 0.654687 0.753125 0.732812 0.759375 0.734375 0.764062 0.776563 0.771875 0.779687 0.800000 0.812500 0.826562 0.825000 0.859375 0.826562 0.923438 0.818750 0.948438 0.798438 0.956250 0.782813 0.957812 0.767188 0.964063 0.765625 0.964063 0.754687 0.957812 0.753125 0.950000 0.729688 0.907813 0.681250 0.893750 0.628125
0 0.287277 0.415625 0.070312 0.415625 0.070312 0.421875 0.053125 0.434375 0.035937 0.460938 0.028125 0.464062 0.028125 0.587500 0.032813 0.587500 0.056250 0.614062 0.085938 0.626563 0.087500 0.632812 0.250000 0.632812 0.251563 0.626563 0.292187 0.615625 0.312500 0.592187 0.332813 0.540625 0.339062 0.539062 0.339062 0.481250 0.332813 0.479687 0.323437 0.448437 0.295312 0.415625
0 0.621875 0.153125 0.387500 0.153125 0.365625 0.185938 0.335938 0.260937 0.328125 0.265625 0.328125 0.432812 0.335938 0.437500 0.340625 0.462500 0.345313 0.542188 0.353125 0.559375 0.368750 0.576562 0.387500 0.584375 0.614062 0.582812 0.651563 0.575000 0.667188 0.565625 0.678125 0.551562 0.684375 0.537500 0.687500 0.450000 0.698438 0.404687 0.701562 0.365625 0.707812 0.362500 0.701562 0.360938 0.696875 0.306250 0.684375 0.257812 0.660937 0.203125 0.629687 0.159375 0.629687 0.153125
0 0.245312 0.640625 0.073438 0.640625 0.067187 0.651563 0.040625 0.671875 0.040625 0.825000 0.090625 0.865625 0.096875 0.876563 0.242188 0.876563 0.273438 0.840625 0.282813 0.803125 0.275000 0.770312 0.282813 0.692187 0.279687 0.676562 0.253125 0.640625
