4 0.501953 0.128125 0.475000 0.128125 0.473438 0.139063 0.465625 0.146875 0.445312 0.156250 0.415625 0.151562 0.384375 0.153125 0.304688 0.170313 0.290625 0.181250 0.282813 0.195312 0.278125 0.195312 0.278125 0.337500 0.284375 0.339062 0.307812 0.389062 0.335938 0.406250 0.339062 0.414062 0.423438 0.414062 0.425000 0.407813 0.468750 0.407813 0.470313 0.414062 0.473438 0.407813 0.481250 0.407813 0.482812 0.414062 0.498437 0.414062 0.500000 0.407813 0.642188 0.404687 0.657813 0.398438 0.689063 0.364063 0.703125 0.335938 0.714063 0.289062 0.720313 0.287500 0.720313 0.220312 0.714063 0.218750 0.703125 0.178125 0.684375 0.164062 0.625000 0.150000 0.565625 0.151562 0.539062 0.146875 0.514062 0.135937 0.510938 0.128125
6 0.901339 0.603125 0.740625 0.603125 0.737500 0.610938 0.720313 0.621875 0.707812 0.643750 0.701562 0.720313 0.692187 0.760938 0.684375 0.765625 0.684375 0.789062 0.693750 0.792188 0.706250 0.820312 0.728125 0.825000 0.759375 0.818750 0.792188 0.848437 0.820312 0.854688 0.834375 0.865625 0.851562 0.870313 0.853125 0.876563 0.868750 0.876563 0.868750 0.870313 0.882812 0.857812 0.923438 0.868750 0.926562 0.876563 0.932813 0.876563 0.954688 0.840625 0.964063 0.809375 0.998437 0.785937 0.998437 0.767188 0.971875 0.742188 0.957812 0.662500 0.945312 0.648438 0.934375 0.625000 0.910937 0.609375 0.909375 0.603125
0 0.428125 0.146875 0.310937 0.153125 0.284375 0.175000 0.273438 0.196875 0.265633 0.243452 0.263508 0.280641 0.273438 0.325000 0.290625 0.378125 0.315625 0.407813 0.368750 0.418750 0.620313 0.414062 0.668750 0.403125 0.695312 0.375000 0.720313 0.296875 0.720313 0.217188 0.714063 0.178125 0.704688 0.160938 0.695312 0.151562 0.665625 0.139063 0.525000 0.140625
7 0.860591 0.165625 0.795312 0.165625 0.792188 0.173437 0.751563 0.207813 0.742188 0.226562 0.734375 0.229687 0.734375 0.337500 0.739062 0.337500 0.757812 0.354687 0.762500 0.364063 0.831250 0.364063 0.832812 0.357812 0.871875 0.343750 0.890625 0.329688 0.926562 0.328125 0.926562 0.270313 0.918750 0.267188 0.906250 0.196875 0.896875 0.187500 0.878125 0.185938 0.868750 0.165625
0 0.914839 0.379988 0.742708 0.382644 0.726562 0.390625 0.701562 0.412500 0.684375 0.437500 0.681081 0.517584 0.690625 0.557813 0.714063 0.582812 0.732812 0.589063 0.918750 0.589063 0.943750 0.581250 0.965625 0.560937 0.976562 0.535937 0.973437 0.435937 0.962500 0.407813 0.946875 0.390625 0.933964 0.382644
0 0.223438 0.159375 0.156723 0.157387 0.106250 0.165625 0.087500 0.176563 0.060937 0.204687 0.050000 0.223438 0.041439 0.297109 0.046875 0.351562 0.065625 0.373437 0.085938 0.382812 0.182812 0.382812 0.223438 0.378125 0.240625 0.367188 0.257812 0.343750 0.260852 0.332705 0.257812 0.303125 0.253125 0.273438 0.251563 0.200000 0.248102 0.178106
0 0.935817 0.603125 0.785209 0.604181 0.737500 0.607812 0.715625 0.626563 0.706250 0.650000 0.696875 0.737500 0.690625 0.757812 0.680019 0.803406 0.684375 0.839063 0.694364 0.852812 0.706250 0.860938 0.723437 0.868750 0.760938 0.871875 0.800000 0.867188 0.898438 0.867188 0.934375 0.871875 0.940625 0.865625 0.981250 0.798438 0.989062 0.765625 0.979688 0.746875 0.978125 0.678125 0.970313 0.639062 0.958402 0.616931
0 0.764062 0.134375 0.743750 0.157812 0.735938 0.175000 0.734375 0.198437 0.728125 0.337500 0.760938 0.362500 0.805930 0.367769 0.918750 0.364063 0.943750 0.351562 0.962500 0.328125 0.962500 0.209375 0.939063 0.167187 0.904687 0.142187 0.880837 0.133480
5 0.465144 0.440625 0.365625 0.440625 0.353125 0.482812 0.348438 0.593750 0.346875 0.603125 0.340625 0.604688 0.340625 0.706250 0.346875 0.707812 0.346875 0.717187 0.340625 0.718750 0.340625 0.776563 0.362500 0.776563 0.385937 0.721875 0.404687 0.703125 0.442188 0.678125 0.581250 0.459375 0.579688 0.454688 0.496875 0.451562 0.475000 0.446875 0.473438 0.440625
0 0.628486 0.423020 0.367188 0.428125 0.342187 0.439063 0.326562 0.457813 0.321875 0.471875 0.318750 0.564063 0.315625 0.575000 0.304947 0.642964 0.307603 0.687058 0.325134 0.769405 0.353125 0.829688 0.379688 0.857812 0.403125 0.865625 0.445312 0.868750 0.590625 0.867188 0.621875 0.857812 0.645312 0.831250 0.682813 0.723437 0.689063 0.634375 0.670312 0.537500 0.667188 0.468750 0.658238 0.450114
5 0.628125 0.478125 0.606250 0.517188 0.484375 0.685937 0.471875 0.709375 0.467187 0.742188 0.459375 0.746875 0.459375 0.770312 0.501563 0.773438 0.512500 0.781250 0.584375 0.781250 0.596875 0.798438 0.593750 0.820312 0.607812 0.820312 0.604688 0.801562 0.614062 0.789062 0.642188 0.778125 0.657813 0.671875 0.664062 0.670312 0.664062 0.576562 0.656250 0.573438 0.637500 0.523438 0.637500 0.478125
0 0.083409 0.606837 0.064814 0.615869 0.043033 0.641370 0.040625 0.800000 0.048438 0.803125 0.062500 0.828125 0.075000 0.834375 0.090625 0.851562 0.139063 0.867188 0.207813 0.867188 0.290625 0.850000 0.320312 0.826562 0.320312 0.798438 0.314063 0.796875 0.295312 0.723437 0.287500 0.646875 0.278125 0.628125 0.256250 0.610938
0 0.081250 0.398438 0.064062 0.407813 0.040625 0.432812 0.037189 0.475616 0.035595 0.522366 0.040625 0.562500 0.070312 0.590625 0.100000 0.598437 0.248633 0.595150 0.278125 0.589063 0.301563 0.557813 0.307812 0.514062 0.307812 0.490625 0.301563 0.451562 0.289062 0.420312 0.262500 0.395313 0.229506 0.394863
8 0.205469 0.171875 0.145313 0.171875 0.128125 0.232813 0.100000 0.273438 0.084375 0.284375 0.084375 0.351562 0.092188 0.354687 0.104688 0.382812 0.210938 0.382812 0.212500 0.376563 0.235937 0.365625 0.251563 0.343750 0.257812 0.342187 0.257812 0.306250 0.251563 0.304688 0.243750 0.260937 0.232813 0.240625 0.240625 0.214062 0.214062 0.171875
3 0.270945 0.406019 0.099878 0.413989 0.085003 0.426739 0.077033 0.472959 0.078125 0.567187 0.102534 0.586119 0.245975 0.586650 0.265625 0.582812 0.278125 0.578125 0.293750 0.562500 0.301563 0.545312 0.307603 0.528211 0.307603 0.502709 0.300000 0.465625 0.292187 0.431250 0.284227 0.419302
6 0.256680 0.614262 0.095628 0.613744 0.075000 0.670312 0.066623 0.686834 0.050859 0.704086 0.042533 0.720742 0.046875 0.735938 0.060937 0.743750 0.081250 0.771875 0.100000 0.778125 0.121875 0.793750 0.121875 0.809375 0.109375 0.831250 0.115625 0.840625 0.162500 0.848437 0.228125 0.843750 0.239063 0.848437 0.243750 0.857812 0.295312 0.857812 0.307812 0.839063 0.301563 0.828125 0.262500 0.817187 0.234375 0.815625 0.220312 0.803125 0.228125 0.782813 0.292187 0.781250 0.306250 0.771875 0.293750 0.718750 0.287500 0.646875 0.270659 0.621698
2 0.685937 0.470313 0.687500 0.543750 0.693750 0.559375 0.718750 0.578125 0.909375 0.579688 0.928125 0.575000 0.948438 0.550000 0.945312 0.498437 0.950000 0.454688 0.931250 0.400000 0.918750 0.390625 0.815625 0.396875 0.743750 0.392188 0.725000 0.396875 0.703125 0.415625
