6 0.064062 0.284375 0.073438 0.309375 0.056250 0.335938 0.056250 0.353125 0.095312 0.414062 0.110937 0.420312 0.268750 0.418750 0.287500 0.409375 0.303125 0.384375 0.312500 0.293750 0.329688 0.232813 0.307812 0.201563 0.293750 0.201563 0.285938 0.192188 0.275000 0.203125 0.264062 0.203125 0.214062 0.170313 0.190625 0.168750 0.182812 0.181250 0.137500 0.189062 0.109375 0.187500 0.103125 0.220312 0.084375 0.232813 0.085938 0.240625 0.076563 0.246875
2 0.071614 0.466153 0.071614 0.597403 0.091927 0.619278 0.107552 0.625528 0.282552 0.620841 0.310677 0.598966 0.326302 0.550528 0.327864 0.500528 0.321614 0.467716 0.302864 0.447403 0.285677 0.441153 0.104427 0.441153 0.085677 0.447403
1 0.668750 0.220312 0.667188 0.240625 0.684375 0.290625 0.695312 0.381250 0.712500 0.407813 0.728125 0.415625 0.882812 0.414062 0.906250 0.400000 0.918750 0.370312 0.915625 0.334375 0.910937 0.331250 0.920312 0.292187 0.917188 0.260937 0.904687 0.234375 0.875000 0.203125 0.857812 0.193750 0.825000 0.189062 0.700000 0.187500 0.676562 0.203125
2 0.678386 0.483555 0.679948 0.555430 0.701823 0.605430 0.726823 0.614805 0.775261 0.614805 0.867448 0.611680 0.898698 0.600742 0.908073 0.575742 0.912761 0.496055 0.906511 0.461680 0.890886 0.442930 0.847136 0.436680 0.712761 0.439805 0.684636 0.461680
4 0.296875 0.718750 0.300000 0.767188 0.304688 0.773438 0.318750 0.773438 0.328125 0.803125 0.342187 0.814063 0.337500 0.834375 0.320312 0.840625 0.343750 0.854688 0.370312 0.853125 0.382812 0.859375 0.498437 0.848437 0.520312 0.853125 0.604688 0.851562 0.615625 0.840625 0.675000 0.837500 0.698438 0.809375 0.710938 0.764062 0.701562 0.670312 0.684375 0.626563 0.660937 0.603125 0.420312 0.604688 0.342187 0.612500 0.320312 0.629687 0.306250 0.665625
8 0.726562 0.673438 0.734375 0.751563 0.750000 0.784375 0.792188 0.795312 0.818750 0.793750 0.854688 0.778125 0.881250 0.754687 0.889062 0.682813 0.873437 0.650000 0.853125 0.635938 0.789062 0.632812 0.756250 0.639062 0.743750 0.645312
7 0.095312 0.728125 0.093750 0.759375 0.107813 0.778125 0.125000 0.771875 0.156250 0.775000 0.167187 0.789062 0.184375 0.773438 0.209375 0.775000 0.218750 0.781250 0.235937 0.775000 0.254688 0.779687 0.275000 0.771875 0.279687 0.687500 0.267188 0.662500 0.242188 0.648438 0.215625 0.648438 0.176563 0.660937 0.153125 0.651563 0.120313 0.651563 0.107813 0.667188 0.106250 0.701562
7 0.196875 0.825000 0.195312 0.831250 0.209375 0.845313 0.223438 0.850000 0.245312 0.848437 0.259375 0.834375 0.248438 0.820312
5 0.359375 0.243750 0.351562 0.354687 0.351562 0.487500 0.354687 0.525000 0.367188 0.529687 0.425000 0.515625 0.504687 0.328125 0.507812 0.262500 0.517188 0.232813 0.429688 0.229687 0.373437 0.218750 0.364063 0.221875
5 0.504687 0.445312 0.498437 0.470313 0.512500 0.471875 0.559375 0.440625 0.623437 0.340625 0.621875 0.323437 0.637500 0.292187 0.637500 0.265625 0.643750 0.262500 0.642188 0.250000 0.632812 0.240625 0.601562 0.237500 0.581250 0.295312 0.545312 0.332813
5 0.475000 0.528125 0.475000 0.543750 0.635938 0.548438 0.646875 0.528125 0.646875 0.510938 0.615625 0.401562 0.609375 0.401562 0.575000 0.439063 0.492188 0.487500
5 0.379688 0.526563 0.373437 0.529687 0.373437 0.542188 0.379688 0.548438 0.412500 0.545312 0.425000 0.517188
0 0.139063 0.182812 0.137500 0.184375 0.128125 0.184375 0.126562 0.185938 0.117188 0.185938 0.115625 0.187500 0.110937 0.187500 0.109375 0.189062 0.107813 0.189062 0.106250 0.190625 0.104688 0.190625 0.103125 0.192188 0.101562 0.192188 0.100000 0.193750 0.098437 0.193750 0.096875 0.195312 0.095312 0.195312 0.090625 0.200000 0.089063 0.200000 0.087500 0.201563 0.087500 0.203125 0.085938 0.204687 0.084375 0.204687 0.073438 0.215625 0.073438 0.217188 0.068750 0.221875 0.068750 0.223438 0.067187 0.225000 0.067187 0.226562 0.064062 0.229687 0.064062 0.231250 0.062500 0.232813 0.062500 0.234375 0.060937 0.235937 0.060937 0.237500 0.059375 0.239063 0.059375 0.242188 0.057813 0.243750 0.057813 0.245312 0.056250 0.246875 0.056250 0.250000 0.054688 0.251563 0.054688 0.256250 0.053125 0.257812 0.053125 0.265625 0.054688 0.267188 0.054688 0.271875 0.056250 0.273438 0.056250 0.304688 0.054688 0.306250 0.054688 0.320312 0.053125 0.321875 0.053125 0.373437 0.054688 0.375000 0.054688 0.381250 0.056250 0.382812 0.056250 0.384375 0.057813 0.385937 0.057813 0.389062 0.059375 0.390625 0.059375 0.392188 0.060937 0.393750 0.060937 0.395313 0.064062 0.398438 0.064062 0.400000 0.067187 0.403125 0.067187 0.404687 0.070312 0.407813 0.070312 0.409375 0.076563 0.415625 0.078125 0.415625 0.081250 0.418750 0.082812 0.418750 0.084375 0.420312 0.135937 0.420312 0.137500 0.418750 0.139063 0.420312 0.146875 0.420312 0.148438 0.418750 0.154688 0.418750 0.156250 0.420312 0.157812 0.418750 0.203125 0.418750 0.204687 0.417187 0.206250 0.417187 0.207813 0.418750 0.214062 0.418750 0.215625 0.417187 0.223438 0.417187 0.225000 0.418750 0.226562 0.418750 0.228125 0.417187 0.271875 0.417187 0.273438 0.415625 0.275000 0.415625 0.276562 0.417187 0.278125 0.417187 0.285938 0.409375 0.285938 0.407813 0.289062 0.404687 0.289062 0.403125 0.298438 0.393750 0.298438 0.392188 0.300000 0.390625 0.300000 0.389062 0.301563 0.387500 0.301563 0.385937 0.303125 0.384375 0.303125 0.379688 0.304688 0.378125 0.304688 0.354687 0.306250 0.353125 0.306250 0.340625 0.307812 0.339062 0.307812 0.335938 0.309375 0.334375 0.309375 0.329688 0.310937 0.328125 0.310937 0.323437 0.312500 0.321875 0.312500 0.315625 0.314063 0.314063 0.314063 0.298438 0.315625 0.296875 0.315625 0.293750 0.317188 0.292187 0.317188 0.289062 0.318750 0.287500 0.318750 0.284375 0.320312 0.282813 0.320312 0.278125 0.321875 0.276562 0.321875 0.271875 0.323437 0.270313 0.323437 0.267188 0.325000 0.265625 0.325000 0.232813 0.323437 0.231250 0.323437 0.217188 0.321875 0.215625 0.321875 0.209375 0.320312 0.207813 0.320312 0.203125 0.318750 0.201563 0.318750 0.198437 0.315625 0.195312 0.307812 0.195312 0.306250 0.193750 0.304688 0.193750 0.303125 0.192188 0.300000 0.192188 0.298438 0.190625 0.292187 0.190625 0.290625 0.189062 0.285938 0.189062 0.284375 0.187500 0.271875 0.187500 0.270313 0.185938 0.262500 0.185938 0.260937 0.184375 0.243750 0.184375 0.242188 0.182812
0 0.553125 0.185938 0.551562 0.187500 0.468750 0.187500 0.467187 0.189062 0.465625 0.189062 0.464062 0.187500 0.462500 0.187500 0.460938 0.189062 0.418750 0.189062 0.417187 0.190625 0.414062 0.190625 0.412500 0.189062 0.410938 0.189062 0.409375 0.190625 0.398438 0.190625 0.396875 0.192188 0.395313 0.192188 0.393750 0.193750 0.392188 0.193750 0.390625 0.195312 0.389062 0.195312 0.387500 0.196875 0.385937 0.196875 0.381250 0.201563 0.379688 0.201563 0.378125 0.203125 0.378125 0.204687 0.365625 0.217188 0.364063 0.217188 0.364063 0.218750 0.362500 0.220312 0.362500 0.221875 0.360938 0.223438 0.360938 0.225000 0.357812 0.228125 0.357812 0.229687 0.356250 0.231250 0.356250 0.232813 0.350000 0.239063 0.350000 0.240625 0.348438 0.242188 0.348438 0.245312 0.346875 0.246875 0.346875 0.248438 0.345313 0.250000 0.345313 0.251563 0.343750 0.253125 0.343750 0.256250 0.342187 0.257812 0.342187 0.259375 0.340625 0.260937 0.340625 0.262500 0.339062 0.264062 0.339062 0.265625 0.335938 0.268750 0.335938 0.271875 0.334375 0.273438 0.334375 0.276562 0.332813 0.278125 0.332813 0.296875 0.331250 0.298438 0.331250 0.301563 0.329688 0.303125 0.329688 0.307812 0.328125 0.309375 0.328125 0.312500 0.326562 0.314063 0.326562 0.325000 0.328125 0.326562 0.328125 0.342187 0.326562 0.343750 0.326562 0.346875 0.325000 0.348438 0.325000 0.354687 0.323437 0.356250 0.323437 0.357812 0.321875 0.359375 0.321875 0.371875 0.323437 0.373437 0.323437 0.389062 0.325000 0.390625 0.325000 0.393750 0.326562 0.395313 0.326562 0.398438 0.328125 0.400000 0.328125 0.401562 0.329688 0.403125 0.329688 0.406250 0.331250 0.407813 0.331250 0.410938 0.332813 0.412500 0.332813 0.417187 0.334375 0.418750 0.334375 0.423438 0.335938 0.425000 0.335938 0.442188 0.337500 0.443750 0.337500 0.445312 0.339062 0.446875 0.339062 0.450000 0.340625 0.451562 0.340625 0.454688 0.342187 0.456250 0.342187 0.464062 0.343750 0.465625 0.343750 0.479687 0.345313 0.481250 0.345313 0.526563 0.348438 0.529687 0.346875 0.531250 0.346875 0.532813 0.348438 0.534375 0.348438 0.539062 0.350000 0.540625 0.350000 0.556250 0.348438 0.557813 0.348438 0.559375 0.346875 0.560937 0.346875 0.567187 0.345313 0.568750 0.345313 0.578125 0.346875 0.579688 0.346875 0.582812 0.348438 0.584375 0.348438 0.585938 0.351562 0.589063 0.437500 0.589063 0.439063 0.587500 0.443750 0.587500 0.445312 0.589063 0.450000 0.589063 0.451562 0.587500 0.457813 0.587500 0.459375 0.589063 0.462500 0.589063 0.464062 0.587500 0.471875 0.587500 0.473438 0.589063 0.475000 0.589063 0.476562 0.587500 0.485938 0.587500 0.487500 0.589063 0.489063 0.587500 0.571875 0.587500 0.573438 0.585938 0.578125 0.585938 0.579688 0.587500 0.584375 0.587500 0.585938 0.585938 0.592187 0.585938 0.593750 0.587500 0.596875 0.587500 0.598437 0.585938 0.606250 0.585938 0.607812 0.587500 0.609375 0.587500 0.610938 0.585938 0.620313 0.585938 0.621875 0.587500 0.623437 0.585938 0.635938 0.585938 0.648438 0.573438 0.648438 0.571875 0.651563 0.568750 0.651563 0.567187 0.653125 0.565625 0.653125 0.562500 0.654687 0.560937 0.654687 0.556250 0.656250 0.554688 0.656250 0.540625 0.657813 0.539062 0.657813 0.535937 0.659375 0.534375 0.659375 0.517188 0.660937 0.515625 0.660937 0.510938 0.659375 0.509375 0.659375 0.507812 0.660937 0.506250 0.660937 0.490625 0.662500 0.489063 0.662500 0.484375 0.664062 0.482812 0.664062 0.481250 0.665625 0.479687 0.665625 0.440625 0.667188 0.439063 0.667188 0.431250 0.668750 0.429688 0.668750 0.426563 0.670312 0.425000 0.670312 0.423438 0.671875 0.421875 0.671875 0.418750 0.673438 0.417187 0.673438 0.415625 0.675000 0.414062 0.675000 0.409375 0.676562 0.407813 0.676562 0.403125 0.678125 0.401562 0.678125 0.381250 0.679688 0.379688 0.679688 0.368750 0.678125 0.367188 0.678125 0.332813 0.676562 0.331250 0.676562 0.315625 0.675000 0.314063 0.675000 0.309375 0.673438 0.307812 0.673438 0.303125 0.671875 0.301563 0.671875 0.298438 0.670312 0.296875 0.670312 0.293750 0.668750 0.292187 0.668750 0.289062 0.667188 0.287500 0.667188 0.284375 0.665625 0.282813 0.665625 0.279687 0.662500 0.276562 0.662500 0.275000 0.660937 0.273438 0.660937 0.271875 0.656250 0.267188 0.656250 0.265625 0.651563 0.260937 0.651563 0.259375 0.650000 0.257812 0.650000 0.256250 0.648438 0.254688 0.648438 0.251563 0.646875 0.250000 0.646875 0.248438 0.645312 0.246875 0.643750 0.246875 0.642188 0.245312 0.642188 0.242188 0.643750 0.240625 0.643750 0.239063 0.640625 0.235937 0.640625 0.234375 0.639062 0.232813 0.639062 0.231250 0.637500 0.229687 0.637500 0.228125 0.635938 0.226562 0.635938 0.225000 0.632812 0.221875 0.632812 0.220312 0.629687 0.217188 0.629687 0.215625 0.628125 0.214062 0.628125 0.212500 0.625000 0.209375 0.625000 0.207813 0.621875 0.204687 0.621875 0.203125 0.615625 0.196875 0.614062 0.196875 0.612500 0.195312 0.609375 0.195312 0.603125 0.189062 0.601562 0.189062 0.600000 0.187500 0.593750 0.187500 0.592187 0.185938 0.590625 0.187500 0.581250 0.187500 0.579688 0.185938 0.578125 0.185938 0.576562 0.187500 0.567187 0.187500 0.565625 0.185938 0.564063 0.187500 0.554688 0.187500
0 0.789062 0.181250 0.787500 0.182812 0.751563 0.182812 0.750000 0.184375 0.745313 0.184375 0.743750 0.182812 0.742188 0.184375 0.734375 0.184375 0.732812 0.182812 0.704688 0.182812 0.703125 0.184375 0.700000 0.184375 0.698438 0.185938 0.696875 0.185938 0.695312 0.187500 0.693750 0.187500 0.692187 0.189062 0.690625 0.189062 0.689063 0.190625 0.687500 0.190625 0.678125 0.200000 0.678125 0.201563 0.675000 0.204687 0.675000 0.206250 0.673438 0.207813 0.673438 0.210938 0.671875 0.212500 0.671875 0.215625 0.670312 0.217188 0.670312 0.221875 0.668750 0.223438 0.668750 0.239063 0.670312 0.240625 0.670312 0.243750 0.671875 0.245312 0.671875 0.246875 0.673438 0.248438 0.673438 0.250000 0.675000 0.251563 0.675000 0.254688 0.676562 0.256250 0.676562 0.259375 0.678125 0.260937 0.678125 0.264062 0.679688 0.265625 0.679688 0.271875 0.681250 0.273438 0.681250 0.275000 0.682813 0.276562 0.682813 0.282813 0.684375 0.284375 0.684375 0.289062 0.685937 0.290625 0.685937 0.293750 0.687500 0.295312 0.687500 0.300000 0.689063 0.301563 0.689063 0.307812 0.690625 0.309375 0.690625 0.310937 0.692187 0.312500 0.692187 0.317188 0.693750 0.318750 0.693750 0.325000 0.695312 0.326562 0.695312 0.376563 0.696875 0.378125 0.696875 0.382812 0.698438 0.384375 0.698438 0.385937 0.700000 0.387500 0.700000 0.389062 0.701562 0.390625 0.701562 0.392188 0.703125 0.393750 0.703125 0.395313 0.714063 0.406250 0.715625 0.406250 0.720313 0.410938 0.720313 0.412500 0.756250 0.412500 0.757812 0.410938 0.762500 0.410938 0.764062 0.412500 0.765625 0.412500 0.767188 0.410938 0.771875 0.410938 0.773438 0.412500 0.775000 0.410938 0.781250 0.410938 0.782813 0.412500 0.784375 0.410938 0.850000 0.410938 0.851562 0.409375 0.853125 0.410938 0.857812 0.410938 0.859375 0.409375 0.862500 0.409375 0.864062 0.410938 0.865625 0.410938 0.867188 0.409375 0.873437 0.409375 0.875000 0.410938 0.876563 0.409375 0.907813 0.409375 0.907813 0.407813 0.909375 0.406250 0.909375 0.403125 0.910937 0.401562 0.910937 0.400000 0.912500 0.398438 0.912500 0.393750 0.914062 0.392188 0.914062 0.387500 0.915625 0.385937 0.915625 0.379688 0.917188 0.378125 0.917188 0.370312 0.918750 0.368750 0.918750 0.357812 0.920312 0.356250 0.920312 0.304688 0.921875 0.303125 0.921875 0.287500 0.920312 0.285938 0.920312 0.270313 0.918750 0.268750 0.918750 0.259375 0.917188 0.257812 0.917188 0.243750 0.915625 0.242188 0.915625 0.240625 0.914062 0.239063 0.914062 0.237500 0.912500 0.235937 0.912500 0.234375 0.910937 0.232813 0.910937 0.231250 0.907813 0.228125 0.907813 0.226562 0.906250 0.225000 0.906250 0.223438 0.904687 0.221875 0.904687 0.218750 0.903125 0.217188 0.903125 0.215625 0.901563 0.214062 0.901563 0.212500 0.893750 0.204687 0.893750 0.203125 0.892188 0.201563 0.890625 0.201563 0.887500 0.198437 0.885938 0.198437 0.884375 0.196875 0.882812 0.196875 0.881250 0.195312 0.879687 0.195312 0.878125 0.193750 0.876563 0.193750 0.875000 0.192188 0.871875 0.192188 0.870313 0.190625 0.867188 0.190625 0.865625 0.189062 0.864062 0.189062 0.862500 0.187500 0.857812 0.187500 0.856250 0.185938 0.846875 0.185938 0.845313 0.184375 0.834375 0.184375 0.832812 0.182812 0.831250 0.182812 0.829688 0.181250 0.818750 0.181250 0.817187 0.182812 0.815625 0.182812 0.814063 0.184375 0.812500 0.184375 0.810937 0.185938 0.807813 0.182812 0.793750 0.182812 0.792188 0.181250
0 0.770312 0.432812 0.768750 0.434375 0.721875 0.434375 0.720313 0.435937 0.714063 0.435937 0.714063 0.437500 0.712500 0.439063 0.710938 0.439063 0.707812 0.442188 0.706250 0.442188 0.698438 0.450000 0.698438 0.451562 0.693750 0.456250 0.693750 0.457813 0.692187 0.459375 0.692187 0.460938 0.690625 0.462500 0.690625 0.464062 0.689063 0.465625 0.689063 0.467187 0.687500 0.468750 0.687500 0.471875 0.685937 0.473438 0.685937 0.476562 0.684375 0.478125 0.684375 0.484375 0.682813 0.485938 0.682813 0.546875 0.684375 0.548438 0.684375 0.554688 0.685937 0.556250 0.685937 0.560937 0.687500 0.562500 0.687500 0.565625 0.689063 0.567187 0.689063 0.570312 0.690625 0.571875 0.690625 0.575000 0.692187 0.576562 0.692187 0.579688 0.693750 0.581250 0.693750 0.582812 0.695312 0.584375 0.695312 0.587500 0.696875 0.589063 0.696875 0.590625 0.703125 0.596875 0.703125 0.600000 0.706250 0.603125 0.706250 0.604688 0.707812 0.606250 0.707812 0.609375 0.709375 0.610938 0.709375 0.612500 0.712500 0.615625 0.729688 0.615625 0.731250 0.614062 0.734375 0.614062 0.735938 0.615625 0.737500 0.614062 0.837500 0.614062 0.839063 0.612500 0.842187 0.612500 0.843750 0.614062 0.846875 0.614062 0.848437 0.612500 0.851562 0.612500 0.853125 0.614062 0.854688 0.614062 0.856250 0.612500 0.862500 0.612500 0.864062 0.614062 0.865625 0.614062 0.867188 0.612500 0.868750 0.612500 0.870313 0.610938 0.873437 0.610938 0.875000 0.609375 0.879687 0.609375 0.881250 0.607812 0.889062 0.607812 0.890625 0.606250 0.893750 0.606250 0.895312 0.604688 0.898438 0.604688 0.900000 0.603125 0.901563 0.603125 0.903125 0.601562 0.904687 0.601562 0.907813 0.598437 0.909375 0.598437 0.912500 0.595313 0.914062 0.595313 0.918750 0.590625 0.918750 0.585938 0.920312 0.584375 0.920312 0.582812 0.921875 0.581250 0.921875 0.578125 0.923438 0.576562 0.923438 0.534375 0.925000 0.532813 0.925000 0.528125 0.923438 0.526563 0.925000 0.525000 0.925000 0.478125 0.926562 0.476562 0.925000 0.475000 0.925000 0.467187 0.923438 0.465625 0.923438 0.464062 0.918750 0.459375 0.918750 0.457813 0.917188 0.457813 0.914062 0.454688 0.912500 0.454688 0.907813 0.450000 0.906250 0.450000 0.904687 0.448437 0.903125 0.448437 0.901563 0.446875 0.900000 0.446875 0.898438 0.445312 0.896875 0.445312 0.895312 0.443750 0.893750 0.443750 0.892188 0.442188 0.890625 0.442188 0.889062 0.440625 0.882812 0.440625 0.881250 0.439063 0.876563 0.439063 0.875000 0.437500 0.873437 0.437500 0.871875 0.435937 0.870313 0.435937 0.868750 0.434375 0.825000 0.434375 0.823438 0.432812 0.785937 0.432812 0.784375 0.434375 0.782813 0.434375 0.781250 0.432812 0.778125 0.432812 0.776563 0.434375 0.771875 0.434375
0 0.867188 0.632812 0.865625 0.634375 0.862500 0.634375 0.860938 0.635938 0.859375 0.635938 0.857812 0.637500 0.854688 0.637500 0.853125 0.635938 0.850000 0.635938 0.848437 0.637500 0.846875 0.635938 0.845313 0.635938 0.843750 0.637500 0.842187 0.635938 0.832812 0.635938 0.831250 0.637500 0.829688 0.635938 0.787500 0.635938 0.785937 0.637500 0.782813 0.637500 0.781250 0.639062 0.779687 0.639062 0.778125 0.640625 0.756250 0.640625 0.751563 0.645312 0.750000 0.645312 0.748437 0.646875 0.746875 0.646875 0.734375 0.659375 0.734375 0.660937 0.731250 0.664062 0.731250 0.665625 0.729688 0.667188 0.729688 0.668750 0.728125 0.670312 0.728125 0.700000 0.729688 0.701562 0.729688 0.703125 0.732812 0.706250 0.732812 0.707812 0.734375 0.709375 0.734375 0.710938 0.735938 0.712500 0.735938 0.717187 0.737500 0.718750 0.737500 0.743750 0.735938 0.745313 0.735938 0.757812 0.737500 0.759375 0.737500 0.760938 0.735938 0.762500 0.735938 0.798438 0.737500 0.800000 0.737500 0.807813 0.739062 0.809375 0.739062 0.812500 0.740625 0.814063 0.740625 0.815625 0.742188 0.817187 0.742188 0.818750 0.746875 0.823438 0.746875 0.825000 0.748437 0.826562 0.750000 0.826562 0.757812 0.834375 0.759375 0.834375 0.760938 0.835938 0.765625 0.835938 0.767188 0.837500 0.768750 0.837500 0.770312 0.835938 0.773438 0.839063 0.801562 0.839063 0.803125 0.837500 0.804688 0.839063 0.807813 0.839063 0.809375 0.837500 0.845313 0.837500 0.846875 0.835938 0.848437 0.835938 0.851562 0.832812 0.853125 0.832812 0.854688 0.831250 0.856250 0.831250 0.857812 0.829688 0.859375 0.829688 0.860938 0.828125 0.862500 0.828125 0.864062 0.826562 0.865625 0.826562 0.867188 0.825000 0.870313 0.825000 0.871875 0.823438 0.873437 0.823438 0.875000 0.821875 0.876563 0.821875 0.878125 0.820312 0.879687 0.820312 0.881250 0.818750 0.882812 0.818750 0.884375 0.817187 0.885938 0.817187 0.887500 0.815625 0.889062 0.815625 0.890625 0.814063 0.892188 0.814063 0.901563 0.804688 0.901563 0.803125 0.914062 0.790625 0.914062 0.789062 0.917188 0.785937 0.917188 0.781250 0.918750 0.779687 0.918750 0.771875 0.920312 0.770312 0.920312 0.765625 0.921875 0.764062 0.921875 0.753125 0.923438 0.751563 0.923438 0.726562 0.921875 0.725000 0.921875 0.667188 0.918750 0.664062 0.918750 0.662500 0.914062 0.657813 0.914062 0.656250 0.912500 0.654687 0.912500 0.653125 0.909375 0.650000 0.909375 0.648438 0.904687 0.643750 0.904687 0.642188 0.903125 0.642188 0.901563 0.640625 0.900000 0.640625 0.898438 0.639062 0.895312 0.639062 0.893750 0.637500 0.890625 0.637500 0.889062 0.635938 0.887500 0.635938 0.884375 0.632812 0.882812 0.632812 0.881250 0.634375 0.873437 0.634375 0.871875 0.632812
0 0.659375 0.603125 0.657813 0.604688 0.646875 0.604688 0.645312 0.606250 0.593750 0.606250 0.592187 0.604688 0.548438 0.604688 0.546875 0.606250 0.481250 0.606250 0.479687 0.607812 0.457813 0.607812 0.456250 0.609375 0.454688 0.609375 0.453125 0.610938 0.354687 0.610938 0.353125 0.612500 0.350000 0.612500 0.346875 0.615625 0.343750 0.615625 0.339062 0.620313 0.337500 0.620313 0.334375 0.623437 0.332813 0.623437 0.329688 0.626563 0.328125 0.626563 0.325000 0.629687 0.323437 0.629687 0.321875 0.631250 0.320312 0.631250 0.317188 0.634375 0.317188 0.637500 0.315625 0.639062 0.315625 0.640625 0.314063 0.642188 0.314063 0.643750 0.312500 0.645312 0.312500 0.646875 0.310937 0.648438 0.310937 0.650000 0.309375 0.651563 0.309375 0.653125 0.307812 0.654687 0.307812 0.656250 0.304688 0.659375 0.304688 0.662500 0.303125 0.664062 0.303125 0.665625 0.301563 0.667188 0.301563 0.668750 0.300000 0.670312 0.300000 0.675000 0.298438 0.676562 0.298438 0.692187 0.296875 0.693750 0.296875 0.710938 0.295312 0.712500 0.295312 0.729688 0.293750 0.731250 0.293750 0.746875 0.292187 0.748437 0.292187 0.759375 0.290625 0.760938 0.292187 0.762500 0.292187 0.765625 0.290625 0.767188 0.290625 0.778125 0.289062 0.779687 0.290625 0.781250 0.290625 0.784375 0.289062 0.785937 0.289062 0.789062 0.290625 0.790625 0.290625 0.792188 0.292187 0.793750 0.292187 0.795312 0.293750 0.796875 0.293750 0.800000 0.295312 0.801562 0.295312 0.803125 0.296875 0.804688 0.296875 0.807813 0.298438 0.809375 0.298438 0.810937 0.300000 0.812500 0.300000 0.815625 0.301563 0.817187 0.301563 0.818750 0.303125 0.820312 0.303125 0.823438 0.304688 0.825000 0.304688 0.826562 0.306250 0.828125 0.306250 0.832812 0.309375 0.835938 0.309375 0.837500 0.317188 0.845313 0.318750 0.845313 0.323437 0.850000 0.325000 0.850000 0.326562 0.851562 0.390625 0.851562 0.392188 0.853125 0.393750 0.851562 0.400000 0.851562 0.401562 0.853125 0.403125 0.851562 0.407813 0.851562 0.409375 0.853125 0.412500 0.853125 0.414062 0.851562 0.415625 0.851562 0.417187 0.853125 0.460938 0.853125 0.462500 0.851562 0.481250 0.851562 0.482812 0.850000 0.487500 0.850000 0.489063 0.848437 0.503125 0.848437 0.504687 0.850000 0.506250 0.848437 0.507812 0.848437 0.509375 0.850000 0.517188 0.850000 0.518750 0.848437 0.525000 0.848437 0.526563 0.846875 0.548438 0.846875 0.550000 0.845313 0.554688 0.845313 0.556250 0.846875 0.557813 0.846875 0.559375 0.845313 0.615625 0.845313 0.617188 0.843750 0.618750 0.843750 0.620313 0.845313 0.621875 0.845313 0.623437 0.843750 0.629687 0.843750 0.631250 0.845313 0.632812 0.843750 0.676562 0.843750 0.678125 0.842187 0.681250 0.842187 0.682813 0.840625 0.684375 0.840625 0.685937 0.839063 0.687500 0.839063 0.689063 0.837500 0.690625 0.837500 0.706250 0.821875 0.706250 0.820312 0.709375 0.817187 0.709375 0.814063 0.710938 0.812500 0.710938 0.810937 0.714063 0.807813 0.714063 0.806250 0.717187 0.803125 0.717187 0.801562 0.718750 0.800000 0.718750 0.795312 0.720313 0.793750 0.720313 0.782813 0.718750 0.781250 0.718750 0.779687 0.717187 0.778125 0.717187 0.754687 0.715625 0.753125 0.715625 0.748437 0.714063 0.746875 0.714063 0.742188 0.712500 0.740625 0.712500 0.695312 0.710938 0.693750 0.710938 0.684375 0.709375 0.682813 0.709375 0.679688 0.707812 0.678125 0.704688 0.678125 0.703125 0.676562 0.703125 0.671875 0.701562 0.670312 0.701562 0.668750 0.700000 0.667188 0.700000 0.664062 0.698438 0.662500 0.698438 0.659375 0.696875 0.657813 0.696875 0.650000 0.695312 0.648438 0.695312 0.643750 0.693750 0.642188 0.693750 0.639062 0.692187 0.637500 0.692187 0.635938 0.690625 0.634375 0.690625 0.631250 0.689063 0.629687 0.689063 0.626563 0.687500 0.625000 0.687500 0.617188 0.685937 0.615625 0.685937 0.614062 0.684375 0.612500 0.684375 0.607812 0.682813 0.607812 0.681250 0.606250 0.667188 0.606250 0.665625 0.604688 0.664062 0.604688 0.662500 0.603125
0 0.837500 0.526563 0.835938 0.528125 0.834375 0.528125 0.832812 0.529687 0.831250 0.529687 0.828125 0.532813 0.828125 0.534375 0.826562 0.535937 0.826562 0.539062 0.825000 0.540625 0.825000 0.548438 0.826562 0.550000 0.826562 0.551562 0.828125 0.553125 0.828125 0.554688 0.832812 0.559375 0.834375 0.559375 0.835938 0.560937 0.839063 0.560937 0.840625 0.562500 0.845313 0.562500 0.846875 0.560937 0.850000 0.560937 0.851562 0.559375 0.853125 0.559375 0.859375 0.553125 0.859375 0.550000 0.860938 0.548438 0.860938 0.539062 0.859375 0.537500 0.859375 0.535937 0.857812 0.534375 0.857812 0.532813 0.854688 0.529687 0.853125 0.529687 0.850000 0.526563
0 0.164062 0.651563 0.162500 0.653125 0.137500 0.653125 0.135937 0.654687 0.115625 0.654687 0.114062 0.653125 0.092188 0.653125 0.090625 0.654687 0.085938 0.654687 0.078125 0.662500 0.078125 0.664062 0.070312 0.671875 0.070312 0.673438 0.067187 0.676562 0.067187 0.678125 0.065625 0.679688 0.065625 0.682813 0.064062 0.684375 0.064062 0.685937 0.062500 0.687500 0.062500 0.712500 0.064062 0.714063 0.064062 0.748437 0.065625 0.750000 0.065625 0.782813 0.067187 0.784375 0.067187 0.795312 0.068750 0.796875 0.068750 0.803125 0.070312 0.804688 0.070312 0.807813 0.071875 0.809375 0.071875 0.812500 0.075000 0.815625 0.075000 0.817187 0.078125 0.820312 0.078125 0.823438 0.079687 0.825000 0.079687 0.826562 0.082812 0.829688 0.082812 0.831250 0.087500 0.835938 0.087500 0.837500 0.092188 0.842187 0.092188 0.843750 0.095312 0.846875 0.096875 0.846875 0.098437 0.848437 0.100000 0.848437 0.104688 0.853125 0.106250 0.853125 0.107813 0.854688 0.109375 0.854688 0.110937 0.856250 0.118750 0.856250 0.120313 0.857812 0.123438 0.857812 0.125000 0.859375 0.129688 0.859375 0.131250 0.860938 0.132812 0.860938 0.134375 0.862500 0.137500 0.862500 0.139063 0.864062 0.146875 0.864062 0.148438 0.865625 0.215625 0.865625 0.217188 0.864062 0.223438 0.864062 0.225000 0.862500 0.232813 0.862500 0.234375 0.860938 0.239063 0.860938 0.240625 0.859375 0.245312 0.859375 0.246875 0.857812 0.248438 0.857812 0.250000 0.856250 0.251563 0.856250 0.253125 0.854688 0.254688 0.854688 0.256250 0.853125 0.257812 0.853125 0.257812 0.848437 0.265625 0.840625 0.265625 0.839063 0.267188 0.837500 0.267188 0.835938 0.271875 0.831250 0.271875 0.829688 0.275000 0.826562 0.275000 0.823438 0.276562 0.821875 0.276562 0.820312 0.278125 0.818750 0.278125 0.804688 0.276562 0.803125 0.276562 0.787500 0.275000 0.785937 0.275000 0.720313 0.276562 0.718750 0.276562 0.707812 0.275000 0.706250 0.275000 0.687500 0.273438 0.685937 0.273438 0.682813 0.271875 0.681250 0.271875 0.679688 0.270313 0.678125 0.270313 0.676562 0.267188 0.673438 0.267188 0.671875 0.264062 0.668750 0.264062 0.667188 0.262500 0.665625 0.260937 0.665625 0.254688 0.659375 0.253125 0.659375 0.251563 0.657813 0.248438 0.657813 0.246875 0.656250 0.237500 0.656250 0.235937 0.654687 0.232813 0.654687 0.231250 0.653125 0.221875 0.653125 0.220312 0.651563 0.192188 0.651563 0.190625 0.653125 0.189062 0.653125 0.187500 0.651563
0 0.223438 0.440625 0.221875 0.442188 0.175000 0.442188 0.173437 0.443750 0.171875 0.443750 0.170313 0.442188 0.167187 0.442188 0.165625 0.443750 0.160938 0.443750 0.159375 0.442188 0.157812 0.443750 0.115625 0.443750 0.112500 0.446875 0.101562 0.446875 0.100000 0.448437 0.096875 0.448437 0.095312 0.450000 0.092188 0.450000 0.090625 0.451562 0.087500 0.451562 0.085938 0.453125 0.084375 0.453125 0.081250 0.456250 0.079687 0.456250 0.067187 0.468750 0.067187 0.470313 0.062500 0.475000 0.062500 0.476562 0.060937 0.478125 0.060937 0.481250 0.059375 0.482812 0.059375 0.503125 0.057813 0.504687 0.057813 0.514062 0.056250 0.515625 0.056250 0.548438 0.057813 0.550000 0.057813 0.557813 0.059375 0.559375 0.059375 0.564063 0.060937 0.565625 0.060937 0.570312 0.062500 0.571875 0.062500 0.589063 0.064062 0.590625 0.064062 0.592187 0.065625 0.593750 0.065625 0.598437 0.067187 0.600000 0.067187 0.601562 0.071875 0.606250 0.071875 0.607812 0.075000 0.610938 0.075000 0.612500 0.076563 0.614062 0.076563 0.615625 0.078125 0.617188 0.078125 0.618750 0.079687 0.620313 0.079687 0.621875 0.084375 0.626563 0.085938 0.626563 0.087500 0.628125 0.090625 0.628125 0.092188 0.629687 0.100000 0.629687 0.101562 0.628125 0.103125 0.628125 0.104688 0.626563 0.106250 0.626563 0.107813 0.625000 0.109375 0.625000 0.110937 0.626563 0.117188 0.626563 0.118750 0.628125 0.176563 0.628125 0.178125 0.626563 0.185938 0.626563 0.187500 0.625000 0.193750 0.625000 0.195312 0.623437 0.264062 0.623437 0.265625 0.621875 0.279687 0.621875 0.281250 0.620313 0.282813 0.620313 0.284375 0.618750 0.293750 0.618750 0.300000 0.612500 0.301563 0.612500 0.307812 0.606250 0.307812 0.604688 0.309375 0.603125 0.309375 0.601562 0.310937 0.600000 0.310937 0.598437 0.312500 0.596875 0.312500 0.595313 0.314063 0.593750 0.314063 0.590625 0.315625 0.589063 0.315625 0.587500 0.317188 0.585938 0.317188 0.582812 0.318750 0.581250 0.318750 0.578125 0.320312 0.576562 0.320312 0.571875 0.318750 0.570312 0.318750 0.551562 0.320312 0.550000 0.320312 0.548438 0.321875 0.546875 0.321875 0.542188 0.323437 0.540625 0.323437 0.535937 0.325000 0.534375 0.325000 0.526563 0.326562 0.525000 0.326562 0.485938 0.325000 0.484375 0.323437 0.484375 0.321875 0.482812 0.321875 0.475000 0.320312 0.473438 0.320312 0.470313 0.310937 0.460938 0.310937 0.459375 0.304688 0.453125 0.303125 0.453125 0.301563 0.451562 0.300000 0.451562 0.298438 0.450000 0.296875 0.450000 0.295312 0.448437 0.293750 0.448437 0.292187 0.446875 0.290625 0.446875 0.289062 0.445312 0.285938 0.445312 0.284375 0.443750 0.264062 0.443750 0.262500 0.445312 0.257812 0.445312 0.253125 0.440625 0.239063 0.440625 0.237500 0.442188 0.235937 0.442188 0.234375 0.440625 0.231250 0.440625 0.229687 0.442188 0.225000 0.442188
