2 0.718750 0.471875 0.717187 0.517188 0.723437 0.556250 0.734375 0.584375 0.750000 0.600000 0.915625 0.606250 0.942187 0.592187 0.950000 0.575000 0.956250 0.473438 0.954688 0.443750 0.937500 0.426563 0.917188 0.421875 0.753125 0.420312 0.729688 0.435937
2 0.062500 0.440625 0.059375 0.556250 0.070312 0.589063 0.084375 0.601562 0.106250 0.606250 0.290625 0.604688 0.312500 0.595313 0.331250 0.568750 0.346875 0.498437 0.342187 0.448437 0.335938 0.432812 0.303125 0.409375 0.092188 0.407813 0.075000 0.417187
4 0.310937 0.698438 0.309375 0.768750 0.342187 0.814063 0.339062 0.837500 0.351562 0.843750 0.423438 0.840625 0.464062 0.846875 0.545312 0.834375 0.595313 0.845313 0.657813 0.829688 0.698438 0.832812 0.714063 0.821875 0.740625 0.785937 0.740625 0.707812 0.732812 0.660937 0.720313 0.618750 0.709375 0.603125 0.689063 0.590625 0.368750 0.590625 0.335938 0.612500
8 0.101562 0.751563 0.100000 0.760938 0.112500 0.779687 0.121875 0.773438 0.154688 0.773438 0.165625 0.784375 0.162500 0.792188 0.170313 0.781250 0.191406 0.773438 0.223438 0.778125 0.270313 0.771875 0.290625 0.682813 0.285938 0.654687 0.271875 0.639062 0.251563 0.629687 0.185938 0.632812 0.132812 0.687500
7 0.764062 0.662500 0.762500 0.684375 0.770312 0.712500 0.768750 0.776563 0.801562 0.812500 0.820312 0.820312 0.839063 0.817187 0.890625 0.826562 0.907813 0.820312 0.926562 0.803125 0.939063 0.776563 0.940625 0.745313 0.931250 0.706250 0.903125 0.643750 0.803125 0.628125 0.773438 0.645312
1 0.717187 0.187500 0.715625 0.206250 0.739062 0.303125 0.740625 0.364063 0.757812 0.387500 0.779687 0.396875 0.865625 0.398438 0.915625 0.398438 0.939063 0.387500 0.948438 0.348438 0.948438 0.257812 0.921875 0.200000 0.893750 0.181250 0.853125 0.167187 0.804688 0.168750 0.743750 0.159375 0.723437 0.171875
6 0.054688 0.203125 0.053125 0.237500 0.067187 0.270313 0.070312 0.314063 0.087500 0.348438 0.082812 0.362500 0.092188 0.371875 0.139063 0.381250 0.284375 0.384375 0.300000 0.379688 0.317188 0.364063 0.325000 0.345313 0.328125 0.289062 0.357812 0.195312 0.348438 0.160938 0.326562 0.140625 0.303125 0.132812 0.273438 0.135937 0.257812 0.125000 0.212500 0.125000 0.185938 0.134375 0.148438 0.132812 0.118750 0.143750 0.071875 0.175000
5 0.440625 0.465625 0.435937 0.484375 0.448437 0.478125 0.476562 0.484375 0.489063 0.476562 0.592187 0.478125 0.656250 0.485938 0.682813 0.479687 0.676562 0.298438 0.664062 0.173437 0.653125 0.168750 0.626563 0.175000 0.596875 0.193750 0.576562 0.240625 0.528125 0.287500
5 0.407813 0.535937 0.403125 0.546875 0.410938 0.553125 0.487500 0.551562 0.582812 0.534375 0.656250 0.529687 0.660937 0.506250 0.650000 0.495312 0.581250 0.493750 0.560937 0.498437 0.545312 0.493750 0.543750 0.482812 0.442188 0.479687 0.432812 0.487500
5 0.384375 0.259375 0.387500 0.314063 0.417187 0.370312 0.396875 0.434375 0.410938 0.421875 0.487500 0.284375 0.496875 0.226562 0.400000 0.231250 0.385937 0.245312
0 0.756250 0.415625 0.754687 0.417187 0.753125 0.417187 0.751563 0.418750 0.750000 0.418750 0.748437 0.420312 0.746875 0.420312 0.732812 0.434375 0.732812 0.435937 0.728125 0.440625 0.728125 0.442188 0.726562 0.443750 0.726562 0.445312 0.725000 0.446875 0.725000 0.448437 0.723437 0.450000 0.723437 0.453125 0.721875 0.454688 0.721875 0.460938 0.720313 0.462500 0.720313 0.470313 0.718750 0.471875 0.718750 0.475000 0.717187 0.476562 0.717187 0.543750 0.720313 0.546875 0.720313 0.550000 0.723437 0.553125 0.723437 0.554688 0.725000 0.556250 0.725000 0.562500 0.726562 0.564063 0.726562 0.570312 0.728125 0.571875 0.728125 0.575000 0.731250 0.578125 0.731250 0.579688 0.732812 0.581250 0.732812 0.582812 0.734375 0.584375 0.734375 0.585938 0.750000 0.601562 0.751563 0.601562 0.754687 0.604688 0.756250 0.604688 0.757812 0.606250 0.760938 0.606250 0.762500 0.607812 0.768750 0.607812 0.770312 0.609375 0.807813 0.609375 0.809375 0.610938 0.814063 0.610938 0.815625 0.612500 0.834375 0.612500 0.835938 0.610938 0.843750 0.610938 0.845313 0.609375 0.862500 0.609375 0.864062 0.607812 0.896875 0.607812 0.898438 0.609375 0.926562 0.609375 0.928125 0.607812 0.934375 0.607812 0.935937 0.606250 0.937500 0.606250 0.939063 0.604688 0.940625 0.604688 0.942187 0.603125 0.943750 0.603125 0.945312 0.601562 0.946875 0.601562 0.948438 0.600000 0.950000 0.600000 0.957812 0.592187 0.957812 0.590625 0.959375 0.589063 0.959375 0.587500 0.960938 0.585938 0.960938 0.584375 0.962500 0.582812 0.962500 0.581250 0.965625 0.578125 0.965625 0.576562 0.967187 0.575000 0.967187 0.573438 0.968750 0.571875 0.968750 0.568750 0.970313 0.567187 0.970313 0.560937 0.971875 0.559375 0.971875 0.553125 0.973437 0.551562 0.973437 0.545312 0.975000 0.543750 0.975000 0.526563 0.973437 0.525000 0.973437 0.518750 0.971875 0.517188 0.971875 0.512500 0.973437 0.510938 0.973437 0.485938 0.975000 0.484375 0.975000 0.481250 0.976562 0.479687 0.976562 0.453125 0.975000 0.451562 0.975000 0.450000 0.973437 0.448437 0.973437 0.446875 0.971875 0.445312 0.971875 0.443750 0.956250 0.428125 0.954688 0.428125 0.951562 0.425000 0.950000 0.425000 0.948438 0.423438 0.946875 0.423438 0.945312 0.421875 0.942187 0.421875 0.940625 0.420312 0.910937 0.420312 0.909375 0.418750 0.845313 0.418750 0.843750 0.417187 0.795312 0.417187 0.793750 0.415625
0 0.765625 0.146875 0.764062 0.148438 0.753125 0.148438 0.751563 0.150000 0.748437 0.150000 0.746875 0.151562 0.745313 0.151562 0.742188 0.154688 0.740625 0.154688 0.739062 0.156250 0.737500 0.156250 0.735938 0.157812 0.734375 0.157812 0.720313 0.171875 0.720313 0.173437 0.717187 0.176563 0.717187 0.178125 0.715625 0.179688 0.715625 0.182812 0.714063 0.184375 0.714063 0.207813 0.715625 0.209375 0.715625 0.212500 0.717187 0.214062 0.717187 0.218750 0.718750 0.220312 0.718750 0.223438 0.720313 0.225000 0.720313 0.231250 0.721875 0.232813 0.721875 0.237500 0.723437 0.239063 0.723437 0.242188 0.725000 0.243750 0.725000 0.246875 0.726562 0.248438 0.726562 0.254688 0.728125 0.256250 0.728125 0.260937 0.729688 0.262500 0.729688 0.271875 0.731250 0.273438 0.731250 0.276562 0.732812 0.278125 0.732812 0.284375 0.734375 0.285938 0.734375 0.293750 0.735938 0.295312 0.735938 0.310937 0.737500 0.312500 0.737500 0.340625 0.739062 0.342187 0.737500 0.343750 0.737500 0.359375 0.739062 0.360938 0.739062 0.364063 0.740625 0.365625 0.740625 0.368750 0.742188 0.370312 0.742188 0.373437 0.743750 0.375000 0.743750 0.376563 0.745313 0.378125 0.745313 0.379688 0.757812 0.392188 0.759375 0.392188 0.762500 0.395313 0.764062 0.395313 0.765625 0.396875 0.767188 0.396875 0.768750 0.398438 0.773438 0.398438 0.775000 0.400000 0.778125 0.400000 0.779687 0.401562 0.785937 0.401562 0.787500 0.403125 0.793750 0.403125 0.795312 0.401562 0.796875 0.401562 0.798438 0.403125 0.939063 0.403125 0.940625 0.401562 0.943750 0.401562 0.945312 0.400000 0.946875 0.400000 0.950000 0.396875 0.951562 0.396875 0.953125 0.395313 0.954688 0.395313 0.964063 0.385937 0.964063 0.384375 0.965625 0.382812 0.965625 0.381250 0.968750 0.378125 0.968750 0.376563 0.971875 0.373437 0.971875 0.371875 0.973437 0.370312 0.973437 0.368750 0.975000 0.367188 0.975000 0.335938 0.976562 0.334375 0.976562 0.328125 0.978125 0.326562 0.978125 0.270313 0.979688 0.268750 0.979688 0.254688 0.978125 0.253125 0.978125 0.248438 0.976562 0.246875 0.976562 0.232813 0.975000 0.231250 0.975000 0.226562 0.973437 0.225000 0.973437 0.218750 0.971875 0.217188 0.971875 0.214062 0.970313 0.212500 0.970313 0.210938 0.968750 0.209375 0.968750 0.207813 0.967187 0.206250 0.967187 0.204687 0.962500 0.200000 0.962500 0.198437 0.957812 0.193750 0.957812 0.192188 0.956250 0.190625 0.956250 0.189062 0.934375 0.167187 0.932813 0.167187 0.929688 0.164062 0.928125 0.164062 0.925000 0.160938 0.923438 0.160938 0.921875 0.159375 0.920312 0.159375 0.918750 0.157812 0.917188 0.157812 0.915625 0.156250 0.912500 0.156250 0.910937 0.154688 0.906250 0.154688 0.904687 0.153125 0.898438 0.153125 0.896875 0.151562 0.889062 0.151562 0.887500 0.150000 0.829688 0.150000 0.828125 0.148438 0.776563 0.148438 0.775000 0.146875
0 0.803831 0.624019 0.936916 0.623230 0.952886 0.636844 0.966489 0.653416 0.970630 0.661111 0.968856 0.758772 0.956434 0.791327 0.938098 0.819145 0.910298 0.837494 0.885456 0.845780 0.790227 0.845780 0.771298 0.832166 0.762427 0.816186 0.760061 0.801980 0.765384 0.775345 0.768342 0.747527 0.764202 0.703134 0.758286 0.674133 0.766567 0.655784 0.775439 0.642170 0.789044 0.628558
0 0.371750 0.586755 0.700616 0.587998 0.717769 0.602205 0.727233 0.614634 0.735514 0.635942 0.749709 0.693355 0.753258 0.723541 0.752075 0.757870 0.749119 0.797527 0.738472 0.824753 0.721909 0.841327 0.706531 0.849022 0.346908 0.859083 0.327387 0.851389 0.307278 0.834816 0.302545 0.813508 0.299588 0.733603 0.301955 0.713480 0.323839 0.624105 0.333894 0.608123 0.345723 0.599838 0.359328 0.590367
0 0.100256 0.398663 0.298702 0.402323 0.322952 0.412978 0.337739 0.425408 0.345428 0.452042 0.350161 0.492291 0.347794 0.521886 0.334781 0.568644 0.323544 0.592912 0.309348 0.602973 0.288645 0.610077 0.098188 0.613036 0.076894 0.605933 0.062697 0.591728 0.052052 0.571603 0.048502 0.559766 0.050867 0.449083 0.057966 0.431327 0.068612 0.417122 0.079259 0.406467
0 0.113566 0.125395 0.327092 0.127542 0.343655 0.138195 0.358441 0.160688 0.363173 0.177853 0.359623 0.195609 0.348386 0.225203 0.340697 0.255389 0.335964 0.284392 0.329458 0.311027 0.329458 0.339438 0.325317 0.360153 0.314670 0.374359 0.300475 0.383830 0.284505 0.387972 0.095820 0.387972 0.078077 0.377319 0.062106 0.363705 0.055008 0.347723 0.052052 0.337070 0.053825 0.201528 0.061514 0.181995 0.069205 0.164239 0.081625 0.149442 0.095820 0.135828
0 0.095820 0.624906 0.244875 0.624406 0.269719 0.633284 0.285097 0.646305 0.291603 0.660511 0.295152 0.680634 0.281548 0.762908 0.287463 0.817361 0.280364 0.838077 0.260255 0.857017 0.237186 0.862344 0.128353 0.864120 0.098778 0.848139 0.073344 0.827423 0.052642 0.798420 0.051459 0.673533 0.058558 0.652816 0.074528 0.639795
0 0.446875 0.131250 0.445312 0.132812 0.434375 0.132812 0.432812 0.134375 0.429688 0.134375 0.428125 0.135937 0.426563 0.135937 0.423438 0.139063 0.421875 0.139063 0.420312 0.140625 0.417187 0.140625 0.415625 0.142187 0.414062 0.142187 0.407813 0.148438 0.406250 0.148438 0.406250 0.150000 0.401562 0.154688 0.401562 0.156250 0.400000 0.157812 0.400000 0.159375 0.396875 0.162500 0.395313 0.162500 0.395313 0.164062 0.392188 0.167187 0.392188 0.170313 0.390625 0.171875 0.390625 0.173437 0.387500 0.176563 0.387500 0.178125 0.385937 0.179688 0.385937 0.181250 0.384375 0.182812 0.384375 0.185938 0.382812 0.187500 0.382812 0.189062 0.379688 0.192188 0.379688 0.193750 0.376563 0.196875 0.376563 0.198437 0.375000 0.200000 0.375000 0.201563 0.373437 0.203125 0.373437 0.206250 0.371875 0.207813 0.371875 0.209375 0.367188 0.214062 0.367188 0.217188 0.365625 0.218750 0.365625 0.221875 0.364063 0.223438 0.364063 0.226562 0.362500 0.228125 0.362500 0.229687 0.360938 0.231250 0.360938 0.235937 0.359375 0.237500 0.359375 0.239063 0.357812 0.240625 0.357812 0.243750 0.356250 0.245312 0.356250 0.251563 0.354687 0.253125 0.354687 0.256250 0.353125 0.257812 0.353125 0.265625 0.351562 0.267188 0.351562 0.273438 0.350000 0.275000 0.350000 0.278125 0.348438 0.279687 0.348438 0.293750 0.346875 0.295312 0.346875 0.303125 0.345313 0.304688 0.345313 0.353125 0.343750 0.354687 0.343750 0.364063 0.345313 0.365625 0.345313 0.370312 0.346875 0.371875 0.346875 0.395313 0.348438 0.396875 0.348438 0.400000 0.350000 0.401562 0.350000 0.404687 0.351562 0.406250 0.351562 0.410938 0.353125 0.412500 0.353125 0.418750 0.354687 0.420312 0.354687 0.426563 0.356250 0.428125 0.356250 0.437500 0.357812 0.439063 0.357812 0.440625 0.359375 0.442188 0.359375 0.453125 0.360938 0.454688 0.360938 0.459375 0.362500 0.460938 0.362500 0.465625 0.364063 0.467187 0.364063 0.501563 0.362500 0.503125 0.362500 0.509375 0.360938 0.510938 0.360938 0.515625 0.362500 0.517188 0.362500 0.534375 0.364063 0.535937 0.364063 0.542188 0.365625 0.543750 0.365625 0.546875 0.367188 0.548438 0.367188 0.550000 0.379688 0.562500 0.381250 0.562500 0.385937 0.567187 0.387500 0.567187 0.390625 0.570312 0.392188 0.570312 0.393750 0.571875 0.396875 0.571875 0.398438 0.573438 0.401562 0.573438 0.403125 0.575000 0.456250 0.575000 0.457813 0.576562 0.487500 0.576562 0.489063 0.575000 0.539062 0.575000 0.540625 0.576562 0.557813 0.576562 0.559375 0.578125 0.565625 0.578125 0.567187 0.576562 0.582812 0.576562 0.584375 0.575000 0.598437 0.575000 0.600000 0.576562 0.643750 0.576562 0.645312 0.575000 0.662500 0.575000 0.664062 0.573438 0.667188 0.573438 0.668750 0.571875 0.670312 0.571875 0.671875 0.570312 0.673438 0.570312 0.676562 0.567187 0.678125 0.567187 0.682813 0.562500 0.684375 0.562500 0.687500 0.559375 0.687500 0.557813 0.690625 0.554688 0.690625 0.553125 0.693750 0.550000 0.693750 0.548438 0.695312 0.546875 0.695312 0.545312 0.696875 0.543750 0.696875 0.540625 0.698438 0.539062 0.698438 0.534375 0.700000 0.532813 0.700000 0.503125 0.701562 0.501563 0.701562 0.484375 0.703125 0.482812 0.703125 0.468750 0.704688 0.467187 0.704688 0.457813 0.706250 0.456250 0.706250 0.454688 0.707812 0.453125 0.707812 0.450000 0.709375 0.448437 0.709375 0.431250 0.710938 0.429688 0.710938 0.428125 0.712500 0.426563 0.712500 0.412500 0.714063 0.410938 0.714063 0.404687 0.715625 0.403125 0.715625 0.398438 0.717187 0.396875 0.717187 0.390625 0.718750 0.389062 0.718750 0.379688 0.720313 0.378125 0.720313 0.364063 0.718750 0.362500 0.718750 0.356250 0.720313 0.354687 0.720313 0.350000 0.721875 0.348438 0.721875 0.334375 0.720313 0.332813 0.720313 0.301563 0.718750 0.300000 0.718750 0.284375 0.717187 0.282813 0.717187 0.273438 0.715625 0.271875 0.715625 0.259375 0.714063 0.257812 0.714063 0.253125 0.712500 0.251563 0.712500 0.250000 0.710938 0.248438 0.710938 0.246875 0.709375 0.245312 0.709375 0.242188 0.707812 0.240625 0.707812 0.237500 0.706250 0.235937 0.706250 0.234375 0.704688 0.232813 0.704688 0.225000 0.703125 0.223438 0.703125 0.220312 0.701562 0.218750 0.701562 0.217188 0.700000 0.215625 0.700000 0.214062 0.693750 0.207813 0.693750 0.206250 0.692187 0.204687 0.692187 0.201563 0.690625 0.200000 0.690625 0.196875 0.689063 0.195312 0.689063 0.192188 0.685937 0.189062 0.685937 0.187500 0.681250 0.182812 0.681250 0.181250 0.679688 0.179688 0.679688 0.178125 0.678125 0.176563 0.678125 0.175000 0.676562 0.173437 0.676562 0.170313 0.675000 0.168750 0.675000 0.167187 0.673438 0.165625 0.673438 0.164062 0.670312 0.160938 0.670312 0.159375 0.664062 0.153125 0.662500 0.153125 0.659375 0.150000 0.657813 0.150000 0.656250 0.148438 0.654687 0.148438 0.653125 0.146875 0.651563 0.146875 0.650000 0.145313 0.646875 0.145313 0.645312 0.143750 0.642188 0.143750 0.640625 0.142187 0.631250 0.142187 0.629687 0.140625 0.618750 0.140625 0.617188 0.139063 0.615625 0.139063 0.614062 0.137500 0.595313 0.137500 0.593750 0.139063 0.589063 0.139063 0.587500 0.137500 0.571875 0.137500 0.570312 0.135937 0.559375 0.135937 0.557813 0.134375 0.535937 0.134375 0.534375 0.132812 0.525000 0.132812 0.523438 0.131250 0.487500 0.131250 0.485938 0.132812 0.475000 0.132812 0.473438 0.131250
