6 0.059375 0.187500 0.020313 0.345313 0.053125 0.367188 0.064062 0.406250 0.090625 0.420312 0.234375 0.421875 0.281250 0.396875 0.285938 0.382812 0.281250 0.359375 0.312500 0.245312 0.309375 0.217188 0.267188 0.209375 0.260937 0.182812 0.245312 0.173437 0.207813 0.185938 0.184375 0.182812 0.153125 0.192188 0.115625 0.168750 0.081250 0.167187
3 0.034375 0.496875 0.040625 0.539062 0.034375 0.545312 0.032813 0.570312 0.040625 0.603125 0.073438 0.634375 0.090625 0.629687 0.100000 0.635938 0.254688 0.635938 0.275000 0.626563 0.298438 0.587500 0.304688 0.540625 0.300000 0.476562 0.290625 0.459375 0.271875 0.448437 0.064062 0.448437 0.039062 0.479687
2 0.675000 0.501563 0.681250 0.584375 0.695312 0.618750 0.712500 0.632812 0.893750 0.634375 0.914062 0.612500 0.920312 0.584375 0.914062 0.581250 0.920312 0.514062 0.907813 0.465625 0.900000 0.457813 0.885938 0.451562 0.709375 0.451562 0.687500 0.467187
1 0.670312 0.221875 0.668750 0.243750 0.689063 0.312500 0.696875 0.393750 0.717187 0.421875 0.768750 0.428125 0.885938 0.428125 0.914062 0.407813 0.921875 0.385937 0.920312 0.276562 0.914062 0.256250 0.870313 0.209375 0.823438 0.195312 0.701562 0.193750 0.681250 0.201563
4 0.270313 0.740625 0.268750 0.768750 0.293750 0.779687 0.300000 0.826562 0.278125 0.829688 0.275000 0.837500 0.285938 0.870313 0.296875 0.873437 0.670312 0.870313 0.689063 0.865625 0.687500 0.854688 0.700000 0.837500 0.712500 0.790625 0.712500 0.742188 0.701562 0.685937 0.671875 0.637500 0.631250 0.621875 0.332813 0.625000 0.300000 0.645312
8 0.159375 0.687500 0.157812 0.689063 0.153125 0.689063 0.151562 0.690625 0.150000 0.690625 0.148438 0.692187 0.140625 0.692187 0.139063 0.693750 0.137500 0.693750 0.134375 0.696875 0.132812 0.696875 0.131250 0.698438 0.129688 0.698438 0.128125 0.700000 0.126562 0.700000 0.121875 0.704688 0.120313 0.704688 0.114062 0.710938 0.114062 0.712500 0.107813 0.718750 0.107813 0.720313 0.104688 0.723437 0.104688 0.725000 0.103125 0.726562 0.103125 0.731250 0.101562 0.732812 0.101562 0.735938 0.100000 0.737500 0.100000 0.745313 0.098437 0.746875 0.098437 0.759375 0.100000 0.760938 0.100000 0.773438 0.101562 0.775000 0.101562 0.778125 0.103125 0.779687 0.103125 0.782813 0.104688 0.784375 0.104688 0.785937 0.106250 0.787500 0.106250 0.790625 0.107813 0.792188 0.107813 0.793750 0.109375 0.795312 0.109375 0.796875 0.110937 0.798438 0.110937 0.801562 0.112500 0.803125 0.112500 0.806250 0.114062 0.807813 0.114062 0.809375 0.132812 0.828125 0.134375 0.828125 0.135937 0.829688 0.137500 0.829688 0.139063 0.831250 0.140625 0.831250 0.142187 0.832812 0.143750 0.832812 0.145313 0.834375 0.148438 0.834375 0.150000 0.835938 0.175000 0.835938 0.176563 0.834375 0.179688 0.834375 0.181250 0.832812 0.182812 0.832812 0.184375 0.831250 0.185938 0.831250 0.187500 0.829688 0.189062 0.829688 0.192188 0.826562 0.193750 0.826562 0.195312 0.825000 0.198437 0.825000 0.200000 0.823438 0.201563 0.823438 0.204687 0.820312 0.206250 0.820312 0.207813 0.818750 0.209375 0.818750 0.210938 0.817187 0.212500 0.817187 0.226562 0.803125 0.226562 0.801562 0.229687 0.798438 0.229687 0.796875 0.232813 0.793750 0.232813 0.792188 0.234375 0.790625 0.234375 0.785937 0.235937 0.784375 0.235937 0.743750 0.234375 0.742188 0.234375 0.740625 0.232813 0.739062 0.232813 0.737500 0.231250 0.735938 0.231250 0.734375 0.229687 0.732812 0.229687 0.729688 0.228125 0.728125 0.228125 0.726562 0.225000 0.723437 0.225000 0.721875 0.209375 0.706250 0.207813 0.706250 0.201563 0.700000 0.200000 0.700000 0.196875 0.696875 0.195312 0.696875 0.193750 0.695312 0.192188 0.695312 0.190625 0.693750 0.179688 0.693750 0.178125 0.692187 0.176563 0.692187 0.175000 0.690625 0.173437 0.690625 0.171875 0.689063 0.167187 0.689063 0.165625 0.687500
7 0.723437 0.692187 0.723437 0.725000 0.729688 0.737500 0.785937 0.743750 0.768750 0.792188 0.768750 0.817187 0.778125 0.834375 0.831250 0.848437 0.845313 0.837500 0.871875 0.853125 0.885938 0.846875 0.928125 0.773438 0.925000 0.759375 0.892188 0.742188 0.871875 0.721875 0.871875 0.698438 0.903125 0.678125 0.895312 0.659375 0.764062 0.657813 0.737500 0.670312
5 0.531250 0.325000 0.403125 0.537500 0.375000 0.570312 0.379688 0.584375 0.471875 0.576562 0.521875 0.559375 0.571875 0.556250 0.614062 0.542188 0.634375 0.528125 0.635938 0.493750 0.625000 0.470313 0.626563 0.445312 0.603125 0.278125 0.598437 0.273438
5 0.348438 0.434375 0.346875 0.526563 0.353125 0.525000 0.432812 0.404687 0.442188 0.400000 0.442188 0.389062 0.482812 0.331250 0.496875 0.304688 0.503125 0.256250 0.490625 0.257812 0.482812 0.248438 0.467187 0.264062 0.456250 0.265625 0.435937 0.279687 0.392188 0.328125 0.367188 0.378125
5 0.346875 0.256250 0.343750 0.275000 0.357812 0.356250 0.368750 0.373437 0.410938 0.304688 0.442188 0.273438 0.473438 0.254688 0.498437 0.257812 0.507812 0.246875 0.368750 0.248438
5 0.606250 0.250000 0.610938 0.334375 0.626563 0.439063 0.628125 0.510938 0.637500 0.529687 0.645312 0.525000 0.650000 0.493750 0.651563 0.403125 0.629687 0.271875 0.615625 0.223438
0 0.721342 0.443687 0.887775 0.444555 0.904178 0.447358 0.916980 0.454964 0.927783 0.465373 0.938584 0.482188 0.937784 0.593848 0.930983 0.615467 0.910178 0.638288 0.899377 0.641891 0.722942 0.642291 0.705739 0.633883 0.691336 0.619470 0.672933 0.564222 0.673733 0.494161 0.680534 0.474144 0.693336 0.458530 0.706139 0.447720
0 0.764550 0.654928 0.896177 0.654564 0.909739 0.657609 0.923489 0.672516 0.934219 0.687108 0.937031 0.692730 0.937656 0.790394 0.929383 0.820308 0.917380 0.840325 0.903378 0.857941 0.885373 0.868750 0.866170 0.874756 0.749347 0.874756 0.735745 0.865547 0.724542 0.848333 0.726942 0.812702 0.728544 0.786278 0.728544 0.762258 0.725742 0.741839 0.723342 0.722623 0.721342 0.703806 0.724142 0.690595 0.732144 0.677383 0.741745 0.666173 0.752548 0.659767
0 0.711052 0.182737 0.854491 0.184495 0.875567 0.190355 0.894887 0.200314 0.912452 0.217305 0.927686 0.235166 0.938925 0.261408 0.939969 0.392478 0.930602 0.410639 0.913038 0.428216 0.895473 0.433488 0.728616 0.431730 0.712808 0.425872 0.697000 0.410053 0.691145 0.400680 0.692316 0.370800 0.691145 0.341508 0.687633 0.311042 0.680606 0.282920 0.671825 0.261830 0.667727 0.239567 0.668313 0.220819 0.675338 0.203244 0.686461 0.191527
0 0.403125 0.173437 0.401562 0.175000 0.395313 0.175000 0.393750 0.176563 0.384375 0.176563 0.382812 0.178125 0.379688 0.178125 0.378125 0.179688 0.376563 0.179688 0.373437 0.182812 0.371875 0.182812 0.364063 0.190625 0.364063 0.192188 0.360938 0.195312 0.360938 0.196875 0.357812 0.200000 0.357812 0.201563 0.354687 0.204687 0.354687 0.207813 0.351562 0.210938 0.351562 0.212500 0.350000 0.214062 0.350000 0.215625 0.348438 0.217188 0.348438 0.218750 0.346875 0.220312 0.346875 0.223438 0.345313 0.225000 0.345313 0.226562 0.343750 0.228125 0.343750 0.229687 0.342187 0.231250 0.342187 0.232813 0.340625 0.234375 0.340625 0.237500 0.339062 0.239063 0.339062 0.240625 0.337500 0.242188 0.337500 0.243750 0.335938 0.245312 0.335938 0.246875 0.334375 0.248438 0.334375 0.250000 0.332813 0.251563 0.332813 0.253125 0.328125 0.257812 0.328125 0.259375 0.326562 0.260937 0.326562 0.262500 0.325000 0.264062 0.325000 0.267188 0.323437 0.268750 0.323437 0.271875 0.321875 0.273438 0.321875 0.278125 0.320312 0.279687 0.320312 0.281250 0.318750 0.282813 0.318750 0.287500 0.317188 0.289062 0.317188 0.293750 0.315625 0.295312 0.315625 0.300000 0.314063 0.301563 0.314063 0.307812 0.312500 0.309375 0.312500 0.321875 0.310937 0.323437 0.310937 0.326562 0.309375 0.328125 0.309375 0.331250 0.307812 0.332813 0.307812 0.339062 0.306250 0.340625 0.306250 0.371875 0.304688 0.373437 0.304688 0.398438 0.306250 0.400000 0.306250 0.409375 0.307812 0.410938 0.307812 0.421875 0.309375 0.423438 0.309375 0.431250 0.310937 0.432812 0.310937 0.440625 0.312500 0.442188 0.312500 0.446875 0.314063 0.448437 0.314063 0.457813 0.315625 0.459375 0.315625 0.460938 0.317188 0.462500 0.317188 0.471875 0.318750 0.473438 0.318750 0.479687 0.320312 0.481250 0.320312 0.490625 0.321875 0.492188 0.321875 0.498437 0.323437 0.500000 0.323437 0.526563 0.321875 0.528125 0.321875 0.557813 0.323437 0.559375 0.323437 0.564063 0.325000 0.565625 0.325000 0.571875 0.326562 0.573438 0.326562 0.575000 0.329688 0.578125 0.329688 0.579688 0.331250 0.581250 0.331250 0.582812 0.332813 0.584375 0.332813 0.590625 0.334375 0.592187 0.335938 0.592187 0.337500 0.593750 0.339062 0.593750 0.342187 0.596875 0.343750 0.596875 0.345313 0.598437 0.346875 0.598437 0.350000 0.601562 0.351562 0.601562 0.354687 0.604688 0.356250 0.604688 0.357812 0.606250 0.359375 0.606250 0.362500 0.609375 0.362500 0.607812 0.364063 0.606250 0.365625 0.606250 0.367188 0.607812 0.410938 0.607812 0.412500 0.606250 0.456250 0.606250 0.457813 0.604688 0.462500 0.604688 0.464062 0.606250 0.479687 0.606250 0.481250 0.604688 0.489063 0.604688 0.490625 0.606250 0.510938 0.606250 0.512500 0.604688 0.520312 0.604688 0.521875 0.606250 0.532813 0.606250 0.534375 0.604688 0.545312 0.604688 0.546875 0.606250 0.559375 0.606250 0.560937 0.604688 0.567187 0.604688 0.568750 0.606250 0.614062 0.606250 0.615625 0.604688 0.625000 0.604688 0.626563 0.603125 0.628125 0.603125 0.629687 0.601562 0.631250 0.601562 0.632812 0.600000 0.634375 0.600000 0.639062 0.595313 0.640625 0.595313 0.651563 0.584375 0.651563 0.581250 0.653125 0.579688 0.653125 0.578125 0.654687 0.576562 0.654687 0.573438 0.656250 0.571875 0.656250 0.568750 0.657813 0.567187 0.657813 0.553125 0.659375 0.551562 0.659375 0.537500 0.657813 0.535937 0.657813 0.507812 0.659375 0.506250 0.659375 0.493750 0.660937 0.492188 0.660937 0.485938 0.662500 0.484375 0.662500 0.479687 0.664062 0.478125 0.664062 0.476562 0.665625 0.475000 0.665625 0.470313 0.667188 0.468750 0.667188 0.459375 0.668750 0.457813 0.668750 0.450000 0.670312 0.448437 0.670312 0.442188 0.671875 0.440625 0.671875 0.437500 0.673438 0.435937 0.673438 0.421875 0.675000 0.420312 0.675000 0.331250 0.673438 0.329688 0.673438 0.323437 0.671875 0.321875 0.671875 0.317188 0.670312 0.315625 0.670312 0.306250 0.668750 0.304688 0.668750 0.301563 0.667188 0.300000 0.667188 0.295312 0.665625 0.293750 0.665625 0.290625 0.664062 0.289062 0.664062 0.284375 0.662500 0.282813 0.662500 0.278125 0.660937 0.276562 0.660937 0.275000 0.659375 0.273438 0.659375 0.271875 0.657813 0.270313 0.657813 0.267188 0.656250 0.265625 0.656250 0.262500 0.654687 0.260937 0.654687 0.256250 0.653125 0.254688 0.653125 0.253125 0.651563 0.251563 0.651563 0.250000 0.650000 0.248438 0.650000 0.246875 0.648438 0.245312 0.648438 0.243750 0.646875 0.242188 0.646875 0.240625 0.645312 0.239063 0.645312 0.235937 0.643750 0.234375 0.643750 0.231250 0.642188 0.229687 0.642188 0.228125 0.639062 0.225000 0.639062 0.223438 0.635938 0.220312 0.635938 0.218750 0.632812 0.215625 0.632812 0.212500 0.629687 0.209375 0.629687 0.207813 0.628125 0.206250 0.628125 0.204687 0.620313 0.196875 0.620313 0.195312 0.612500 0.187500 0.610938 0.187500 0.607812 0.184375 0.604688 0.184375 0.603125 0.182812 0.596875 0.182812 0.595313 0.181250 0.570312 0.181250 0.568750 0.179688 0.476562 0.179688 0.475000 0.178125 0.456250 0.178125 0.454688 0.176563 0.432812 0.176563 0.431250 0.175000 0.421875 0.175000 0.420312 0.173437
0 0.423438 0.620313 0.421875 0.621875 0.354687 0.621875 0.353125 0.623437 0.326562 0.623437 0.325000 0.625000 0.321875 0.625000 0.320312 0.626563 0.318750 0.626563 0.317188 0.628125 0.315625 0.628125 0.314063 0.629687 0.312500 0.629687 0.310937 0.631250 0.309375 0.631250 0.306250 0.634375 0.304688 0.634375 0.290625 0.648438 0.290625 0.650000 0.289062 0.651563 0.289062 0.653125 0.287500 0.654687 0.287500 0.656250 0.285938 0.657813 0.285938 0.660937 0.284375 0.662500 0.284375 0.664062 0.282813 0.665625 0.282813 0.670312 0.281250 0.671875 0.281250 0.676562 0.279687 0.678125 0.279687 0.681250 0.278125 0.682813 0.278125 0.689063 0.276562 0.690625 0.276562 0.695312 0.275000 0.696875 0.275000 0.701562 0.273438 0.703125 0.273438 0.706250 0.271875 0.707812 0.271875 0.714063 0.270313 0.715625 0.270313 0.721875 0.268750 0.723437 0.268750 0.732812 0.267188 0.734375 0.267188 0.742188 0.265625 0.743750 0.265625 0.751563 0.264062 0.753125 0.264062 0.768750 0.262500 0.770312 0.262500 0.789062 0.264062 0.790625 0.264062 0.807813 0.265625 0.809375 0.265625 0.826562 0.267188 0.828125 0.267188 0.837500 0.268750 0.839063 0.268750 0.845313 0.270313 0.846875 0.270313 0.850000 0.271875 0.851562 0.271875 0.853125 0.273438 0.854688 0.273438 0.857812 0.276562 0.860938 0.276562 0.862500 0.284375 0.870313 0.285938 0.870313 0.287500 0.871875 0.289062 0.871875 0.290625 0.873437 0.292187 0.873437 0.293750 0.875000 0.314063 0.875000 0.315625 0.873437 0.325000 0.873437 0.326562 0.875000 0.331250 0.875000 0.332813 0.876563 0.339062 0.876563 0.340625 0.875000 0.346875 0.875000 0.348438 0.873437 0.382812 0.873437 0.384375 0.875000 0.404687 0.875000 0.406250 0.873437 0.431250 0.873437 0.432812 0.875000 0.456250 0.875000 0.457813 0.873437 0.504687 0.873437 0.506250 0.875000 0.521875 0.875000 0.523438 0.873437 0.570312 0.873437 0.571875 0.871875 0.573438 0.871875 0.575000 0.873437 0.590625 0.873437 0.592187 0.871875 0.660937 0.871875 0.662500 0.873437 0.682813 0.873437 0.687500 0.868750 0.689063 0.868750 0.692187 0.865625 0.693750 0.865625 0.695312 0.864062 0.696875 0.864062 0.698438 0.862500 0.700000 0.862500 0.700000 0.860938 0.701562 0.859375 0.701562 0.857812 0.703125 0.856250 0.703125 0.854688 0.704688 0.853125 0.704688 0.850000 0.706250 0.848437 0.706250 0.843750 0.707812 0.842187 0.707812 0.840625 0.709375 0.839063 0.709375 0.832812 0.710938 0.831250 0.710938 0.826562 0.712500 0.825000 0.712500 0.807813 0.714063 0.806250 0.712500 0.804688 0.714063 0.803125 0.714063 0.764062 0.712500 0.762500 0.712500 0.742188 0.710938 0.740625 0.710938 0.728125 0.709375 0.726562 0.709375 0.723437 0.707812 0.721875 0.707812 0.715625 0.706250 0.714063 0.706250 0.710938 0.704688 0.709375 0.704688 0.703125 0.703125 0.701562 0.703125 0.696875 0.701562 0.695312 0.701562 0.687500 0.700000 0.685937 0.700000 0.681250 0.698438 0.679688 0.698438 0.678125 0.696875 0.676562 0.696875 0.673438 0.695312 0.671875 0.695312 0.670312 0.693750 0.668750 0.693750 0.667188 0.690625 0.664062 0.690625 0.660937 0.689063 0.659375 0.689063 0.656250 0.687500 0.654687 0.687500 0.653125 0.685937 0.651563 0.685937 0.650000 0.684375 0.648438 0.684375 0.646875 0.678125 0.640625 0.678125 0.639062 0.676562 0.637500 0.675000 0.637500 0.671875 0.634375 0.670312 0.634375 0.668750 0.632812 0.667188 0.632812 0.665625 0.631250 0.664062 0.631250 0.662500 0.629687 0.660937 0.629687 0.659375 0.628125 0.657813 0.628125 0.656250 0.626563 0.651563 0.626563 0.650000 0.625000 0.646875 0.625000 0.645312 0.623437 0.629687 0.623437 0.628125 0.621875 0.618750 0.621875 0.617188 0.620313 0.598437 0.620313 0.596875 0.621875 0.565625 0.621875 0.564063 0.623437 0.560937 0.623437 0.559375 0.621875 0.550000 0.621875 0.548438 0.620313 0.546875 0.621875 0.528125 0.621875 0.526563 0.623437 0.478125 0.623437 0.476562 0.621875 0.443750 0.621875 0.442188 0.620313
0 0.093750 0.168750 0.092188 0.170313 0.084375 0.170313 0.082812 0.171875 0.081250 0.171875 0.079687 0.173437 0.078125 0.173437 0.076563 0.175000 0.075000 0.175000 0.073438 0.176563 0.071875 0.176563 0.060937 0.187500 0.060937 0.189062 0.057813 0.192188 0.057813 0.193750 0.056250 0.195312 0.056250 0.196875 0.054688 0.198437 0.054688 0.200000 0.053125 0.201563 0.051562 0.201563 0.043750 0.209375 0.043750 0.210938 0.040625 0.214062 0.040625 0.215625 0.039062 0.217188 0.039062 0.218750 0.037500 0.220312 0.037500 0.221875 0.035937 0.223438 0.035937 0.225000 0.034375 0.226562 0.034375 0.228125 0.032813 0.229687 0.032813 0.231250 0.031250 0.232813 0.031250 0.235937 0.029687 0.237500 0.029687 0.239063 0.028125 0.240625 0.028125 0.243750 0.026562 0.245312 0.026562 0.250000 0.025000 0.251563 0.025000 0.323437 0.023438 0.325000 0.023438 0.357812 0.025000 0.359375 0.025000 0.368750 0.023438 0.370312 0.023438 0.387500 0.025000 0.389062 0.025000 0.392188 0.026562 0.393750 0.026562 0.395313 0.029687 0.398438 0.029687 0.400000 0.034375 0.404687 0.035937 0.404687 0.045312 0.414062 0.046875 0.414062 0.048438 0.415625 0.050000 0.415625 0.053125 0.418750 0.054688 0.418750 0.056250 0.420312 0.059375 0.420312 0.060937 0.421875 0.062500 0.421875 0.064062 0.423438 0.096875 0.423438 0.098437 0.425000 0.132812 0.425000 0.134375 0.426563 0.182812 0.426563 0.184375 0.428125 0.240625 0.428125 0.242188 0.426563 0.250000 0.426563 0.251563 0.425000 0.254688 0.425000 0.256250 0.423438 0.259375 0.423438 0.260937 0.421875 0.262500 0.421875 0.264062 0.420312 0.265625 0.420312 0.267188 0.418750 0.268750 0.418750 0.279687 0.407813 0.279687 0.406250 0.281250 0.404687 0.281250 0.403125 0.282813 0.401562 0.282813 0.400000 0.284375 0.398438 0.284375 0.395313 0.285938 0.393750 0.285938 0.392188 0.287500 0.390625 0.287500 0.389062 0.289062 0.387500 0.289062 0.353125 0.287500 0.351562 0.287500 0.335938 0.289062 0.334375 0.289062 0.332813 0.290625 0.331250 0.290625 0.328125 0.292187 0.326562 0.292187 0.314063 0.293750 0.312500 0.293750 0.309375 0.295312 0.307812 0.295312 0.304688 0.296875 0.303125 0.296875 0.300000 0.298438 0.298438 0.298438 0.295312 0.300000 0.293750 0.300000 0.290625 0.301563 0.289062 0.301563 0.282813 0.303125 0.281250 0.303125 0.279687 0.304688 0.278125 0.304688 0.276562 0.306250 0.275000 0.306250 0.271875 0.307812 0.270313 0.307812 0.267188 0.309375 0.265625 0.309375 0.262500 0.310937 0.260937 0.310937 0.257812 0.312500 0.256250 0.312500 0.253125 0.314063 0.251563 0.314063 0.246875 0.315625 0.245312 0.315625 0.243750 0.317188 0.242188 0.317188 0.237500 0.318750 0.235937 0.318750 0.214062 0.317188 0.212500 0.317188 0.209375 0.315625 0.207813 0.315625 0.206250 0.314063 0.204687 0.314063 0.203125 0.312500 0.201563 0.312500 0.200000 0.304688 0.192188 0.304688 0.190625 0.303125 0.189062 0.301563 0.189062 0.295312 0.182812 0.293750 0.182812 0.292187 0.181250 0.290625 0.181250 0.289062 0.179688 0.287500 0.179688 0.285938 0.178125 0.282813 0.178125 0.281250 0.176563 0.276562 0.176563 0.275000 0.175000 0.270313 0.175000 0.268750 0.173437 0.246875 0.173437 0.245312 0.171875 0.225000 0.171875 0.223438 0.170313 0.196875 0.170313 0.195312 0.168750 0.171875 0.168750 0.170313 0.170313 0.165625 0.170313 0.164062 0.168750 0.123438 0.168750 0.121875 0.170313 0.109375 0.170313 0.107813 0.168750
0 0.096875 0.439063 0.095312 0.440625 0.087500 0.440625 0.085938 0.442188 0.070312 0.442188 0.068750 0.443750 0.067187 0.443750 0.065625 0.445312 0.060937 0.445312 0.059375 0.446875 0.056250 0.446875 0.054688 0.448437 0.051562 0.448437 0.050000 0.450000 0.048438 0.450000 0.046875 0.451562 0.045312 0.451562 0.042188 0.454688 0.040625 0.454688 0.035937 0.459375 0.035937 0.460938 0.029687 0.467187 0.029687 0.468750 0.026562 0.471875 0.026562 0.475000 0.025000 0.476562 0.025000 0.481250 0.023438 0.482812 0.023438 0.490625 0.021875 0.492188 0.021875 0.543750 0.020313 0.545312 0.020313 0.573438 0.021875 0.575000 0.021875 0.600000 0.023438 0.601562 0.023438 0.607812 0.025000 0.609375 0.025000 0.610938 0.026562 0.612500 0.026562 0.614062 0.029687 0.617188 0.029687 0.618750 0.046875 0.635938 0.048438 0.635938 0.050000 0.637500 0.051562 0.637500 0.053125 0.639062 0.054688 0.639062 0.056250 0.640625 0.060937 0.640625 0.062500 0.642188 0.068750 0.642188 0.070312 0.643750 0.100000 0.643750 0.101562 0.645312 0.112500 0.645312 0.114062 0.643750 0.140625 0.643750 0.142187 0.645312 0.179688 0.645312 0.181250 0.643750 0.182812 0.643750 0.184375 0.645312 0.243750 0.645312 0.245312 0.643750 0.251563 0.643750 0.253125 0.642188 0.257812 0.642188 0.259375 0.640625 0.260937 0.640625 0.262500 0.639062 0.264062 0.639062 0.265625 0.637500 0.267188 0.637500 0.275000 0.629687 0.276562 0.629687 0.279687 0.626563 0.279687 0.625000 0.282813 0.621875 0.282813 0.620313 0.287500 0.615625 0.289062 0.615625 0.289062 0.614062 0.290625 0.612500 0.290625 0.609375 0.292187 0.607812 0.292187 0.606250 0.293750 0.604688 0.293750 0.601562 0.295312 0.600000 0.295312 0.596875 0.296875 0.595313 0.296875 0.592187 0.298438 0.590625 0.298438 0.589063 0.300000 0.587500 0.300000 0.584375 0.301563 0.582812 0.301563 0.581250 0.303125 0.579688 0.303125 0.576562 0.304688 0.575000 0.304688 0.573438 0.306250 0.571875 0.306250 0.568750 0.307812 0.567187 0.307812 0.546875 0.309375 0.545312 0.309375 0.521875 0.307812 0.520312 0.307812 0.495312 0.306250 0.493750 0.306250 0.487500 0.304688 0.485938 0.304688 0.484375 0.303125 0.482812 0.303125 0.481250 0.301563 0.479687 0.301563 0.478125 0.300000 0.476562 0.300000 0.475000 0.296875 0.471875 0.296875 0.470313 0.295312 0.468750 0.295312 0.467187 0.293750 0.465625 0.293750 0.464062 0.281250 0.451562 0.279687 0.451562 0.276562 0.448437 0.275000 0.448437 0.273438 0.446875 0.270313 0.446875 0.268750 0.445312 0.264062 0.445312 0.262500 0.443750 0.256250 0.443750 0.254688 0.442188 0.231250 0.442188 0.229687 0.440625 0.204687 0.440625 0.203125 0.442188 0.195312 0.442188 0.193750 0.440625 0.157812 0.440625 0.156250 0.442188 0.154688 0.442188 0.153125 0.440625 0.148438 0.440625 0.146875 0.439063 0.129688 0.439063 0.128125 0.440625 0.120313 0.440625 0.118750 0.439063
0 0.022147 0.706278 0.019616 0.802522 0.027208 0.836081 0.039864 0.856342 0.056948 0.874705 0.234119 0.873439 0.249938 0.849378 0.249938 0.849378 0.248672 0.820884 0.245509 0.785427 0.249938 0.758200 0.255633 0.722741 0.255633 0.700580 0.246142 0.685383 0.234119 0.670820 0.220831 0.662589 0.207544 0.659423 0.075298 0.658156 0.056316 0.663855 0.040497 0.673986 0.029106 0.686650
