2 0.565625 0.060937 0.464062 0.060937 0.442188 0.070312 0.425000 0.084375 0.425000 0.257812 0.437500 0.276562 0.451562 0.285938 0.467187 0.292187 0.539062 0.292187 0.548438 0.285938 0.564063 0.285938 0.582812 0.278125 0.598437 0.267188 0.609375 0.251563 0.604688 0.089063 0.592187 0.070312 0.573438 0.060937
4 0.785697 0.262500 0.684375 0.264062 0.629687 0.289062 0.603125 0.326562 0.603125 0.501563 0.606250 0.595313 0.612500 0.639062 0.625000 0.659375 0.640625 0.673438 0.737500 0.696875 0.807813 0.696875 0.831250 0.692187 0.859375 0.671875 0.871875 0.632812 0.871875 0.392188 0.860938 0.376563 0.854688 0.321875 0.793750 0.262500
7 0.704167 0.079687 0.682813 0.081250 0.639062 0.114062 0.639062 0.201563 0.650000 0.220312 0.665625 0.235937 0.759375 0.234375 0.793750 0.206250 0.810937 0.184375 0.810937 0.157812 0.803125 0.142187 0.804688 0.129688 0.810937 0.121875 0.810937 0.107813 0.800000 0.100000 0.789062 0.100000 0.776563 0.093750 0.762500 0.093750 0.712500 0.079687
0 0.793489 0.259375 0.685937 0.262500 0.625000 0.287500 0.601562 0.314063 0.601562 0.509375 0.607812 0.612500 0.620313 0.657813 0.639062 0.678125 0.656250 0.685937 0.750000 0.701562 0.817187 0.698438 0.851562 0.684375 0.868750 0.659375 0.873437 0.629687 0.871875 0.395313 0.862500 0.368750 0.857812 0.323437 0.846875 0.295312 0.826562 0.275000 0.801562 0.259375
1 0.214453 0.671875 0.178125 0.675000 0.162500 0.689063 0.153125 0.712500 0.153125 0.871875 0.168750 0.904687 0.189062 0.921875 0.207813 0.926562 0.228125 0.923438 0.245312 0.935937 0.264062 0.923438 0.312500 0.928125 0.332813 0.925000 0.356250 0.928125 0.368750 0.940625 0.385937 0.940625 0.404687 0.921875 0.407813 0.900000 0.404687 0.726562 0.390625 0.707812 0.362500 0.693750 0.300000 0.693750 0.223438 0.671875
0 0.210156 0.668750 0.184375 0.668750 0.162500 0.685937 0.150000 0.704688 0.150000 0.887500 0.162500 0.912500 0.181250 0.940625 0.218750 0.968750 0.364063 0.968750 0.382812 0.953125 0.409375 0.910937 0.409375 0.767188 0.404687 0.729688 0.389062 0.706250 0.365625 0.695312 0.278125 0.687500 0.218750 0.668750
0 0.765483 0.718750 0.685937 0.718750 0.668750 0.731250 0.656250 0.750000 0.657813 0.898438 0.675000 0.935937 0.707812 0.959375 0.764062 0.959375 0.810937 0.953125 0.857812 0.923438 0.871875 0.903125 0.871875 0.739062 0.843750 0.718750 0.773438 0.718750
0 0.569895 0.040625 0.454688 0.040625 0.420312 0.070312 0.420312 0.254688 0.445312 0.285938 0.490625 0.295312 0.548438 0.292187 0.587500 0.278125 0.609375 0.256250 0.615625 0.237500 0.612500 0.090625 0.604688 0.065625 0.578125 0.040625
6 0.295312 0.060937 0.289062 0.062500 0.276562 0.079687 0.229687 0.062500 0.217188 0.064062 0.168750 0.101562 0.157812 0.120313 0.160938 0.198437 0.192188 0.226562 0.200000 0.285938 0.214062 0.298438 0.234375 0.298438 0.240625 0.292187 0.279687 0.285938 0.289062 0.279687 0.370312 0.273438 0.390625 0.259375 0.398438 0.246875 0.401562 0.173437 0.396875 0.100000 0.373437 0.087500 0.329688 0.085938 0.296875 0.060937
0 0.402902 0.298438 0.298438 0.298438 0.273438 0.303125 0.203125 0.326562 0.160938 0.359375 0.151562 0.373437 0.145313 0.396875 0.145313 0.579688 0.168750 0.615625 0.182812 0.628125 0.218750 0.648438 0.257812 0.662500 0.331250 0.671875 0.401562 0.667188 0.485938 0.650000 0.546875 0.648438 0.576562 0.629687 0.585938 0.614062 0.589063 0.596875 0.585938 0.371875 0.579688 0.342187 0.570312 0.326562 0.548438 0.312500 0.473438 0.310937 0.410938 0.298438
5 0.529687 0.321875 0.435937 0.321875 0.370312 0.334375 0.251563 0.329688 0.242188 0.332813 0.229687 0.348438 0.217188 0.350000 0.217188 0.379688 0.265625 0.398438 0.310937 0.442188 0.515625 0.523438 0.559375 0.534375 0.554688 0.381250 0.548438 0.337500 0.537500 0.321875
0 0.330730 0.026562 0.239063 0.026562 0.225000 0.031250 0.184375 0.060937 0.164062 0.087500 0.151562 0.110937 0.151562 0.275000 0.157812 0.289062 0.176563 0.304688 0.217188 0.304688 0.278125 0.285938 0.356250 0.278125 0.376563 0.271875 0.396875 0.253125 0.404687 0.226562 0.403125 0.075000 0.392188 0.056250 0.367188 0.032813 0.339062 0.026562
5 0.275781 0.471875 0.232813 0.478125 0.235937 0.496875 0.229687 0.532813 0.231250 0.575000 0.225000 0.601562 0.225000 0.639062 0.231250 0.646875 0.301563 0.653125 0.439063 0.648438 0.510938 0.642188 0.550000 0.634375 0.565625 0.623437 0.565625 0.595313 0.559375 0.587500 0.503125 0.568750 0.285938 0.471875
0 0.763839 0.037500 0.659375 0.037500 0.635938 0.060937 0.634375 0.201563 0.643750 0.221875 0.656250 0.234375 0.670312 0.240625 0.723437 0.235937 0.820312 0.235937 0.843750 0.215625 0.848437 0.203125 0.848437 0.132812 0.840625 0.100000 0.812500 0.064062 0.771875 0.037500
0 0.551562 0.671875 0.470313 0.675000 0.451562 0.685937 0.431250 0.714063 0.431250 0.903125 0.439063 0.923438 0.456250 0.937500 0.578125 0.948438 0.618750 0.928125 0.629687 0.909375 0.634375 0.893750 0.629687 0.720313 0.603125 0.687500 0.559375 0.671875
8 0.727344 0.720313 0.684375 0.720313 0.657813 0.746875 0.653125 0.762500 0.656250 0.846875 0.682813 0.873437 0.715625 0.892188 0.746875 0.928125 0.771875 0.929688 0.821875 0.901563 0.832812 0.870313 0.854688 0.840625 0.854688 0.796875 0.831250 0.751563 0.829688 0.735938 0.820312 0.725000 0.810937 0.720313 0.784375 0.725000 0.748437 0.725000 0.735938 0.720313
1 0.546702 0.670312 0.482812 0.670312 0.467187 0.675000 0.451562 0.682813 0.432812 0.709375 0.432812 0.901563 0.437500 0.920312 0.446875 0.929688 0.470313 0.926562 0.517188 0.931250 0.529687 0.926562 0.559375 0.926562 0.578125 0.939063 0.590625 0.929688 0.615625 0.928125 0.629687 0.907813 0.629687 0.720313 0.623437 0.706250 0.606250 0.689063 0.554688 0.670312
5 0.206250 0.465625 0.204687 0.606250 0.207813 0.621875 0.215625 0.629687 0.221875 0.629687 0.229687 0.609375 0.229687 0.581250 0.235937 0.562500 0.235937 0.493750 0.239063 0.478125 0.228125 0.468750 0.215625 0.468750 0.210938 0.465625
1 0.547744 0.671875 0.464062 0.675000 0.439063 0.695312 0.431250 0.710938 0.432812 0.903125 0.437500 0.921875 0.445312 0.929688 0.521875 0.929688 0.529687 0.925000 0.559375 0.925000 0.570312 0.935937 0.582812 0.935937 0.590625 0.929688 0.615625 0.928125 0.628125 0.912500 0.632812 0.882812 0.629687 0.718750 0.614062 0.693750 0.578125 0.675000 0.556250 0.671875
