8 0.767188 0.675000 0.770312 0.790625 0.773438 0.804688 0.785937 0.810937 0.864062 0.817187 0.898438 0.810937 0.926562 0.793750 0.935937 0.757812 0.959375 0.728125 0.962500 0.693750 0.956250 0.665625 0.893750 0.621875 0.810937 0.625000
4 0.307812 0.673438 0.300000 0.710938 0.304688 0.768750 0.320312 0.773438 0.325000 0.795312 0.339062 0.806250 0.334375 0.842187 0.348438 0.851562 0.409375 0.859375 0.567187 0.859375 0.625000 0.850000 0.656250 0.851562 0.673438 0.839063 0.706250 0.840625 0.726562 0.831250 0.746875 0.785937 0.748437 0.701562 0.740625 0.646875 0.720313 0.609375 0.695312 0.590625 0.662500 0.584375 0.371875 0.590625 0.351562 0.598437 0.334375 0.614062
1 0.717187 0.456250 0.718750 0.537500 0.731250 0.573438 0.746875 0.590625 0.764062 0.595313 0.928125 0.593750 0.953125 0.573438 0.954688 0.457813 0.948438 0.429688 0.935937 0.417187 0.914062 0.410938 0.878125 0.415625 0.757812 0.410938 0.729688 0.425000
1 0.064062 0.442188 0.059375 0.453125 0.060937 0.567187 0.071875 0.592187 0.089063 0.607812 0.275000 0.606250 0.314063 0.587500 0.335938 0.529687 0.337500 0.475000 0.326562 0.431250 0.309375 0.417187 0.271875 0.406250 0.107813 0.410938 0.078125 0.420312
1 0.062500 0.223438 0.067187 0.348438 0.082812 0.379688 0.104688 0.387500 0.268750 0.387500 0.290625 0.379688 0.310937 0.353125 0.318750 0.268750 0.342187 0.187500 0.331250 0.159375 0.307812 0.145313 0.146875 0.143750 0.126562 0.148438 0.090625 0.170313
6 0.706250 0.187500 0.704688 0.209375 0.728125 0.292187 0.731250 0.346875 0.750000 0.376563 0.795312 0.385937 0.895312 0.384375 0.935937 0.360938 0.939063 0.337500 0.920312 0.310937 0.943750 0.296875 0.946875 0.278125 0.932813 0.203125 0.950000 0.185938 0.948438 0.173437 0.884375 0.157812 0.862500 0.146875 0.826562 0.157812 0.814063 0.145313 0.801562 0.145313 0.754687 0.182812 0.717187 0.173437
7 0.079687 0.643750 0.070312 0.650000 0.075000 0.664062 0.095312 0.665625 0.104688 0.682813 0.093750 0.720313 0.084375 0.729688 0.085938 0.751563 0.079687 0.765625 0.084375 0.775000 0.101562 0.776563 0.104688 0.789062 0.126562 0.775000 0.145313 0.776563 0.159375 0.792188 0.157812 0.806250 0.173437 0.779687 0.189062 0.773438 0.209375 0.773438 0.220312 0.779687 0.239063 0.773438 0.257812 0.778125 0.285938 0.775000 0.281250 0.765625 0.285938 0.682813 0.279687 0.660937 0.257812 0.637500 0.237500 0.632812 0.100000 0.635938
7 0.159375 0.829688 0.156250 0.834375 0.164062 0.848437 0.201563 0.851562 0.223438 0.860938 0.257812 0.857812 0.276562 0.834375 0.273438 0.823438 0.256250 0.831250 0.248438 0.828125 0.248438 0.820312 0.228125 0.825000 0.178125 0.820312 0.176563 0.826562
5 0.360938 0.257812 0.356250 0.357812 0.367188 0.418750 0.368750 0.498437 0.371875 0.509375 0.390625 0.510938 0.550000 0.340625 0.573438 0.304688 0.575000 0.287500 0.482812 0.223438 0.454688 0.209375 0.414062 0.201563 0.396875 0.203125
5 0.473438 0.490625 0.459375 0.512500 0.506250 0.507812 0.521875 0.523438 0.526563 0.514062 0.552344 0.506250 0.620313 0.504687 0.665625 0.517188 0.679688 0.514062 0.682813 0.451562 0.675000 0.401562 0.668750 0.378125 0.635938 0.334375 0.625000 0.331250 0.604688 0.337500
5 0.459375 0.203125 0.453125 0.206250 0.498437 0.231250 0.518750 0.254688 0.537500 0.260937 0.576562 0.284375 0.598437 0.245312 0.631250 0.220312 0.659375 0.209375 0.651563 0.181250 0.643750 0.173437 0.557813 0.198437
5 0.443750 0.528125 0.439063 0.537500 0.443750 0.548438 0.470313 0.548438 0.492188 0.542188 0.503125 0.546875 0.589063 0.542188 0.651563 0.534375 0.667188 0.514062 0.678125 0.510938 0.678125 0.459375 0.673438 0.462500 0.664062 0.501563 0.637500 0.500000 0.635938 0.487500 0.626563 0.487500 0.575000 0.500000 0.543750 0.501563 0.532813 0.514062 0.518750 0.515625 0.515625 0.510938 0.484375 0.509375 0.473438 0.498437 0.471875 0.504687
5 0.626563 0.332813 0.625000 0.335938 0.628125 0.340625 0.648438 0.354687 0.667188 0.384375 0.670312 0.392188 0.670312 0.414062 0.667188 0.417187 0.668750 0.431250 0.671875 0.434375 0.670312 0.439063 0.678125 0.442188 0.679688 0.425000 0.671875 0.331250 0.668750 0.318750 0.662500 0.310937
0 0.754687 0.404687 0.753125 0.406250 0.750000 0.406250 0.748437 0.407813 0.745313 0.407813 0.743750 0.409375 0.742188 0.409375 0.740625 0.410938 0.739062 0.410938 0.728125 0.421875 0.728125 0.423438 0.725000 0.426563 0.725000 0.429688 0.723437 0.431250 0.723437 0.432812 0.721875 0.434375 0.721875 0.435937 0.720313 0.437500 0.720313 0.440625 0.718750 0.442188 0.718750 0.445312 0.717187 0.446875 0.717187 0.451562 0.715625 0.453125 0.715625 0.462500 0.714063 0.464062 0.714063 0.481250 0.712500 0.482812 0.712500 0.503125 0.714063 0.504687 0.714063 0.512500 0.715625 0.514062 0.715625 0.521875 0.717187 0.523438 0.717187 0.534375 0.718750 0.535937 0.718750 0.542188 0.720313 0.543750 0.720313 0.546875 0.721875 0.548438 0.721875 0.551562 0.723437 0.553125 0.723437 0.556250 0.725000 0.557813 0.725000 0.562500 0.726562 0.564063 0.726562 0.567187 0.728125 0.568750 0.728125 0.570312 0.729688 0.571875 0.729688 0.573438 0.731250 0.575000 0.731250 0.576562 0.734375 0.579688 0.734375 0.581250 0.748437 0.595313 0.750000 0.595313 0.753125 0.598437 0.754687 0.598437 0.756250 0.600000 0.757812 0.600000 0.759375 0.601562 0.760938 0.601562 0.762500 0.603125 0.765625 0.603125 0.767188 0.604688 0.782813 0.604688 0.784375 0.606250 0.803125 0.606250 0.804688 0.604688 0.860938 0.604688 0.862500 0.603125 0.878125 0.603125 0.879687 0.604688 0.895312 0.604688 0.896875 0.603125 0.934375 0.603125 0.935937 0.601562 0.942187 0.601562 0.943750 0.600000 0.946875 0.600000 0.948438 0.598437 0.950000 0.598437 0.951562 0.596875 0.953125 0.596875 0.956250 0.593750 0.957812 0.593750 0.960938 0.590625 0.962500 0.590625 0.975000 0.578125 0.975000 0.576562 0.978125 0.573438 0.978125 0.571875 0.979688 0.570312 0.979688 0.567187 0.981250 0.565625 0.981250 0.562500 0.982812 0.560937 0.982812 0.551562 0.984375 0.550000 0.984375 0.517188 0.982812 0.515625 0.982812 0.484375 0.981250 0.482812 0.981250 0.475000 0.982812 0.473438 0.982812 0.459375 0.981250 0.457813 0.981250 0.448437 0.979688 0.446875 0.979688 0.443750 0.978125 0.442188 0.978125 0.440625 0.976562 0.439063 0.976562 0.437500 0.975000 0.435937 0.975000 0.434375 0.970313 0.429688 0.970313 0.428125 0.967187 0.425000 0.967187 0.423438 0.965625 0.421875 0.965625 0.420312 0.957812 0.412500 0.956250 0.412500 0.953125 0.409375 0.951562 0.409375 0.950000 0.407813 0.945312 0.407813 0.943750 0.406250 0.839063 0.406250 0.837500 0.404687 0.812500 0.404687 0.810937 0.406250 0.787500 0.406250 0.785937 0.404687
0 0.917188 0.617188 0.915625 0.618750 0.810937 0.618750 0.809375 0.620313 0.803125 0.620313 0.801562 0.621875 0.798438 0.621875 0.796875 0.623437 0.795312 0.623437 0.793750 0.625000 0.792188 0.625000 0.790625 0.626563 0.789062 0.626563 0.787500 0.628125 0.785937 0.628125 0.784375 0.629687 0.782813 0.629687 0.773438 0.639062 0.773438 0.640625 0.770312 0.643750 0.770312 0.645312 0.768750 0.646875 0.768750 0.648438 0.767188 0.650000 0.767188 0.653125 0.765625 0.654687 0.765625 0.657813 0.764062 0.659375 0.764062 0.667188 0.762500 0.668750 0.762500 0.679688 0.764062 0.681250 0.764062 0.693750 0.765625 0.695312 0.765625 0.698438 0.767188 0.700000 0.767188 0.731250 0.768750 0.732812 0.768750 0.745313 0.770312 0.746875 0.770312 0.756250 0.768750 0.757812 0.768750 0.812500 0.770312 0.814063 0.770312 0.817187 0.771875 0.818750 0.771875 0.820312 0.773438 0.821875 0.773438 0.823438 0.776563 0.826562 0.776563 0.828125 0.778125 0.829688 0.779687 0.829688 0.782813 0.832812 0.782813 0.834375 0.785937 0.837500 0.787500 0.837500 0.790625 0.840625 0.792188 0.840625 0.793750 0.842187 0.795312 0.842187 0.796875 0.843750 0.800000 0.843750 0.801562 0.845313 0.810937 0.845313 0.812500 0.846875 0.832812 0.846875 0.834375 0.845313 0.840625 0.845313 0.842187 0.843750 0.848437 0.843750 0.850000 0.845313 0.865625 0.845313 0.867188 0.846875 0.881250 0.846875 0.882812 0.845313 0.889062 0.845313 0.890625 0.843750 0.901563 0.843750 0.903125 0.842187 0.907813 0.842187 0.909375 0.840625 0.910937 0.840625 0.912500 0.839063 0.914062 0.839063 0.915625 0.837500 0.917188 0.837500 0.918750 0.835938 0.920312 0.835938 0.921875 0.834375 0.923438 0.834375 0.925000 0.832812 0.926562 0.832812 0.928125 0.831250 0.929688 0.831250 0.931250 0.829688 0.932813 0.829688 0.935937 0.826562 0.937500 0.826562 0.940625 0.823438 0.942187 0.823438 0.943750 0.821875 0.945312 0.821875 0.950000 0.817187 0.951562 0.817187 0.956250 0.812500 0.956250 0.810937 0.964063 0.803125 0.964063 0.801562 0.967187 0.798438 0.967187 0.796875 0.970313 0.793750 0.970313 0.790625 0.971875 0.789062 0.971875 0.787500 0.975000 0.784375 0.975000 0.782813 0.976562 0.781250 0.976562 0.779687 0.978125 0.778125 0.978125 0.776563 0.979688 0.775000 0.979688 0.770312 0.981250 0.768750 0.981250 0.765625 0.982812 0.764062 0.982812 0.756250 0.984375 0.754687 0.984375 0.739062 0.982812 0.737500 0.982812 0.693750 0.981250 0.692187 0.981250 0.671875 0.979688 0.670312 0.979688 0.660937 0.978125 0.659375 0.978125 0.654687 0.976562 0.653125 0.976562 0.650000 0.975000 0.648438 0.975000 0.646875 0.971875 0.643750 0.971875 0.642188 0.968750 0.639062 0.968750 0.637500 0.954688 0.623437 0.953125 0.623437 0.951562 0.621875 0.950000 0.621875 0.948438 0.620313 0.945312 0.620313 0.943750 0.618750 0.939063 0.618750 0.937500 0.617188
0 0.390625 0.584375 0.389062 0.585938 0.362500 0.585938 0.360938 0.587500 0.357812 0.587500 0.356250 0.589063 0.354687 0.589063 0.353125 0.590625 0.351562 0.590625 0.350000 0.592187 0.348438 0.592187 0.343750 0.596875 0.342187 0.596875 0.331250 0.607812 0.331250 0.609375 0.329688 0.610938 0.329688 0.612500 0.326562 0.615625 0.326562 0.617188 0.325000 0.618750 0.325000 0.620313 0.323437 0.621875 0.323437 0.623437 0.321875 0.625000 0.321875 0.626563 0.320312 0.628125 0.320312 0.629687 0.318750 0.631250 0.318750 0.634375 0.317188 0.635938 0.317188 0.642188 0.315625 0.643750 0.315625 0.645312 0.314063 0.646875 0.314063 0.651563 0.312500 0.653125 0.312500 0.657813 0.310937 0.659375 0.310937 0.664062 0.309375 0.665625 0.309375 0.668750 0.307812 0.670312 0.307812 0.673438 0.306250 0.675000 0.306250 0.681250 0.304688 0.682813 0.304688 0.692187 0.303125 0.693750 0.303125 0.698438 0.301563 0.700000 0.301563 0.712500 0.300000 0.714063 0.300000 0.728125 0.298438 0.729688 0.298438 0.732812 0.296875 0.734375 0.296875 0.779687 0.298438 0.781250 0.298438 0.785937 0.300000 0.787500 0.300000 0.803125 0.301563 0.804688 0.301563 0.809375 0.303125 0.810937 0.303125 0.818750 0.304688 0.820312 0.304688 0.826562 0.306250 0.828125 0.306250 0.831250 0.309375 0.834375 0.309375 0.835938 0.312500 0.839063 0.312500 0.840625 0.323437 0.851562 0.325000 0.851562 0.328125 0.854688 0.329688 0.854688 0.331250 0.856250 0.332813 0.856250 0.334375 0.857812 0.337500 0.857812 0.339062 0.859375 0.345313 0.859375 0.346875 0.860938 0.368750 0.860938 0.370312 0.859375 0.375000 0.859375 0.376563 0.860938 0.387500 0.860938 0.389062 0.859375 0.407813 0.859375 0.409375 0.860938 0.423438 0.860938 0.425000 0.859375 0.435937 0.859375 0.437500 0.857812 0.443750 0.857812 0.445312 0.859375 0.464062 0.859375 0.465625 0.857812 0.473438 0.857812 0.475000 0.856250 0.495312 0.856250 0.496875 0.857812 0.554688 0.857812 0.556250 0.856250 0.635938 0.856250 0.637500 0.854688 0.667188 0.854688 0.668750 0.853125 0.709375 0.853125 0.710938 0.851562 0.715625 0.851562 0.717187 0.850000 0.718750 0.850000 0.720313 0.848437 0.721875 0.848437 0.723437 0.846875 0.725000 0.846875 0.726562 0.845313 0.728125 0.845313 0.732812 0.840625 0.734375 0.840625 0.735938 0.839063 0.735938 0.837500 0.739062 0.834375 0.739062 0.832812 0.740625 0.831250 0.740625 0.829688 0.742188 0.828125 0.742188 0.826562 0.743750 0.825000 0.743750 0.823438 0.745313 0.821875 0.745313 0.820312 0.746875 0.818750 0.746875 0.817187 0.748437 0.815625 0.748437 0.814063 0.750000 0.812500 0.750000 0.809375 0.751563 0.807813 0.751563 0.800000 0.753125 0.798438 0.753125 0.792188 0.754687 0.790625 0.754687 0.726562 0.753125 0.725000 0.753125 0.709375 0.751563 0.707812 0.751563 0.701562 0.750000 0.700000 0.750000 0.693750 0.748437 0.692187 0.748437 0.678125 0.746875 0.676562 0.746875 0.671875 0.745313 0.670312 0.745313 0.668750 0.743750 0.667188 0.743750 0.664062 0.742188 0.662500 0.742188 0.659375 0.740625 0.657813 0.740625 0.651563 0.739062 0.650000 0.739062 0.645312 0.737500 0.643750 0.737500 0.639062 0.735938 0.637500 0.735938 0.634375 0.734375 0.632812 0.734375 0.629687 0.732812 0.628125 0.732812 0.626563 0.731250 0.625000 0.731250 0.621875 0.729688 0.620313 0.729688 0.618750 0.726562 0.615625 0.726562 0.614062 0.725000 0.612500 0.725000 0.610938 0.718750 0.604688 0.718750 0.603125 0.715625 0.600000 0.715625 0.598437 0.710938 0.593750 0.709375 0.593750 0.706250 0.590625 0.704688 0.590625 0.703125 0.589063 0.700000 0.589063 0.698438 0.587500 0.684375 0.587500 0.682813 0.585938 0.656250 0.585938 0.654687 0.584375 0.631250 0.584375 0.629687 0.585938 0.625000 0.585938 0.623437 0.584375 0.604688 0.584375 0.603125 0.585938 0.581250 0.585938 0.579688 0.587500 0.556250 0.587500 0.554688 0.585938 0.553125 0.585938 0.551562 0.584375 0.529687 0.584375 0.528125 0.585938 0.509375 0.585938 0.507812 0.584375 0.470313 0.584375 0.468750 0.585938 0.431250 0.585938 0.429688 0.584375
0 0.228125 0.629687 0.226562 0.631250 0.170313 0.631250 0.168750 0.632812 0.145313 0.632812 0.143750 0.631250 0.120313 0.631250 0.118750 0.632812 0.098437 0.632812 0.096875 0.634375 0.089063 0.634375 0.087500 0.635938 0.084375 0.635938 0.082812 0.637500 0.081250 0.637500 0.079687 0.639062 0.078125 0.639062 0.076563 0.640625 0.075000 0.640625 0.070312 0.645312 0.068750 0.645312 0.065625 0.648438 0.064062 0.648438 0.059375 0.653125 0.059375 0.654687 0.056250 0.657813 0.056250 0.659375 0.054688 0.660937 0.054688 0.662500 0.053125 0.664062 0.053125 0.667188 0.051562 0.668750 0.051562 0.673438 0.050000 0.675000 0.050000 0.678125 0.048438 0.679688 0.048438 0.707812 0.046875 0.709375 0.046875 0.754687 0.048438 0.756250 0.048438 0.779687 0.050000 0.781250 0.050000 0.790625 0.051562 0.792188 0.051562 0.800000 0.053125 0.801562 0.053125 0.804688 0.054688 0.806250 0.054688 0.809375 0.056250 0.810937 0.056250 0.812500 0.059375 0.815625 0.059375 0.817187 0.060937 0.818750 0.060937 0.820312 0.065625 0.825000 0.065625 0.826562 0.084375 0.845313 0.085938 0.845313 0.093750 0.853125 0.095312 0.853125 0.098437 0.856250 0.100000 0.856250 0.101562 0.857812 0.103125 0.857812 0.104688 0.859375 0.106250 0.859375 0.107813 0.860938 0.109375 0.860938 0.110937 0.862500 0.114062 0.862500 0.115625 0.864062 0.118750 0.864062 0.120313 0.865625 0.128125 0.865625 0.129688 0.867188 0.132812 0.867188 0.134375 0.868750 0.137500 0.868750 0.139063 0.870313 0.175000 0.870313 0.176563 0.868750 0.178125 0.868750 0.179688 0.870313 0.212500 0.870313 0.214062 0.868750 0.220312 0.868750 0.221875 0.867188 0.225000 0.867188 0.226562 0.865625 0.243750 0.865625 0.245312 0.864062 0.248438 0.864062 0.250000 0.862500 0.251563 0.862500 0.253125 0.860938 0.254688 0.860938 0.257812 0.857812 0.259375 0.857812 0.267188 0.850000 0.268750 0.850000 0.273438 0.845313 0.273438 0.843750 0.276562 0.840625 0.276562 0.839063 0.278125 0.837500 0.278125 0.834375 0.279687 0.832812 0.279687 0.829688 0.281250 0.828125 0.281250 0.825000 0.282813 0.823438 0.282813 0.820312 0.284375 0.818750 0.284375 0.815625 0.285938 0.814063 0.285938 0.778125 0.284375 0.776563 0.284375 0.771875 0.282813 0.770312 0.282813 0.765625 0.281250 0.764062 0.281250 0.756250 0.279687 0.754687 0.279687 0.748437 0.278125 0.746875 0.278125 0.740625 0.279687 0.739062 0.279687 0.729688 0.281250 0.728125 0.281250 0.720313 0.282813 0.718750 0.282813 0.710938 0.284375 0.709375 0.284375 0.696875 0.285938 0.695312 0.285938 0.690625 0.287500 0.689063 0.287500 0.673438 0.285938 0.671875 0.285938 0.667188 0.284375 0.665625 0.284375 0.664062 0.282813 0.662500 0.282813 0.660937 0.281250 0.659375 0.281250 0.657813 0.279687 0.656250 0.279687 0.654687 0.276562 0.651563 0.276562 0.650000 0.267188 0.640625 0.265625 0.640625 0.262500 0.637500 0.260937 0.637500 0.259375 0.635938 0.257812 0.635938 0.256250 0.634375 0.254688 0.634375 0.253125 0.632812 0.251563 0.632812 0.250000 0.631250 0.245312 0.631250 0.243750 0.629687
0 0.126562 0.403125 0.125000 0.404687 0.096875 0.404687 0.095312 0.406250 0.090625 0.406250 0.089063 0.407813 0.087500 0.407813 0.085938 0.409375 0.084375 0.409375 0.082812 0.410938 0.081250 0.410938 0.079687 0.412500 0.078125 0.412500 0.075000 0.415625 0.073438 0.415625 0.071875 0.417187 0.070312 0.417187 0.067187 0.420312 0.065625 0.420312 0.059375 0.426563 0.059375 0.428125 0.056250 0.431250 0.056250 0.432812 0.053125 0.435937 0.053125 0.437500 0.051562 0.439063 0.051562 0.440625 0.050000 0.442188 0.050000 0.446875 0.048438 0.448437 0.048438 0.454688 0.046875 0.456250 0.046875 0.459375 0.045312 0.460938 0.045312 0.523438 0.043750 0.525000 0.043750 0.545312 0.045312 0.546875 0.045312 0.554688 0.046875 0.556250 0.045312 0.557813 0.045312 0.571875 0.046875 0.573438 0.046875 0.579688 0.048438 0.581250 0.048438 0.582812 0.050000 0.584375 0.050000 0.585938 0.051562 0.587500 0.051562 0.589063 0.062500 0.600000 0.064062 0.600000 0.068750 0.604688 0.070312 0.604688 0.071875 0.606250 0.073438 0.606250 0.075000 0.607812 0.076563 0.607812 0.079687 0.610938 0.081250 0.610938 0.082812 0.612500 0.084375 0.612500 0.085938 0.614062 0.087500 0.614062 0.089063 0.615625 0.096875 0.615625 0.098437 0.617188 0.114062 0.617188 0.115625 0.615625 0.131250 0.615625 0.132812 0.617188 0.159375 0.617188 0.160938 0.615625 0.195312 0.615625 0.196875 0.614062 0.276562 0.614062 0.278125 0.612500 0.282813 0.612500 0.284375 0.610938 0.287500 0.610938 0.289062 0.609375 0.293750 0.609375 0.295312 0.607812 0.296875 0.607812 0.298438 0.606250 0.300000 0.606250 0.301563 0.604688 0.303125 0.604688 0.310937 0.596875 0.310937 0.595313 0.312500 0.593750 0.312500 0.592187 0.314063 0.590625 0.314063 0.589063 0.318750 0.584375 0.318750 0.582812 0.323437 0.578125 0.323437 0.576562 0.325000 0.575000 0.325000 0.573438 0.326562 0.571875 0.326562 0.570312 0.328125 0.568750 0.328125 0.567187 0.329688 0.565625 0.329688 0.564063 0.331250 0.562500 0.331250 0.559375 0.332813 0.557813 0.332813 0.554688 0.334375 0.553125 0.334375 0.546875 0.335938 0.545312 0.335938 0.539062 0.337500 0.537500 0.337500 0.515625 0.339062 0.514062 0.339062 0.503125 0.340625 0.501563 0.340625 0.485938 0.339062 0.484375 0.339062 0.470313 0.337500 0.468750 0.337500 0.464062 0.335938 0.462500 0.335938 0.453125 0.334375 0.451562 0.334375 0.448437 0.332813 0.446875 0.332813 0.442188 0.331250 0.440625 0.331250 0.437500 0.329688 0.435937 0.329688 0.434375 0.328125 0.432812 0.328125 0.431250 0.321875 0.425000 0.321875 0.423438 0.314063 0.415625 0.312500 0.415625 0.310937 0.414062 0.309375 0.414062 0.307812 0.412500 0.306250 0.412500 0.303125 0.409375 0.301563 0.409375 0.300000 0.407813 0.296875 0.407813 0.295312 0.406250 0.290625 0.406250 0.289062 0.404687 0.254688 0.404687 0.253125 0.406250 0.226562 0.406250 0.225000 0.404687 0.195312 0.404687 0.193750 0.406250 0.192188 0.404687 0.185938 0.404687 0.184375 0.403125 0.157812 0.403125 0.156250 0.404687 0.145313 0.404687 0.143750 0.403125
0 0.139063 0.126562 0.137500 0.128125 0.129688 0.128125 0.128125 0.129688 0.125000 0.129688 0.123438 0.131250 0.121875 0.131250 0.120313 0.132812 0.117188 0.132812 0.115625 0.134375 0.112500 0.134375 0.110937 0.135937 0.107813 0.135937 0.106250 0.137500 0.103125 0.137500 0.101562 0.139063 0.100000 0.139063 0.096875 0.142187 0.095312 0.142187 0.092188 0.145313 0.090625 0.145313 0.087500 0.148438 0.085938 0.148438 0.078125 0.156250 0.078125 0.157812 0.065625 0.170313 0.065625 0.171875 0.064062 0.173437 0.064062 0.175000 0.062500 0.176563 0.062500 0.178125 0.060937 0.179688 0.060937 0.181250 0.057813 0.184375 0.057813 0.185938 0.053125 0.190625 0.053125 0.192188 0.051562 0.193750 0.051562 0.195312 0.050000 0.196875 0.050000 0.198437 0.048438 0.200000 0.048438 0.203125 0.046875 0.204687 0.046875 0.207813 0.045312 0.209375 0.045312 0.290625 0.046875 0.292187 0.046875 0.295312 0.045312 0.296875 0.045312 0.321875 0.046875 0.323437 0.046875 0.348438 0.048438 0.350000 0.048438 0.353125 0.050000 0.354687 0.050000 0.356250 0.051562 0.357812 0.051562 0.359375 0.053125 0.360938 0.053125 0.362500 0.054688 0.364063 0.054688 0.365625 0.070312 0.381250 0.070312 0.382812 0.073438 0.385937 0.075000 0.385937 0.078125 0.389062 0.079687 0.389062 0.081250 0.390625 0.082812 0.390625 0.084375 0.392188 0.087500 0.392188 0.089063 0.393750 0.093750 0.393750 0.095312 0.395313 0.117188 0.395313 0.118750 0.393750 0.135937 0.393750 0.137500 0.392188 0.190625 0.392188 0.192188 0.393750 0.273438 0.393750 0.275000 0.392188 0.279687 0.392188 0.281250 0.390625 0.282813 0.390625 0.284375 0.389062 0.285938 0.389062 0.287500 0.387500 0.289062 0.387500 0.293750 0.382812 0.295312 0.382812 0.296875 0.381250 0.298438 0.381250 0.310937 0.368750 0.310937 0.367188 0.312500 0.365625 0.312500 0.364063 0.314063 0.362500 0.314063 0.360938 0.315625 0.359375 0.315625 0.357812 0.317188 0.356250 0.317188 0.353125 0.318750 0.351562 0.318750 0.325000 0.317188 0.323437 0.317188 0.317188 0.318750 0.315625 0.318750 0.303125 0.320312 0.301563 0.320312 0.289062 0.321875 0.287500 0.321875 0.279687 0.323437 0.278125 0.323437 0.275000 0.325000 0.273438 0.325000 0.270313 0.326562 0.268750 0.326562 0.260937 0.328125 0.259375 0.328125 0.253125 0.329688 0.251563 0.329688 0.248438 0.331250 0.246875 0.331250 0.245312 0.332813 0.243750 0.332813 0.239063 0.334375 0.237500 0.334375 0.229687 0.335938 0.228125 0.335938 0.223438 0.337500 0.221875 0.337500 0.217188 0.339062 0.215625 0.339062 0.210938 0.340625 0.209375 0.340625 0.201563 0.342187 0.200000 0.342187 0.196875 0.343750 0.195312 0.343750 0.189062 0.345313 0.187500 0.345313 0.171875 0.343750 0.170313 0.343750 0.162500 0.339062 0.157812 0.339062 0.156250 0.337500 0.154688 0.337500 0.153125 0.335938 0.151562 0.335938 0.150000 0.332813 0.146875 0.332813 0.145313 0.329688 0.142187 0.328125 0.142187 0.325000 0.139063 0.323437 0.139063 0.320312 0.135937 0.318750 0.135937 0.317188 0.134375 0.315625 0.134375 0.314063 0.132812 0.312500 0.132812 0.310937 0.131250 0.300000 0.131250 0.298438 0.129688 0.293750 0.129688 0.292187 0.128125 0.276562 0.128125 0.275000 0.129688 0.273438 0.128125 0.229687 0.128125 0.228125 0.126562 0.203125 0.126562 0.201563 0.128125 0.187500 0.128125 0.185938 0.126562
0 0.739577 0.134439 0.894989 0.138228 0.920677 0.146378 0.943231 0.161425 0.962655 0.178980 0.975184 0.203431 0.979570 0.221612 0.980823 0.347628 0.972678 0.367064 0.953883 0.384619 0.931955 0.392769 0.770937 0.392142 0.751516 0.384619 0.738358 0.371453 0.732094 0.356406 0.728334 0.304369 0.725828 0.282427 0.700141 0.199042 0.701394 0.168948 0.713923 0.150141
0 0.394473 0.575006 0.656973 0.571633 0.672386 0.566331 0.684428 0.554281 0.696469 0.539822 0.701286 0.522953 0.698878 0.504155 0.699359 0.481984 0.699841 0.454859 0.707066 0.425941 0.710919 0.404252 0.713808 0.374369 0.716698 0.344486 0.715253 0.312194 0.710919 0.281828 0.704175 0.249828 0.695506 0.222355 0.683947 0.196328 0.671423 0.169819 0.659381 0.151022 0.643006 0.137045 0.612180 0.129333 0.413739 0.126923 0.388694 0.142828 0.372798 0.170783 0.351606 0.217053 0.339083 0.265250 0.331377 0.318269 0.333062 0.381344 0.342214 0.425173 0.349920 0.457948 0.352328 0.491686 0.351847 0.523980 0.355219 0.542777 0.368705 0.563019 0.383636 0.573623
