7 0.741602 0.071875 0.682813 0.071875 0.679688 0.079687 0.660937 0.087500 0.642188 0.104688 0.629687 0.100000 0.615625 0.101562 0.615625 0.207813 0.621875 0.209375 0.628125 0.229687 0.637500 0.239063 0.660937 0.243750 0.665625 0.251563 0.715625 0.251563 0.717187 0.245312 0.742188 0.239063 0.757812 0.229687 0.787500 0.198437 0.798438 0.178125 0.795312 0.132812 0.801562 0.110937 0.807813 0.109375 0.782813 0.101562 0.753125 0.079687 0.750000 0.071875
4 0.782572 0.271875 0.685937 0.271875 0.684375 0.278125 0.632812 0.292187 0.604688 0.320312 0.584375 0.329688 0.584375 0.629687 0.590625 0.631250 0.598437 0.651563 0.615625 0.667188 0.653125 0.682813 0.712500 0.698438 0.743750 0.700000 0.771875 0.684375 0.789062 0.689063 0.810937 0.684375 0.818750 0.660937 0.834375 0.637500 0.845313 0.601562 0.851562 0.600000 0.851562 0.562500 0.845313 0.560937 0.842187 0.545312 0.845313 0.481250 0.834375 0.414062 0.834375 0.351562 0.820312 0.314063 0.796875 0.289062 0.790625 0.271875
0 0.413984 0.303125 0.264062 0.303125 0.259375 0.310937 0.210938 0.326562 0.184375 0.340625 0.153125 0.370312 0.146875 0.370312 0.146875 0.598437 0.151562 0.598437 0.176563 0.626563 0.232813 0.654687 0.310937 0.668750 0.373437 0.668750 0.473438 0.650000 0.529687 0.650000 0.556250 0.634375 0.568750 0.609375 0.576562 0.606250 0.576562 0.364063 0.570312 0.362500 0.562500 0.340625 0.540625 0.321875 0.520312 0.317188 0.453125 0.317188 0.426563 0.310937 0.421875 0.303125
6 0.210547 0.659375 0.185938 0.659375 0.167187 0.703125 0.145313 0.723437 0.135937 0.759375 0.121875 0.768750 0.121875 0.829688 0.140625 0.828125 0.154688 0.834375 0.151562 0.860938 0.159375 0.903125 0.173437 0.918750 0.196875 0.925000 0.201563 0.932813 0.218750 0.932813 0.220312 0.926562 0.234375 0.926562 0.235937 0.932813 0.257812 0.932813 0.262500 0.925000 0.314063 0.925000 0.332813 0.920312 0.364063 0.882812 0.378125 0.887500 0.390625 0.876563 0.390625 0.725000 0.381250 0.710938 0.345313 0.690625 0.262500 0.679688 0.221875 0.667188 0.218750 0.659375
8 0.810662 0.721875 0.681250 0.721875 0.681250 0.726562 0.651563 0.751563 0.642188 0.767188 0.634375 0.770312 0.634375 0.835938 0.642188 0.839063 0.656250 0.862500 0.712500 0.926562 0.723437 0.928125 0.746875 0.910937 0.775000 0.934375 0.792188 0.937500 0.812500 0.926562 0.829688 0.904687 0.853125 0.853125 0.856250 0.815625 0.840625 0.784375 0.832812 0.745313 0.818750 0.728125 0.818750 0.721875
0 0.813492 0.719014 0.653125 0.721875 0.640625 0.739062 0.626102 0.757244 0.634375 0.914062 0.644277 0.927714 0.657813 0.939063 0.690625 0.951562 0.782813 0.948438 0.807813 0.939063 0.834375 0.917188 0.851562 0.890625 0.857812 0.870313 0.857812 0.778125 0.853125 0.754687 0.831250 0.728125
0 0.782292 0.259375 0.718856 0.260875 0.685937 0.267188 0.607812 0.293750 0.584375 0.314063 0.584375 0.637500 0.604688 0.665625 0.621875 0.678125 0.664062 0.693750 0.707812 0.701562 0.739539 0.707106 0.795312 0.707812 0.815625 0.696875 0.834375 0.684375 0.850000 0.654687 0.851562 0.579688 0.848437 0.554688 0.840625 0.323437 0.832812 0.300000 0.793750 0.267188
0 0.362266 0.046875 0.241917 0.044655 0.209375 0.053125 0.184375 0.073438 0.153125 0.118750 0.151041 0.274036 0.153548 0.290958 0.184375 0.312500 0.210938 0.312500 0.268750 0.295312 0.359375 0.284375 0.389062 0.262500 0.395313 0.248438 0.395313 0.085938 0.384375 0.065625 0.370312 0.053125
0 0.757605 0.046875 0.651170 0.049669 0.628608 0.064083 0.615625 0.079687 0.615625 0.232813 0.632995 0.244581 0.651170 0.255861 0.700000 0.251563 0.717187 0.248438 0.804688 0.248438 0.818750 0.240625 0.831250 0.220312 0.832812 0.143750 0.826562 0.109375 0.814063 0.087500 0.768750 0.054688
0 0.453123 0.667622 0.429308 0.681409 0.415625 0.701562 0.410506 0.909539 0.433695 0.940248 0.473438 0.945312 0.489063 0.945312 0.500000 0.945312 0.509375 0.945312 0.568750 0.951562 0.598525 0.935861 0.614194 0.917686 0.614062 0.879687 0.614062 0.859375 0.614062 0.846875 0.614062 0.834375 0.612500 0.742188 0.605419 0.701466 0.580977 0.683917 0.542747 0.668248 0.495116 0.663861
0 0.570052 0.053125 0.441216 0.055936 0.420312 0.075000 0.410506 0.089152 0.409375 0.264062 0.431250 0.290625 0.451562 0.300000 0.532813 0.301563 0.581250 0.282813 0.601562 0.251563 0.606045 0.117355 0.601562 0.096875 0.578125 0.053125
0 0.171723 0.662452 0.151041 0.678277 0.139761 0.707106 0.136000 0.784194 0.136627 0.856894 0.139133 0.888230 0.150414 0.915806 0.216220 0.964064 0.246931 0.962184 0.320258 0.962184 0.364756 0.948395 0.385437 0.932728 0.396719 0.905152 0.395466 0.881336 0.395466 0.732802 0.386064 0.705852 0.369142 0.689558 0.316497 0.687677 0.248184 0.677022 0.191778 0.657594
2 0.420312 0.704688 0.423438 0.807813 0.418750 0.876563 0.426563 0.920312 0.573438 0.931250 0.587500 0.926562 0.603125 0.904687 0.609375 0.882812 0.609375 0.726562 0.603125 0.704688 0.573438 0.681250 0.512500 0.667188 0.450000 0.673438 0.428125 0.689063
1 0.170313 0.181250 0.167187 0.254688 0.175000 0.296875 0.181250 0.303125 0.212500 0.307812 0.257812 0.292187 0.370312 0.275000 0.392188 0.245312 0.389062 0.181250 0.395313 0.103125 0.390625 0.084375 0.362500 0.067187 0.257812 0.073438 0.235937 0.079687 0.190625 0.118750 0.176563 0.148438
3 0.423438 0.129688 0.426563 0.184375 0.421875 0.206250 0.428125 0.271875 0.437500 0.289062 0.468750 0.298438 0.521875 0.298438 0.570312 0.285938 0.585938 0.275000 0.595313 0.235937 0.593750 0.212500 0.584375 0.201563 0.587500 0.118750 0.575000 0.092188 0.548438 0.081250 0.445312 0.085938 0.432812 0.095312
5 0.192188 0.550000 0.192188 0.612500 0.201563 0.621875 0.214062 0.618750 0.237500 0.653125 0.351562 0.654687 0.484375 0.632812 0.478125 0.621875 0.446875 0.603125 0.264062 0.501563 0.206250 0.495312 0.196875 0.515625
5 0.192188 0.368750 0.195312 0.396875 0.248438 0.420312 0.282813 0.467187 0.529687 0.595313 0.542188 0.621875 0.546875 0.621875 0.550000 0.531250 0.542188 0.462500 0.534375 0.443750 0.542188 0.428125 0.534375 0.418750 0.539062 0.368750 0.535937 0.364063 0.500000 0.364063 0.479687 0.323437 0.445312 0.328125 0.389062 0.362500 0.260937 0.360938
