5 0.359375 0.334375 0.340625 0.334375 0.340625 0.339062 0.301563 0.373437 0.253125 0.401562 0.217188 0.470313 0.184375 0.514062 0.178125 0.515625 0.178125 0.673438 0.184375 0.675000 0.196875 0.700000 0.226562 0.775000 0.245312 0.796875 0.251563 0.812500 0.262500 0.820312 0.262500 0.826562 0.359375 0.826562 0.375000 0.804688 0.367188 0.796875 0.379688 0.789062 0.375000 0.784375 0.356250 0.779687 0.340625 0.789062 0.281250 0.785937 0.276562 0.790625 0.275000 0.778125 0.279687 0.775000 0.282813 0.779687 0.284375 0.768750 0.315625 0.757812 0.328125 0.745313 0.357812 0.731250 0.409375 0.693750 0.459375 0.668750 0.471875 0.670312 0.484375 0.690625 0.496875 0.689063 0.503125 0.667188 0.500000 0.639062 0.528125 0.609375 0.532813 0.609375 0.532813 0.601562 0.525000 0.598437 0.501563 0.557813 0.482812 0.520312 0.478125 0.498437 0.460938 0.468750 0.459375 0.451562 0.465625 0.448437 0.476562 0.456250 0.481250 0.445312 0.489063 0.442188 0.493750 0.426563 0.489063 0.425000 0.484375 0.439063 0.470313 0.437500 0.462500 0.423438 0.464062 0.414062 0.453125 0.409375 0.459375 0.395313 0.464062 0.403125 0.467187 0.401562 0.464062 0.390625 0.431250 0.357812 0.403125 0.346875 0.378125 0.345313 0.368750 0.334375
4 0.774766 0.015625 0.621875 0.015625 0.620313 0.021875 0.610938 0.025000 0.532813 0.034375 0.481250 0.048438 0.468750 0.068750 0.465625 0.125000 0.459375 0.126562 0.459375 0.231250 0.465625 0.232813 0.470313 0.278125 0.479687 0.300000 0.498437 0.312500 0.501563 0.320312 0.531250 0.320312 0.532813 0.314063 0.560937 0.304688 0.703125 0.229687 0.757812 0.209375 0.796875 0.184375 0.806250 0.170313 0.814063 0.134375 0.820312 0.132812 0.820312 0.064062 0.812500 0.062500 0.803125 0.040625 0.782813 0.015625
7 0.238542 0.046875 0.146875 0.046875 0.146875 0.068750 0.204687 0.114062 0.209375 0.171875 0.226562 0.212500 0.246875 0.228125 0.359375 0.270313 0.390625 0.275000 0.417187 0.264062 0.426563 0.245312 0.432812 0.243750 0.432812 0.101562 0.395313 0.068750 0.357812 0.056250 0.323437 0.056250 0.295312 0.085938 0.264062 0.087500 0.256250 0.079687 0.246875 0.046875
3 0.792858 0.234375 0.740625 0.234375 0.737500 0.242188 0.723437 0.250000 0.579688 0.320312 0.562500 0.334375 0.551562 0.351562 0.546875 0.351562 0.546875 0.446875 0.554688 0.450000 0.575000 0.476562 0.679688 0.520312 0.765625 0.550000 0.770312 0.557813 0.804688 0.557813 0.804688 0.553125 0.828125 0.534375 0.842187 0.479687 0.840625 0.384375 0.831250 0.350000 0.828125 0.273438 0.801562 0.240625 0.801562 0.234375
0 0.398438 0.009375 0.179688 0.009375 0.175000 0.026562 0.159375 0.040625 0.153125 0.040625 0.153125 0.187500 0.190625 0.217188 0.317188 0.257812 0.364063 0.276562 0.365625 0.282813 0.403125 0.282813 0.406250 0.275000 0.425000 0.264062 0.437500 0.240625 0.445312 0.237500 0.445312 0.064062 0.439063 0.062500 0.431250 0.043750 0.407813 0.018750 0.406250 0.009375
0 0.632812 0.521875 0.578125 0.521875 0.553125 0.568750 0.540625 0.668750 0.534375 0.670312 0.534375 0.715625 0.540625 0.717187 0.543750 0.728125 0.550000 0.803125 0.562500 0.853125 0.579688 0.876563 0.803125 0.876563 0.809375 0.864062 0.828125 0.854688 0.845313 0.817187 0.845313 0.770312 0.853125 0.746875 0.845313 0.737500 0.850000 0.690625 0.846875 0.632812 0.837500 0.614062 0.820312 0.596875 0.696875 0.553125 0.643750 0.529687 0.640625 0.521875
0 0.238281 0.253125 0.178125 0.253125 0.176563 0.262500 0.153125 0.295312 0.146875 0.296875 0.146875 0.514062 0.153125 0.515625 0.153125 0.525000 0.146875 0.526563 0.146875 0.545312 0.153125 0.546875 0.146875 0.548438 0.146875 0.553125 0.153125 0.554688 0.153125 0.568750 0.146875 0.570312 0.146875 0.832812 0.192188 0.870313 0.251563 0.881250 0.282813 0.875000 0.310937 0.882812 0.335938 0.882812 0.487500 0.871875 0.514062 0.848437 0.525000 0.779687 0.520312 0.717187 0.525000 0.603125 0.515625 0.534375 0.514062 0.389062 0.482812 0.356250 0.365625 0.304688 0.267188 0.268750 0.250000 0.260937 0.246875 0.253125
0 0.802734 0.228125 0.745313 0.228125 0.737500 0.239063 0.593750 0.310937 0.553125 0.340625 0.553125 0.460938 0.587500 0.485938 0.771875 0.556250 0.776563 0.564063 0.804688 0.564063 0.806250 0.557813 0.821875 0.550000 0.840625 0.528125 0.845313 0.495312 0.840625 0.273438 0.835938 0.259375 0.814063 0.237500 0.810937 0.228125
6 0.616563 0.521875 0.582812 0.521875 0.557813 0.551562 0.551562 0.568750 0.551562 0.620313 0.542188 0.654687 0.534375 0.657813 0.534375 0.693750 0.542188 0.696875 0.553125 0.748437 0.560937 0.820312 0.582812 0.848437 0.592187 0.848437 0.615625 0.832812 0.632812 0.831250 0.653125 0.846875 0.664062 0.848437 0.676562 0.840625 0.692187 0.840625 0.734375 0.853125 0.775000 0.857812 0.776563 0.864062 0.803125 0.864062 0.823438 0.821875 0.820312 0.789062 0.826562 0.781250 0.864062 0.770312 0.864062 0.737500 0.856250 0.735938 0.846875 0.712500 0.776563 0.626563 0.775000 0.609375 0.784375 0.593750 0.776563 0.581250 0.734375 0.570312 0.690625 0.548438 0.639062 0.534375 0.628125 0.529687 0.625000 0.521875
5 0.493750 0.646875 0.475000 0.646875 0.471875 0.654687 0.426563 0.689063 0.250000 0.792188 0.240625 0.793750 0.240625 0.807813 0.246875 0.807813 0.273438 0.832812 0.290625 0.851562 0.290625 0.857812 0.303125 0.857812 0.306250 0.850000 0.362500 0.821875 0.467187 0.728125 0.509375 0.681250 0.514062 0.681250 0.514062 0.668750 0.507812 0.667188 0.503125 0.646875
0 0.782728 0.015625 0.498437 0.015625 0.498437 0.020313 0.459375 0.054688 0.459375 0.284375 0.465625 0.284375 0.485938 0.310937 0.509375 0.320312 0.510938 0.326562 0.521875 0.326562 0.523438 0.320312 0.557813 0.310937 0.706250 0.232813 0.757812 0.210938 0.832812 0.164062 0.832812 0.048438 0.792188 0.021875 0.790625 0.015625
