0 0.493750 0.590625 0.459980 0.581733 0.423438 0.595313 0.398438 0.617188 0.385937 0.618750 0.332813 0.646875 0.310937 0.664062 0.160938 0.746875 0.134375 0.771875 0.128125 0.771875 0.128125 0.923438 0.160938 0.942187 0.184375 0.945312 0.257812 0.945312 0.296875 0.940625 0.478125 0.928125 0.507812 0.920312 0.518750 0.912500 0.532813 0.889062 0.532813 0.785937 0.531250 0.773438 0.531250 0.714063 0.523438 0.639062 0.501563 0.590625
7 0.629102 0.628125 0.570312 0.628125 0.570312 0.634375 0.559375 0.640625 0.559375 0.775000 0.567187 0.781250 0.575000 0.845313 0.590625 0.876563 0.617188 0.876563 0.618750 0.870313 0.671875 0.865625 0.704688 0.854688 0.732812 0.856250 0.759375 0.851562 0.778125 0.829688 0.793750 0.789062 0.795312 0.743750 0.784375 0.712500 0.759375 0.692187 0.728125 0.692187 0.731250 0.681250 0.739062 0.678125 0.728125 0.668750 0.706250 0.659375 0.671875 0.654687 0.664062 0.643750 0.639062 0.634375 0.637500 0.628125
3 0.202233 0.365625 0.150000 0.365625 0.128125 0.392188 0.121875 0.392188 0.121875 0.678125 0.154688 0.700000 0.157812 0.707812 0.196875 0.707812 0.200000 0.700000 0.389062 0.598437 0.412500 0.576562 0.426563 0.543750 0.420312 0.471875 0.409375 0.450000 0.396875 0.437500 0.342187 0.410938 0.214062 0.373437 0.210938 0.365625
0 0.137500 0.375000 0.128125 0.378125 0.128125 0.693750 0.157812 0.707812 0.187500 0.707812 0.320312 0.637500 0.395313 0.592187 0.412500 0.578125 0.426563 0.545312 0.426563 0.520312 0.421875 0.470313 0.414062 0.451562 0.396875 0.432812 0.357812 0.412500 0.325000 0.406250 0.234375 0.373437
0 0.575000 0.615625 0.571875 0.625000 0.559375 0.637500 0.559375 0.831250 0.568750 0.876563 0.578125 0.893750 0.604688 0.912500 0.687500 0.912500 0.809375 0.903125 0.839063 0.892188 0.853125 0.878125 0.864062 0.851562 0.862500 0.804688 0.859375 0.728125 0.851562 0.704688 0.835938 0.687500 0.810937 0.671875 0.645312 0.623437
0 0.370255 0.065625 0.165625 0.065625 0.154688 0.082812 0.134375 0.103125 0.128125 0.103125 0.128125 0.310937 0.170313 0.335938 0.360938 0.395313 0.389062 0.387500 0.407813 0.365625 0.407813 0.250000 0.404687 0.232813 0.401562 0.110937 0.393750 0.085938 0.378125 0.071875
5 0.746788 0.090625 0.612500 0.090625 0.609375 0.098437 0.573438 0.107813 0.531250 0.134375 0.467187 0.162500 0.446875 0.179688 0.446875 0.225000 0.456250 0.229687 0.459375 0.239063 0.457813 0.251563 0.446875 0.257812 0.446875 0.281250 0.456250 0.285938 0.465625 0.304688 0.459375 0.337500 0.496875 0.396875 0.532813 0.407813 0.534375 0.414062 0.635938 0.414062 0.642188 0.406250 0.700000 0.396875 0.696875 0.392188 0.671875 0.392188 0.667188 0.382812 0.684375 0.365625 0.698438 0.290625 0.751563 0.146875 0.754687 0.090625
0 0.734375 0.046875 0.498437 0.056250 0.453125 0.064062 0.434375 0.081250 0.434375 0.218750 0.439063 0.298438 0.451562 0.489063 0.464062 0.528125 0.490625 0.551562 0.673438 0.601562 0.690625 0.607812 0.780264 0.633573 0.812931 0.625058 0.824295 0.612995 0.837787 0.578934 0.826562 0.506250 0.804688 0.396875 0.794467 0.305106 0.779687 0.140625 0.767188 0.082812 0.742188 0.046875
1 0.312500 0.071875 0.289062 0.071875 0.285938 0.079687 0.242188 0.087500 0.215625 0.109375 0.187500 0.115625 0.162500 0.132812 0.142187 0.190625 0.134375 0.193750 0.134375 0.310937 0.171875 0.331250 0.346875 0.387500 0.351562 0.395313 0.373437 0.395313 0.375000 0.389062 0.400000 0.371875 0.407813 0.348438 0.414062 0.346875 0.407813 0.342187 0.396875 0.125000 0.390625 0.107813 0.373437 0.092188 0.321875 0.078125 0.320312 0.071875
4 0.483333 0.590625 0.439063 0.590625 0.434375 0.598437 0.390625 0.610938 0.375000 0.634375 0.323437 0.667188 0.262500 0.695312 0.153125 0.757812 0.146875 0.770312 0.140625 0.771875 0.140625 0.889062 0.178125 0.921875 0.207813 0.928125 0.234375 0.923438 0.245312 0.931250 0.270313 0.923438 0.365625 0.925000 0.445312 0.903125 0.496875 0.850000 0.523438 0.792188 0.525000 0.740625 0.526563 0.732812 0.532813 0.731250 0.532813 0.704688 0.526563 0.703125 0.518750 0.664062 0.520312 0.632812 0.492188 0.590625
5 0.742188 0.165625 0.731250 0.165625 0.729688 0.210938 0.720313 0.240625 0.700000 0.273438 0.687500 0.350000 0.678125 0.367188 0.607812 0.378125 0.589063 0.390625 0.564063 0.389062 0.551562 0.376563 0.517188 0.367188 0.507812 0.357812 0.489063 0.360938 0.476562 0.328125 0.465625 0.325000 0.465625 0.364063 0.473438 0.364063 0.484375 0.381250 0.478125 0.392188 0.473438 0.431250 0.465625 0.435937 0.465625 0.518750 0.471875 0.518750 0.501563 0.542188 0.543750 0.557813 0.670312 0.589063 0.757812 0.617188 0.778125 0.618750 0.807813 0.596875 0.807813 0.571875 0.801562 0.570312 0.800000 0.562500 0.785937 0.457813 0.792188 0.343750 0.768750 0.309375 0.753125 0.215625 0.753125 0.165625
5 0.744642 0.159375 0.693750 0.159375 0.693750 0.164062 0.704688 0.168750 0.717187 0.165625 0.729688 0.170313 0.731250 0.201563 0.721875 0.234375 0.703125 0.260937 0.693750 0.295312 0.684375 0.306250 0.687500 0.342187 0.684375 0.354687 0.673438 0.367188 0.606250 0.371875 0.584375 0.381250 0.559375 0.365625 0.528125 0.365625 0.509375 0.354687 0.490625 0.354687 0.476562 0.325000 0.465625 0.320312 0.465625 0.368750 0.479687 0.381250 0.473438 0.429688 0.465625 0.435937 0.465625 0.518750 0.471875 0.518750 0.495312 0.539062 0.543750 0.557813 0.664062 0.587500 0.751563 0.615625 0.779687 0.618750 0.807813 0.598437 0.807813 0.568750 0.801562 0.567187 0.787500 0.468750 0.792188 0.345313 0.768750 0.310937 0.756250 0.226562 0.753125 0.159375
