1 0.664062 0.578125 0.632812 0.578125 0.626563 0.590625 0.615625 0.596875 0.615625 0.620313 0.623437 0.623437 0.631250 0.639062 0.625000 0.657813 0.615625 0.660937 0.615625 0.803125 0.620313 0.803125 0.635938 0.821875 0.650000 0.826562 0.651563 0.832812 0.753125 0.832812 0.754687 0.826562 0.790625 0.821875 0.803125 0.809375 0.807813 0.793750 0.814063 0.792188 0.814063 0.653125 0.785937 0.632812 0.675000 0.585938 0.671875 0.578125
2 0.783594 0.378125 0.757812 0.378125 0.754687 0.385937 0.662500 0.428125 0.615625 0.454688 0.615625 0.523438 0.621875 0.525000 0.625000 0.534375 0.648438 0.550000 0.759375 0.593750 0.762500 0.601562 0.792188 0.601562 0.806250 0.576562 0.804688 0.410938 0.792188 0.378125
0 0.784375 0.221875 0.573438 0.221875 0.553125 0.240625 0.553125 0.421875 0.571875 0.431250 0.607812 0.432812 0.753125 0.364063 0.820312 0.317188 0.818750 0.257812 0.815625 0.246875 0.792188 0.226562 0.792188 0.221875
0 0.777533 0.370589 0.748437 0.379688 0.615625 0.445312 0.615625 0.523438 0.623437 0.526563 0.631250 0.542188 0.664062 0.562500 0.762500 0.598437 0.806250 0.596875 0.824852 0.584230 0.820470 0.394230 0.798438 0.373437
7 0.415364 0.240625 0.375000 0.240625 0.375000 0.246875 0.357812 0.265625 0.353125 0.265625 0.353125 0.348438 0.373437 0.359375 0.434375 0.378125 0.493750 0.401562 0.496875 0.407813 0.496875 0.403125 0.510938 0.396875 0.518750 0.384375 0.515625 0.356250 0.525000 0.315625 0.532813 0.312500 0.532813 0.282813 0.528125 0.282813 0.514062 0.267188 0.496875 0.256250 0.481250 0.257812 0.459375 0.271875 0.425000 0.248438 0.423438 0.240625
5 0.592187 0.596875 0.467187 0.596875 0.462500 0.604688 0.382812 0.623437 0.351562 0.637500 0.346875 0.650000 0.340625 0.651563 0.340625 0.765625 0.350000 0.770312 0.357812 0.789062 0.384375 0.820312 0.398438 0.820312 0.400000 0.814063 0.506250 0.754687 0.543750 0.728125 0.579688 0.692187 0.645312 0.654687 0.645312 0.648438 0.639062 0.648438 0.625000 0.635938 0.626563 0.623437 0.607812 0.610938 0.600000 0.596875
0 0.396652 0.384375 0.359783 0.381619 0.334375 0.420312 0.334375 0.479687 0.323375 0.810916 0.344078 0.838022 0.565625 0.840625 0.589063 0.821875 0.592187 0.810937 0.598437 0.685937 0.584375 0.459375 0.489063 0.426563 0.410938 0.393750
4 0.751563 0.228125 0.610938 0.228125 0.609375 0.234375 0.589063 0.237500 0.568750 0.248438 0.559375 0.262500 0.553125 0.264062 0.553125 0.415625 0.584375 0.432812 0.606250 0.429688 0.710938 0.384375 0.795312 0.334375 0.801562 0.318750 0.796875 0.292187 0.776563 0.240625 0.760938 0.234375 0.759375 0.228125
5 0.552864 0.528125 0.464062 0.528125 0.459375 0.535937 0.364063 0.564063 0.334375 0.582812 0.334375 0.621875 0.346875 0.631250 0.354687 0.631250 0.495312 0.596875 0.600000 0.593750 0.609375 0.581250 0.614062 0.581250 0.614062 0.557813 0.609375 0.557813 0.595313 0.542188 0.564063 0.535937 0.560937 0.528125
0 0.664494 0.575325 0.626563 0.578125 0.614547 0.601592 0.619805 0.814358 0.653125 0.842187 0.759375 0.845313 0.775000 0.845313 0.806250 0.837500 0.832812 0.809375 0.832812 0.657813 0.818717 0.649750 0.809375 0.635938 0.689063 0.587500
0 0.357642 0.219022 0.340625 0.232813 0.340625 0.343750 0.368750 0.360938 0.476562 0.400000 0.515625 0.407813 0.534375 0.364063 0.537500 0.301563 0.532813 0.235937 0.517188 0.225000
5 0.444531 0.421875 0.384375 0.421875 0.381250 0.429688 0.346875 0.451562 0.346875 0.570312 0.365625 0.570312 0.365625 0.564063 0.375000 0.559375 0.484375 0.528125 0.589063 0.537500 0.620313 0.526563 0.620313 0.504687 0.614062 0.503125 0.600000 0.475000 0.589063 0.464062 0.459375 0.429688 0.453125 0.421875
5 0.542188 0.721875 0.542188 0.728125 0.514062 0.751563 0.476562 0.771875 0.460938 0.784375 0.453125 0.785937 0.453125 0.795312 0.464062 0.796875 0.473438 0.803125 0.484375 0.806250 0.487500 0.809375 0.487500 0.814063 0.507812 0.814063 0.507812 0.807813 0.523438 0.778125 0.535937 0.760938 0.543750 0.745313 0.546875 0.742188 0.551562 0.742188 0.551562 0.721875
