7 0.307589 0.103125 0.259375 0.103125 0.254688 0.114062 0.254688 0.131250 0.278125 0.168750 0.284375 0.189062 0.264062 0.200000 0.242188 0.228125 0.234375 0.231250 0.234375 0.289062 0.276562 0.315625 0.306250 0.323437 0.335938 0.323437 0.385937 0.359375 0.414062 0.359375 0.435937 0.343750 0.448437 0.323437 0.448437 0.162500 0.442188 0.148438 0.423438 0.137500 0.404687 0.142187 0.395313 0.154688 0.384375 0.153125 0.350000 0.125000 0.318750 0.110937 0.315625 0.103125
4 0.628125 0.084375 0.604688 0.084375 0.601562 0.093750 0.575000 0.114062 0.521875 0.109375 0.492188 0.143750 0.478125 0.153125 0.478125 0.364063 0.485938 0.367188 0.493750 0.384375 0.509375 0.396875 0.543750 0.398438 0.584375 0.385937 0.803125 0.282813 0.832812 0.262500 0.842187 0.250000 0.843750 0.221875 0.851562 0.217188 0.851562 0.154688 0.843750 0.151562 0.831250 0.120313 0.820312 0.107813 0.810937 0.103125 0.795312 0.109375 0.751563 0.107813 0.723437 0.096875 0.715625 0.090625 0.715625 0.084375 0.676562 0.084375 0.668750 0.100000 0.651563 0.103125 0.637500 0.093750 0.635938 0.084375
1 0.619531 0.603125 0.576562 0.603125 0.554688 0.637500 0.553125 0.703125 0.546875 0.704688 0.546875 0.918750 0.575000 0.925000 0.584375 0.939063 0.600000 0.931250 0.642188 0.931250 0.656250 0.948438 0.689063 0.951562 0.690625 0.957812 0.782813 0.957812 0.782813 0.953125 0.796875 0.946875 0.807813 0.932813 0.820312 0.907813 0.825000 0.768750 0.826562 0.760938 0.832812 0.759375 0.832812 0.721875 0.825000 0.718750 0.803125 0.690625 0.784375 0.678125 0.668750 0.631250 0.631250 0.610938 0.628125 0.603125
5 0.263125 0.353125 0.228125 0.353125 0.192188 0.412500 0.179688 0.525000 0.156250 0.556250 0.146875 0.560937 0.146875 0.625000 0.178125 0.646875 0.203125 0.682813 0.221875 0.687500 0.342187 0.750000 0.381250 0.762500 0.395313 0.754687 0.429688 0.710938 0.467187 0.678125 0.510938 0.664062 0.523438 0.653125 0.532813 0.651563 0.532813 0.631250 0.525000 0.628125 0.515625 0.603125 0.509375 0.514062 0.485938 0.467187 0.448437 0.431250 0.384375 0.401562 0.304688 0.382812 0.285938 0.373437 0.271875 0.359375 0.271875 0.353125
0 0.616667 0.596875 0.575000 0.596875 0.575000 0.603125 0.553125 0.623437 0.546875 0.639062 0.540625 0.640625 0.540625 0.942187 0.545312 0.942187 0.559375 0.960938 0.579688 0.968750 0.582812 0.976562 0.800000 0.976562 0.800000 0.970313 0.826562 0.950000 0.837500 0.925000 0.845313 0.921875 0.845313 0.715625 0.798438 0.676562 0.640625 0.612500 0.629687 0.606250 0.625000 0.596875
2 0.801562 0.328125 0.754687 0.328125 0.751563 0.335938 0.598437 0.404687 0.559375 0.429688 0.559375 0.542188 0.590625 0.562500 0.768750 0.637500 0.787500 0.639062 0.806250 0.629687 0.821875 0.604688 0.826562 0.442188 0.832812 0.440625 0.826562 0.437500 0.826562 0.425000 0.832812 0.423438 0.832812 0.362500 0.825000 0.359375 0.809375 0.328125
5 0.506250 0.665625 0.482812 0.665625 0.479687 0.673438 0.467187 0.676562 0.400000 0.748437 0.378125 0.757812 0.340625 0.750000 0.217188 0.689063 0.196875 0.689063 0.173437 0.753125 0.165625 0.756250 0.165625 0.765625 0.218750 0.785937 0.245312 0.789062 0.265625 0.801562 0.273438 0.800000 0.273438 0.815625 0.278125 0.821875 0.343750 0.885938 0.373437 0.910937 0.382812 0.912500 0.498437 0.809375 0.506250 0.726562 0.507812 0.717187 0.514062 0.715625 0.514062 0.665625
0 0.421875 0.096875 0.218750 0.096875 0.218750 0.101562 0.195312 0.121875 0.185938 0.142187 0.178125 0.145313 0.178125 0.273438 0.223438 0.303125 0.353125 0.350000 0.378125 0.364063 0.379688 0.370312 0.415625 0.370312 0.415625 0.365625 0.432812 0.354687 0.450000 0.334375 0.456250 0.309375 0.457813 0.239063 0.464062 0.237500 0.464062 0.135937 0.457813 0.134375 0.451562 0.120313 0.429688 0.101562 0.429688 0.096875
0 0.812053 0.309375 0.762500 0.309375 0.760938 0.317188 0.582812 0.401562 0.553125 0.426563 0.553125 0.548438 0.592187 0.571875 0.771875 0.648438 0.778125 0.657813 0.810937 0.657813 0.814063 0.650000 0.831250 0.640625 0.845313 0.626563 0.853125 0.592187 0.853125 0.362500 0.845313 0.342187 0.821875 0.317188 0.820312 0.309375
0 0.248214 0.328125 0.200000 0.328125 0.181250 0.351562 0.171875 0.375000 0.165625 0.485938 0.159375 0.521875 0.167187 0.576562 0.160938 0.609375 0.153125 0.621875 0.159375 0.670312 0.154688 0.704688 0.146875 0.709375 0.146875 0.918750 0.198437 0.946875 0.270313 0.948438 0.307812 0.957812 0.359375 0.960938 0.457813 0.964063 0.489063 0.959375 0.509375 0.939063 0.517188 0.914062 0.526563 0.654687 0.532813 0.635938 0.539062 0.634375 0.539062 0.598437 0.532813 0.596875 0.529687 0.578125 0.531250 0.520312 0.532813 0.510938 0.539062 0.509375 0.539062 0.481250 0.532813 0.479687 0.514062 0.445312 0.495312 0.429688 0.335938 0.370312 0.260937 0.337500 0.256250 0.328125
