3 0.735267 0.265625 0.684375 0.265625 0.681250 0.273438 0.528125 0.345313 0.514062 0.362500 0.509375 0.362500 0.509375 0.457813 0.515625 0.457813 0.532813 0.478125 0.550000 0.487500 0.700000 0.543750 0.703125 0.551562 0.743750 0.551562 0.743750 0.545312 0.759375 0.531250 0.768750 0.506250 0.764062 0.328125 0.759375 0.293750 0.743750 0.265625
7 0.339062 0.103125 0.292187 0.103125 0.289062 0.110937 0.246875 0.132812 0.221875 0.131250 0.196875 0.139063 0.196875 0.201563 0.201563 0.201563 0.212500 0.218750 0.225000 0.226562 0.262500 0.228125 0.268750 0.237500 0.270313 0.260937 0.276562 0.276562 0.346875 0.300000 0.350000 0.307812 0.387500 0.307812 0.387500 0.303125 0.407813 0.284375 0.414062 0.245312 0.420312 0.243750 0.420312 0.178125 0.412500 0.175000 0.376563 0.137500 0.371875 0.125000 0.350000 0.110937 0.346875 0.103125
0 0.721783 0.078125 0.460938 0.078125 0.448437 0.096875 0.434375 0.106250 0.434375 0.317188 0.440625 0.317188 0.464062 0.345313 0.501563 0.345313 0.504687 0.337500 0.543750 0.321875 0.726562 0.225000 0.756250 0.203125 0.770312 0.190625 0.770312 0.115625 0.764062 0.114062 0.757812 0.101562 0.732812 0.085938 0.729688 0.078125
0 0.585742 0.515625 0.529687 0.515625 0.521875 0.529687 0.509375 0.537500 0.509375 0.809375 0.534375 0.829688 0.573438 0.839063 0.575000 0.845313 0.732812 0.845313 0.734375 0.837500 0.776563 0.807813 0.776563 0.610938 0.771875 0.610938 0.759375 0.592187 0.742188 0.578125 0.600000 0.525000 0.593750 0.515625
0 0.384305 0.078125 0.218750 0.078125 0.217188 0.084375 0.171875 0.115625 0.171875 0.235937 0.193750 0.251563 0.253125 0.276562 0.353125 0.306250 0.356250 0.314063 0.382812 0.314063 0.385937 0.306250 0.420312 0.278125 0.420312 0.109375 0.412500 0.106250 0.392188 0.078125
4 0.676291 0.096875 0.498437 0.096875 0.482812 0.131250 0.464062 0.143750 0.453125 0.165625 0.446875 0.167187 0.446875 0.325000 0.481250 0.339062 0.484375 0.345313 0.485938 0.339062 0.509375 0.332813 0.592187 0.287500 0.720313 0.226562 0.745313 0.209375 0.745313 0.198437 0.737500 0.195312 0.729688 0.176563 0.728125 0.125000 0.717187 0.114062 0.685937 0.103125 0.684375 0.096875
0 0.737500 0.259375 0.682813 0.259375 0.679688 0.267188 0.529687 0.343750 0.514062 0.362500 0.509375 0.362500 0.509375 0.460938 0.545312 0.487500 0.710938 0.550000 0.714063 0.557813 0.735938 0.557813 0.737500 0.551562 0.776563 0.521875 0.776563 0.357812 0.770312 0.356250 0.770312 0.337500 0.776563 0.335938 0.770312 0.325000 0.776563 0.320312 0.770312 0.318750 0.764062 0.285938 0.745313 0.259375
0 0.239733 0.284375 0.187500 0.284375 0.187500 0.290625 0.171875 0.307812 0.164062 0.331250 0.164062 0.371875 0.156250 0.389062 0.154688 0.420312 0.168750 0.443750 0.171875 0.473438 0.164062 0.489063 0.157812 0.560937 0.153125 0.578125 0.146875 0.579688 0.146875 0.634375 0.153125 0.635938 0.160938 0.664062 0.154688 0.690625 0.156250 0.787500 0.175000 0.821875 0.204687 0.832812 0.356250 0.837500 0.379688 0.839063 0.381250 0.845313 0.426563 0.845313 0.428125 0.839063 0.454688 0.832812 0.475000 0.818750 0.485938 0.795312 0.490625 0.762500 0.493750 0.660937 0.495312 0.651563 0.501563 0.650000 0.501563 0.601562 0.495312 0.600000 0.492188 0.581250 0.492188 0.531250 0.495312 0.517188 0.501563 0.515625 0.501563 0.495312 0.493750 0.490625 0.487500 0.400000 0.470313 0.378125 0.450000 0.365625 0.250000 0.292187 0.248438 0.284375
5 0.186719 0.559375 0.160938 0.559375 0.159375 0.567187 0.134375 0.578125 0.134375 0.625000 0.142187 0.626563 0.162500 0.659375 0.207813 0.707812 0.287500 0.814063 0.315625 0.814063 0.318750 0.806250 0.353125 0.792188 0.404687 0.759375 0.467187 0.693750 0.492188 0.651563 0.495312 0.628125 0.501563 0.626563 0.501563 0.615625 0.495312 0.614062 0.468750 0.571875 0.459375 0.565625 0.243750 0.626563 0.228125 0.612500 0.195312 0.559375
5 0.316667 0.371875 0.225000 0.371875 0.221875 0.379688 0.206250 0.384375 0.140625 0.393750 0.140625 0.448437 0.150000 0.454688 0.182812 0.551562 0.246875 0.626563 0.467187 0.560937 0.484375 0.540625 0.489063 0.540625 0.489063 0.454688 0.482812 0.453125 0.473438 0.428125 0.439063 0.395313 0.426563 0.393750 0.414062 0.400000 0.339062 0.385937 0.332813 0.384375 0.325000 0.371875
1 0.578125 0.521875 0.539062 0.521875 0.525000 0.545312 0.521875 0.560937 0.515625 0.562500 0.515625 0.721875 0.520312 0.721875 0.523438 0.729688 0.526563 0.785937 0.553125 0.815625 0.612500 0.810937 0.626563 0.823438 0.640625 0.821875 0.659375 0.807813 0.732812 0.792188 0.746875 0.776563 0.756250 0.750000 0.764062 0.740625 0.770312 0.740625 0.770312 0.729688 0.764062 0.728125 0.754687 0.700000 0.759375 0.629687 0.754687 0.609375 0.735938 0.589063 0.589063 0.529687 0.585938 0.521875
