4 0.686980 0.109375 0.645312 0.109375 0.645312 0.115625 0.632812 0.126562 0.596875 0.131250 0.485938 0.131250 0.453125 0.150000 0.442188 0.173437 0.442188 0.206250 0.440625 0.214062 0.434375 0.215625 0.434375 0.243750 0.440625 0.245312 0.445312 0.262500 0.445312 0.309375 0.451562 0.340625 0.471875 0.370312 0.507812 0.370312 0.510938 0.362500 0.614062 0.310937 0.734375 0.237500 0.745313 0.209375 0.751563 0.207813 0.751563 0.189062 0.745313 0.187500 0.729688 0.146875 0.698438 0.118750 0.695312 0.109375
0 0.613281 0.540625 0.579338 0.535313 0.553125 0.546875 0.534375 0.562500 0.539513 0.715772 0.545312 0.796875 0.556250 0.857812 0.567187 0.871875 0.600000 0.887500 0.767188 0.878125 0.807813 0.867188 0.828125 0.846875 0.835092 0.835870 0.838827 0.819691 0.832812 0.768750 0.803125 0.626563 0.789062 0.606250 0.771875 0.595313 0.648438 0.557813 0.625000 0.548438
0 0.738839 0.278125 0.718727 0.271467 0.687500 0.285938 0.650000 0.301563 0.560937 0.353125 0.533289 0.372277 0.518977 0.392811 0.521875 0.476562 0.532045 0.494242 0.555069 0.511044 0.751708 0.573270 0.778466 0.569538 0.787500 0.531250 0.789062 0.485938 0.787500 0.478125 0.767188 0.321875 0.759797 0.309427
0 0.219663 0.326228 0.196639 0.329961 0.173614 0.350497 0.166770 0.384098 0.165625 0.878125 0.184375 0.893750 0.203125 0.906250 0.226562 0.912500 0.432812 0.900000 0.495312 0.890625 0.526563 0.867188 0.520312 0.665625 0.518750 0.654687 0.503125 0.421875 0.476562 0.396875 0.403125 0.371875 0.292187 0.346875 0.260937 0.335938 0.235842 0.326850
0 0.370875 0.125855 0.215003 0.128747 0.189794 0.140167 0.171748 0.164436 0.169881 0.274578 0.189794 0.293869 0.208753 0.302184 0.279066 0.324059 0.338441 0.336559 0.366520 0.344895 0.389544 0.344273 0.406967 0.332450 0.415058 0.320005 0.415058 0.188083 0.413441 0.167809 0.407191 0.147497 0.391566 0.128747
0 0.635938 0.109375 0.623437 0.112500 0.503125 0.117188 0.457813 0.123438 0.434375 0.135937 0.425636 0.161947 0.429370 0.211106 0.434375 0.334375 0.443059 0.349252 0.457813 0.360938 0.478125 0.370312 0.501563 0.370312 0.659375 0.289062 0.689063 0.265625 0.721875 0.248438 0.757812 0.217188 0.750000 0.170313 0.745313 0.143750 0.721217 0.110298
5 0.303125 0.367188 0.270313 0.464062 0.190625 0.554688 0.175000 0.562500 0.175000 0.573438 0.206250 0.593750 0.225000 0.620313 0.225000 0.634375 0.234375 0.632812 0.243750 0.643750 0.251563 0.643750 0.350000 0.751563 0.371875 0.765625 0.414062 0.778125 0.435937 0.742188 0.467187 0.754687 0.484375 0.748437 0.507812 0.645312 0.503125 0.565625 0.489063 0.529687 0.457813 0.487500 0.435937 0.442188 0.401562 0.407813 0.365625 0.375000 0.360938 0.381250 0.348438 0.381250 0.314063 0.364063
5 0.364063 0.376563 0.439063 0.448437 0.462500 0.493750 0.490625 0.507812 0.493750 0.468750 0.503125 0.446875 0.476562 0.434375 0.450000 0.406250 0.409375 0.389062 0.396875 0.376563
5 0.175000 0.381250 0.170313 0.382812 0.175000 0.418750 0.209375 0.526563 0.264062 0.470313 0.293750 0.384375 0.285938 0.379688 0.243750 0.385937 0.231250 0.378125
5 0.167187 0.609375 0.167187 0.625000 0.195312 0.659375 0.292187 0.734375 0.406250 0.779687 0.425000 0.779687 0.437500 0.765625 0.440625 0.751563 0.414062 0.726562 0.406250 0.726562 0.398438 0.750000 0.387500 0.762500 0.357812 0.753125 0.329688 0.717187 0.292187 0.689063 0.212500 0.595313 0.189062 0.590625
5 0.168750 0.728125 0.167187 0.746875 0.189062 0.793750 0.246875 0.867188 0.337500 0.890625 0.381250 0.882812 0.415625 0.854688 0.450000 0.810937 0.476562 0.759375 0.434375 0.740625 0.425000 0.760938 0.426563 0.771875 0.404687 0.778125 0.292187 0.735938 0.210938 0.676562
7 0.292187 0.153125 0.260937 0.153125 0.260937 0.157812 0.239063 0.173437 0.190625 0.228125 0.191039 0.251555 0.193528 0.273334 0.201563 0.296875 0.248438 0.309375 0.279687 0.309375 0.289062 0.300000 0.295312 0.300000 0.303125 0.320312 0.314063 0.328125 0.348438 0.337500 0.353125 0.345313 0.385937 0.345313 0.410938 0.315625 0.407813 0.198437 0.401562 0.189062 0.370312 0.173437 0.312500 0.164062 0.303125 0.160938 0.300000 0.153125
2 0.531250 0.398438 0.531250 0.473438 0.548438 0.500000 0.737500 0.560937 0.751563 0.559375 0.767188 0.548438 0.776563 0.514062 0.765625 0.437500 0.764062 0.396875 0.770312 0.371875 0.754687 0.356250 0.750000 0.325000 0.735938 0.307812 0.721875 0.301563 0.687500 0.306250 0.631250 0.334375 0.607812 0.353125 0.543750 0.381250
1 0.546875 0.570312 0.542188 0.607812 0.556250 0.692187 0.556250 0.779687 0.564063 0.831250 0.573438 0.845313 0.604688 0.859375 0.778125 0.854688 0.795312 0.846875 0.809375 0.829688 0.812500 0.806250 0.795312 0.653125 0.781250 0.620313 0.768750 0.617188 0.764062 0.609375 0.754687 0.610938 0.746875 0.603125 0.632812 0.570312 0.589063 0.550000 0.564063 0.551562
