5 0.771355 0.409375 0.704688 0.409375 0.700000 0.417187 0.578125 0.470313 0.539062 0.457813 0.542188 0.465625 0.521875 0.484375 0.484375 0.498437 0.434375 0.562500 0.378125 0.598437 0.378125 0.631250 0.384375 0.632812 0.395313 0.657813 0.390625 0.671875 0.459375 0.731250 0.510938 0.767188 0.551562 0.776563 0.565625 0.787500 0.648438 0.787500 0.673438 0.809375 0.731250 0.810937 0.839063 0.804688 0.998437 0.781250 0.998437 0.634375 0.970313 0.612500 0.901563 0.528125 0.848437 0.476562 0.842187 0.459375 0.807813 0.443750 0.779687 0.409375
0 0.601480 0.128125 0.347255 0.127803 0.307812 0.135937 0.296875 0.140625 0.289702 0.160691 0.296875 0.189062 0.354509 0.269994 0.389062 0.323437 0.409375 0.339062 0.425000 0.343750 0.542188 0.345313 0.559375 0.339062 0.575000 0.323437 0.633088 0.184872 0.636473 0.166494 0.632605 0.147631 0.609375 0.128125
0 0.032777 0.457538 0.012230 0.468300 0.000000 0.475000 0.000978 0.851355 0.160938 0.850000 0.212500 0.812500 0.240625 0.762500 0.256250 0.714063 0.300000 0.626563 0.315625 0.584375 0.331250 0.553125 0.343917 0.525537 0.334375 0.492188 0.310937 0.465625 0.295312 0.459375
0 0.243272 0.128770 0.232631 0.124417 0.121394 0.124417 0.090625 0.134375 0.071875 0.196875 0.059375 0.226562 0.015625 0.353125 0.005803 0.398158 0.015625 0.423438 0.045312 0.437500 0.334375 0.439063 0.367188 0.426563 0.376563 0.417187 0.395313 0.393750 0.395313 0.362500 0.382077 0.342539 0.364063 0.323437 0.310937 0.226562 0.267188 0.162500 0.254688 0.134375
0 0.689673 0.127319 0.672262 0.130220 0.659375 0.154688 0.643750 0.209375 0.626563 0.248438 0.617127 0.273863 0.611808 0.295627 0.615625 0.315625 0.629219 0.328030 0.640625 0.334375 0.653884 0.341572 0.675000 0.345313 0.800000 0.345313 0.818750 0.345313 0.825000 0.345313 0.839063 0.343750 0.940625 0.342187 0.957812 0.339062 0.989062 0.323437 0.991466 0.305783 0.985662 0.291758 0.968750 0.262500 0.926562 0.165625 0.904687 0.140625 0.885938 0.128125
7 0.214062 0.484375 0.128125 0.484375 0.123438 0.493750 0.064062 0.542188 0.043750 0.578125 0.017188 0.582812 0.009375 0.601562 0.003125 0.603125 0.003125 0.801562 0.039062 0.806250 0.043750 0.812500 0.045312 0.839063 0.159375 0.839063 0.193750 0.785937 0.221875 0.773438 0.237500 0.750000 0.278125 0.657813 0.295312 0.598437 0.303125 0.584375 0.314063 0.578125 0.314063 0.556250 0.307812 0.556250 0.262500 0.514062 0.225000 0.492188 0.221875 0.484375
0 0.546875 0.367188 0.460938 0.373437 0.434375 0.390625 0.362500 0.543750 0.289062 0.717187 0.280133 0.741033 0.270245 0.775966 0.280133 0.812878 0.301563 0.829688 0.339062 0.843750 0.386253 0.850448 0.460938 0.843750 0.557813 0.840625 0.737500 0.835938 0.851562 0.826562 0.995313 0.825000 0.998437 0.371258 0.968928 0.358734 0.753125 0.365625 0.734375 0.367188 0.715625 0.365625 0.712500 0.365625
5 0.389062 0.646875 0.378125 0.646875 0.376563 0.668750 0.362500 0.693750 0.348438 0.734375 0.340625 0.737500 0.340625 0.807813 0.346875 0.807813 0.354687 0.782813 0.367188 0.773438 0.400000 0.779687 0.460938 0.778125 0.478125 0.784375 0.485938 0.784375 0.503125 0.775000 0.520312 0.773438 0.520312 0.757812 0.484375 0.746875 0.451562 0.720313 0.407813 0.664062 0.400000 0.646875
1 0.628125 0.279687 0.618750 0.309375 0.621875 0.317188 0.640625 0.334375 0.664062 0.342187 0.792188 0.343750 0.962500 0.334375 0.962500 0.320312 0.948438 0.293750 0.917188 0.248438 0.907813 0.223438 0.900000 0.218750 0.900000 0.195312 0.884375 0.175000 0.871875 0.168750 0.670312 0.168750 0.665625 0.192188 0.656250 0.196875
1 0.052663 0.404564 0.053125 0.431250 0.064062 0.437500 0.317188 0.437500 0.357812 0.425000 0.375000 0.400000 0.375000 0.382812 0.349137 0.350600 0.317188 0.309375 0.251563 0.171875 0.232813 0.164062 0.153125 0.164062 0.128125 0.167187 0.106627 0.210816 0.088422 0.285584
2 0.307812 0.175000 0.306250 0.187500 0.317188 0.207813 0.395313 0.326562 0.435937 0.345313 0.520312 0.346875 0.559375 0.337500 0.575000 0.310937 0.620313 0.185938 0.615625 0.168750 0.584375 0.150000 0.348438 0.150000 0.321875 0.157812
