0 0.626077 0.691827 0.589063 0.703125 0.576562 0.714063 0.565011 0.731347 0.559375 0.735938 0.559375 0.953125 0.612500 0.976562 0.632812 0.976562 0.684375 0.976562 0.706250 0.976562 0.782813 0.971875 0.826562 0.959375 0.842187 0.943750 0.857812 0.920312 0.857812 0.779687 0.831250 0.757812 0.701562 0.717187 0.673438 0.704688
7 0.635677 0.696875 0.595313 0.696875 0.590625 0.706250 0.571875 0.718750 0.571875 0.914062 0.604688 0.914062 0.659375 0.945312 0.660937 0.951562 0.718750 0.951562 0.720313 0.945312 0.770312 0.918750 0.793750 0.890625 0.807813 0.856250 0.814063 0.854688 0.814063 0.812500 0.807813 0.810937 0.792188 0.770312 0.770312 0.746875 0.664062 0.712500 0.646875 0.704688 0.643750 0.696875
0 0.401467 0.046875 0.159530 0.040902 0.134252 0.059517 0.122942 0.076803 0.124273 0.335437 0.150000 0.351562 0.181250 0.368750 0.347127 0.432508 0.369078 0.444475 0.401009 0.447134 0.438262 0.429183 0.448437 0.401562 0.451562 0.382812 0.451562 0.370312 0.450000 0.359375 0.451562 0.304688 0.451562 0.275000 0.450000 0.195312 0.451562 0.181250 0.451562 0.175000 0.451562 0.167187 0.451562 0.162500 0.451562 0.125000 0.445312 0.098437 0.429688 0.070312 0.409375 0.046875
0 0.202734 0.396875 0.145313 0.396875 0.145313 0.401562 0.121875 0.420312 0.121875 0.735938 0.142187 0.753125 0.176563 0.770312 0.231250 0.754687 0.412500 0.660937 0.437500 0.639062 0.450000 0.609375 0.450000 0.528125 0.440625 0.504687 0.421875 0.482812 0.220312 0.407813 0.210938 0.396875
0 0.495536 0.650530 0.457495 0.657033 0.428464 0.670541 0.150000 0.809375 0.124337 0.840800 0.126562 0.943750 0.142858 0.970869 0.168750 0.985938 0.310937 0.987500 0.323437 0.989062 0.329688 0.989062 0.375000 0.984375 0.476562 0.984375 0.526563 0.960938 0.543750 0.932813 0.545312 0.878125 0.551562 0.867188 0.545312 0.865625 0.543750 0.693750 0.539062 0.679688 0.514062 0.653125
5 0.834375 0.409375 0.829688 0.418750 0.781250 0.446875 0.709375 0.507812 0.615625 0.601562 0.609375 0.601562 0.609375 0.618750 0.731250 0.626563 0.732812 0.632812 0.803125 0.632812 0.815625 0.604688 0.839063 0.423438 0.834375 0.414062
4 0.510417 0.659375 0.443750 0.659375 0.440625 0.667188 0.415625 0.682813 0.334375 0.720313 0.285938 0.750000 0.184375 0.792188 0.140625 0.815625 0.140625 0.881250 0.148438 0.885938 0.151562 0.923438 0.253125 0.928125 0.260937 0.923438 0.328125 0.921875 0.357812 0.925000 0.382812 0.945312 0.393750 0.928125 0.401562 0.925000 0.445312 0.921875 0.490625 0.926562 0.531250 0.917188 0.537500 0.825000 0.539062 0.818750 0.545312 0.817187 0.545312 0.796875 0.540625 0.796875 0.537500 0.789062 0.539062 0.767188 0.545312 0.765625 0.545312 0.723437 0.539062 0.721875 0.535937 0.693750 0.518750 0.659375
5 0.807813 0.109375 0.796875 0.109375 0.792188 0.117188 0.751563 0.129688 0.628125 0.151562 0.628125 0.167187 0.640625 0.175000 0.682813 0.226562 0.739062 0.285938 0.807813 0.275000 0.815625 0.264062 0.820312 0.242188 0.826562 0.240625 0.826562 0.118750 0.818750 0.115625 0.818750 0.109375
5 0.610156 0.146875 0.584375 0.146875 0.578125 0.162500 0.520312 0.246875 0.498437 0.296875 0.490625 0.300000 0.490625 0.421875 0.498437 0.426563 0.509375 0.498437 0.520312 0.534375 0.521875 0.564063 0.551562 0.618750 0.570312 0.634375 0.570312 0.639062 0.581250 0.639062 0.607812 0.604688 0.746875 0.470313 0.790625 0.437500 0.839063 0.414062 0.839063 0.401562 0.831250 0.398438 0.809375 0.364063 0.778125 0.339062 0.737500 0.295312 0.632812 0.171875 0.618750 0.146875
0 0.807270 0.056258 0.515459 0.050255 0.493434 0.058759 0.477919 0.074267 0.472912 0.100281 0.471875 0.584375 0.475416 0.595903 0.487930 0.616914 0.508952 0.628419 0.760938 0.709375 0.779687 0.717187 0.807270 0.730972 0.842187 0.703125 0.850000 0.689063 0.859375 0.640625 0.856250 0.498437 0.862500 0.306250 0.862500 0.137500 0.854688 0.100000 0.837500 0.071875 0.821875 0.059375
5 0.568750 0.153125 0.490625 0.153125 0.490625 0.301563 0.500000 0.301563 0.503125 0.287500 0.521875 0.243750 0.539062 0.220312 0.568750 0.168750 0.576562 0.167187 0.576562 0.153125
5 0.759375 0.303125 0.759375 0.321875 0.764062 0.321875 0.798438 0.356250 0.809375 0.364063 0.820312 0.381250 0.832812 0.393750 0.834375 0.401562 0.840625 0.401562 0.843750 0.373437 0.846875 0.367188 0.851562 0.367188 0.851562 0.315625 0.846875 0.315625 0.839063 0.310937 0.835938 0.307812 0.835938 0.303125 0.778125 0.303125 0.776563 0.309375 0.771875 0.309375 0.770312 0.303125
1 0.198778 0.070538 0.162500 0.067187 0.150883 0.086494 0.139573 0.096467 0.142234 0.319198 0.157812 0.346875 0.228714 0.383025 0.307812 0.409375 0.377727 0.431561 0.396875 0.437500 0.429688 0.421875 0.442188 0.403125 0.441589 0.383025 0.443750 0.339062 0.438928 0.315873 0.438928 0.266673 0.437597 0.137023 0.434375 0.098437 0.414062 0.079687 0.359100 0.073862
1 0.152213 0.457586 0.156205 0.716220 0.187470 0.733506 0.205431 0.746139 0.269959 0.718880 0.309208 0.696273 0.408992 0.648403 0.438262 0.625133 0.437597 0.577927 0.436933 0.538700 0.435602 0.506786 0.408992 0.492159 0.198114 0.407056 0.168844 0.427667
