4 0.207572 0.165625 0.110937 0.165625 0.109375 0.171875 0.084375 0.181250 0.070312 0.200000 0.065625 0.226562 0.067187 0.260937 0.059375 0.267188 0.059375 0.279687 0.065625 0.281250 0.065625 0.290625 0.059375 0.292187 0.059375 0.481250 0.067187 0.484375 0.084375 0.525000 0.112500 0.564063 0.196875 0.564063 0.198437 0.557813 0.231250 0.554688 0.256250 0.556250 0.262500 0.564063 0.340625 0.564063 0.343750 0.556250 0.395313 0.520312 0.395313 0.478125 0.387500 0.475000 0.345313 0.382812 0.293750 0.303125 0.254688 0.209375 0.215625 0.171875 0.215625 0.165625
0 0.345919 0.170308 0.331250 0.175000 0.303125 0.195312 0.286330 0.216767 0.287845 0.239492 0.301563 0.262500 0.310937 0.276562 0.389062 0.435937 0.403125 0.451562 0.417628 0.467244 0.435937 0.470313 0.522666 0.466233 0.535937 0.453125 0.559375 0.426563 0.601562 0.320312 0.632812 0.235937 0.632812 0.218750 0.632755 0.199598 0.610534 0.176369 0.579730 0.172328 0.456250 0.171875 0.368750 0.171875
0 0.890445 0.178125 0.690625 0.178125 0.670312 0.201563 0.604688 0.360938 0.590334 0.412705 0.589830 0.428359 0.596875 0.445312 0.631250 0.464062 0.670312 0.468750 0.828125 0.467187 0.870313 0.470313 0.885938 0.470313 0.915625 0.457813 0.929688 0.439063 0.933223 0.229897 0.931250 0.226562 0.920312 0.203125 0.912014 0.192528
0 0.207813 0.159375 0.124228 0.158694 0.098437 0.165625 0.075000 0.185938 0.067187 0.201563 0.063628 0.526327 0.071203 0.540972 0.106048 0.563191 0.134375 0.562500 0.328125 0.562500 0.345313 0.557813 0.382812 0.532813 0.395313 0.506250 0.395313 0.487500 0.382812 0.453125 0.304688 0.310937 0.254688 0.206250 0.242188 0.185938 0.218750 0.167187
0 0.304688 0.578125 0.109375 0.578125 0.106250 0.585938 0.065625 0.615625 0.065625 0.848437 0.078125 0.856250 0.087500 0.876563 0.257812 0.876563 0.257812 0.870313 0.281250 0.846875 0.289062 0.832812 0.298438 0.782813 0.315625 0.754687 0.326562 0.723437 0.350000 0.639062 0.345313 0.609375 0.331250 0.593750 0.315625 0.585938 0.312500 0.578125
0 0.742188 0.492188 0.715625 0.490625 0.625000 0.496875 0.457522 0.492997 0.440352 0.504613 0.421875 0.531250 0.342187 0.753125 0.323592 0.818389 0.334375 0.857812 0.371875 0.873437 0.626563 0.867188 0.745313 0.870313 0.782813 0.860938 0.846875 0.865625 0.884375 0.859375 0.917188 0.845313 0.939063 0.815625 0.945312 0.545312 0.939063 0.543750 0.934375 0.523438 0.920312 0.506250 0.903125 0.495312 0.884375 0.490625
2 0.315625 0.201563 0.306250 0.215625 0.306250 0.245312 0.403125 0.445312 0.425000 0.459375 0.450000 0.462500 0.514062 0.460938 0.539062 0.446875 0.617188 0.246875 0.618750 0.229687 0.607812 0.209375 0.592187 0.195312 0.556250 0.195312 0.515625 0.195312 0.485938 0.196875 0.340625 0.184375
1 0.598437 0.400000 0.598437 0.428125 0.607812 0.445312 0.635938 0.459375 0.879687 0.454688 0.896875 0.440625 0.904687 0.406250 0.907813 0.298438 0.900000 0.223438 0.890625 0.212500 0.862500 0.204687 0.834375 0.206250 0.832812 0.210938 0.687500 0.204687 0.667188 0.228125
7 0.112500 0.612500 0.101562 0.651563 0.107813 0.670312 0.103125 0.757812 0.110937 0.771875 0.214062 0.782813 0.232813 0.776563 0.257812 0.781250 0.295312 0.775000 0.345313 0.643750 0.345313 0.615625 0.328125 0.593750 0.303125 0.584375 0.160938 0.589063 0.126562 0.598437
5 0.403125 0.651563 0.396875 0.678125 0.412500 0.692187 0.415625 0.709375 0.428125 0.723437 0.551562 0.775000 0.590625 0.775000 0.606250 0.781250 0.609375 0.790625 0.695312 0.789062 0.707812 0.801562 0.704688 0.834375 0.709375 0.848437 0.723437 0.854688 0.731250 0.848437 0.807813 0.648438 0.843750 0.528125 0.837500 0.518750 0.817187 0.510938 0.742188 0.495312 0.682813 0.509375 0.675000 0.517188 0.668750 0.510938 0.653125 0.510938 0.595313 0.521875 0.548438 0.537500 0.482812 0.571875 0.445312 0.601562
5 0.414062 0.721875 0.410938 0.748437 0.426563 0.756250 0.426563 0.775000 0.434375 0.779687 0.470313 0.773438 0.487500 0.779687 0.504687 0.775000 0.542188 0.782813 0.548438 0.776563 0.528125 0.764062
5 0.431250 0.535937 0.426563 0.576562 0.418750 0.590625 0.418750 0.625000 0.482812 0.570312 0.559375 0.531250 0.517188 0.526563 0.510938 0.518750 0.473438 0.520312 0.443750 0.514062
5 0.776563 0.709375 0.765625 0.759375 0.743750 0.807813 0.740625 0.828125 0.818750 0.845313 0.884375 0.840625 0.904687 0.831250 0.881250 0.764062 0.870313 0.667188 0.848437 0.585938 0.837500 0.576562 0.840625 0.565625
