0 0.580000 0.521875 0.558017 0.520308 0.543750 0.521875 0.532825 0.530698 0.525267 0.546445 0.524008 0.565023 0.528102 0.719014 0.541013 0.731611 0.553125 0.734375 0.592187 0.739062 0.680517 0.742633 0.697522 0.736019 0.706025 0.722794 0.706250 0.709375 0.709489 0.680281 0.707812 0.623437 0.704688 0.590625 0.700000 0.581250 0.682813 0.567187 0.598437 0.532813 0.589063 0.526563
0 0.675794 0.224608 0.542588 0.230277 0.501563 0.232813 0.482812 0.251563 0.478975 0.263972 0.477402 0.389620 0.488423 0.400956 0.498814 0.406311 0.510466 0.406941 0.526211 0.403791 0.542902 0.394344 0.685937 0.321875 0.702561 0.312153 0.707812 0.300000 0.707812 0.251563 0.701931 0.239723 0.690625 0.228125
5 0.361980 0.378125 0.342187 0.378125 0.323437 0.431250 0.315625 0.435937 0.315625 0.628125 0.321875 0.629687 0.342187 0.657813 0.360938 0.659375 0.378125 0.668750 0.404687 0.646875 0.454688 0.587500 0.498437 0.548438 0.512500 0.521875 0.492188 0.495312 0.437500 0.445312 0.418750 0.417187 0.376563 0.387500 0.371875 0.378125
5 0.490625 0.559375 0.482812 0.559375 0.482812 0.564063 0.426563 0.625000 0.378125 0.668750 0.362500 0.662500 0.346875 0.662500 0.326562 0.650000 0.310937 0.675000 0.303125 0.676562 0.303125 0.712500 0.309375 0.712500 0.312500 0.720313 0.343750 0.720313 0.343750 0.715625 0.350000 0.712500 0.392188 0.704688 0.450000 0.684375 0.507812 0.671875 0.507812 0.646875 0.501563 0.645312 0.503125 0.640625 0.507812 0.640625 0.503125 0.640625 0.500000 0.632812 0.493750 0.578125 0.498437 0.559375
0 0.358884 0.371245 0.335692 0.366947 0.318372 0.373245 0.308103 0.389995 0.295603 0.555620 0.294041 0.566558 0.287791 0.710308 0.298848 0.724053 0.320892 0.731295 0.384666 0.732183 0.472166 0.738433 0.488737 0.733500 0.498500 0.727517 0.507947 0.716180 0.509836 0.668630 0.509666 0.569683 0.514245 0.450713 0.510466 0.431817 0.491572 0.418906 0.412216 0.391825 0.370603 0.379058
0 0.448437 0.234375 0.339472 0.237205 0.325930 0.243817 0.315625 0.250000 0.315625 0.343750 0.365625 0.367188 0.412500 0.381250 0.442131 0.385841 0.457247 0.379544 0.465434 0.370411 0.467323 0.358444 0.465625 0.250000 0.464175 0.243817 0.455042 0.235316
0 0.682091 0.345848 0.662567 0.345848 0.629687 0.360938 0.558333 0.395289 0.539062 0.410938 0.528102 0.423945 0.524322 0.467717 0.529361 0.486613 0.534375 0.490625 0.550000 0.498437 0.601562 0.521875 0.640208 0.535737 0.676108 0.548648 0.692798 0.544241 0.705080 0.533219 0.706969 0.516844 0.706250 0.446875 0.704688 0.375000 0.696875 0.353125
3 0.334375 0.257812 0.334375 0.337500 0.343750 0.351562 0.426563 0.382812 0.445312 0.379688 0.456250 0.370312 0.462500 0.359375 0.464062 0.306250 0.464062 0.262500 0.456250 0.250000 0.431250 0.242188
4 0.487500 0.270313 0.484375 0.384375 0.489063 0.395313 0.501563 0.403125 0.523438 0.401562 0.687500 0.320312 0.696875 0.309375 0.703125 0.279687 0.682813 0.237500 0.640625 0.231250 0.507812 0.242188 0.493750 0.253125
6 0.543750 0.428125 0.542188 0.482812 0.576562 0.510938 0.645312 0.532813 0.665625 0.528125 0.681250 0.512500 0.682813 0.484375 0.693750 0.454688 0.696875 0.398438 0.692187 0.379688 0.679688 0.368750 0.654687 0.373437 0.631250 0.393750 0.568750 0.404687
2 0.535937 0.545312 0.534375 0.704688 0.542188 0.725000 0.568750 0.732812 0.673438 0.735938 0.685937 0.731250 0.698438 0.710938 0.692187 0.582812 0.676562 0.570312 0.567187 0.526563 0.543750 0.529687
