0 0.843692 0.128125 0.639062 0.128125 0.620313 0.167187 0.592187 0.259375 0.583586 0.295220 0.587931 0.313673 0.610938 0.334375 0.642188 0.345313 0.676562 0.345313 0.689063 0.343750 0.882812 0.342187 0.930403 0.340086 0.948503 0.324528 0.949228 0.297030 0.928592 0.257116 0.917370 0.229980 0.894200 0.179686 0.884427 0.159062 0.864877 0.136630 0.851562 0.128125
0 0.565498 0.121875 0.295383 0.123598 0.271763 0.132778 0.257984 0.159664 0.275000 0.195312 0.346875 0.306250 0.371875 0.334375 0.406250 0.350000 0.512500 0.348438 0.535937 0.339062 0.545312 0.328125 0.584375 0.209375 0.593750 0.185938 0.607083 0.170902 0.601562 0.154688 0.590103 0.135747 0.573438 0.121875
0 0.209233 0.128125 0.042188 0.128125 0.026562 0.167187 0.010937 0.235937 0.002236 0.269852 0.000000 0.451562 0.004687 0.451562 0.120313 0.451562 0.129688 0.451562 0.301563 0.448437 0.343750 0.432812 0.359375 0.418750 0.368750 0.401562 0.376563 0.398438 0.376563 0.375000 0.370308 0.359687 0.223997 0.138048 0.217188 0.128125
2 0.549673 0.150239 0.340253 0.145795 0.296875 0.148438 0.283248 0.159844 0.273950 0.178431 0.279687 0.195312 0.364106 0.317927 0.376563 0.334375 0.398470 0.348231 0.514062 0.346875 0.529687 0.339062 0.540625 0.325000 0.591719 0.178525 0.581208 0.156705
1 0.204970 0.159033 0.078344 0.161000 0.059973 0.178705 0.036353 0.274442 0.017188 0.332813 0.010937 0.350000 0.003125 0.353125 0.003125 0.443750 0.020313 0.450000 0.289062 0.445312 0.328125 0.437500 0.354687 0.418750 0.362500 0.398438 0.357812 0.381250 0.258770 0.245589
1 0.764234 0.152188 0.649475 0.152550 0.632822 0.170812 0.602411 0.266333 0.589017 0.298897 0.590625 0.318750 0.626563 0.339062 0.642595 0.343402 0.773438 0.339062 0.845313 0.339062 0.864062 0.339062 0.915625 0.334375 0.920312 0.328125 0.920312 0.307812 0.914062 0.264062 0.892188 0.240625 0.868497 0.194242 0.848586 0.176067 0.826864 0.161595 0.793920 0.156891
0 0.271830 0.465625 0.012500 0.465625 0.007605 0.472045 0.000000 0.475000 0.000000 0.882812 0.006250 0.882812 0.007812 0.876563 0.160938 0.873437 0.214062 0.826562 0.229687 0.792188 0.237500 0.757812 0.273438 0.659375 0.310937 0.579688 0.319089 0.558858 0.324881 0.547280 0.326562 0.520312 0.316917 0.502052 0.308228 0.486855 0.279687 0.465625
7 0.119531 0.521875 0.093750 0.521875 0.079687 0.539062 0.073438 0.559375 0.045312 0.575000 0.023438 0.600000 0.009375 0.626563 0.003125 0.628125 0.003125 0.845313 0.034375 0.853125 0.043750 0.864062 0.131250 0.864062 0.132812 0.857812 0.165625 0.851562 0.184375 0.837500 0.189062 0.801562 0.182812 0.789062 0.189062 0.781250 0.217188 0.775000 0.228125 0.765625 0.271875 0.653125 0.276562 0.625000 0.290625 0.607812 0.295312 0.607812 0.295312 0.592187 0.279687 0.584375 0.148438 0.550000 0.128125 0.528125 0.128125 0.521875
5 0.747545 0.409375 0.695312 0.409375 0.693750 0.415625 0.682813 0.417187 0.621875 0.418750 0.553125 0.434375 0.489063 0.457813 0.439063 0.495312 0.404687 0.534375 0.371875 0.612500 0.365625 0.621875 0.359375 0.621875 0.359375 0.643750 0.492188 0.712500 0.543750 0.732812 0.565625 0.751563 0.551562 0.759375 0.551562 0.768750 0.568750 0.782813 0.590625 0.776563 0.601562 0.757812 0.626563 0.756250 0.648438 0.759375 0.657813 0.767188 0.673438 0.767188 0.734375 0.735938 0.746875 0.721875 0.762500 0.687500 0.771875 0.684375 0.785937 0.664062 0.785937 0.639062 0.804688 0.582812 0.812500 0.517188 0.814063 0.510938 0.820312 0.509375 0.820312 0.481250 0.812500 0.476562 0.806250 0.435937 0.782813 0.420312 0.757812 0.415625 0.756250 0.409375
5 0.901563 0.465625 0.892188 0.465625 0.887500 0.473438 0.839063 0.484375 0.814063 0.482812 0.812500 0.529687 0.801562 0.587500 0.756250 0.707812 0.735938 0.737500 0.723437 0.742188 0.685937 0.742188 0.553125 0.729688 0.553125 0.782813 0.565625 0.789062 0.648438 0.784375 0.678125 0.806250 0.750000 0.804688 0.832812 0.784375 0.893750 0.781250 0.926562 0.762500 0.923438 0.739062 0.928125 0.732812 0.951562 0.732812 0.957812 0.740625 0.976562 0.732812 0.976562 0.610938 0.950000 0.606250 0.937500 0.596875 0.956250 0.539062 0.959375 0.504687 0.946875 0.489063 0.912500 0.473438 0.910937 0.465625
0 0.537500 0.367188 0.445312 0.373437 0.425000 0.381250 0.406250 0.400000 0.373437 0.473438 0.342187 0.565625 0.292187 0.687500 0.265077 0.765641 0.268697 0.800377 0.284375 0.832812 0.334375 0.864062 0.395313 0.862500 0.445312 0.851562 0.581250 0.839063 0.595314 0.837078 0.717187 0.829688 0.914062 0.803125 0.998437 0.795830 0.998437 0.409997 0.989062 0.395313 0.972036 0.374538 0.940178 0.358617 0.693750 0.365625 0.684375 0.367188 0.629687 0.365625
5 0.960156 0.603125 0.934375 0.603125 0.932813 0.614062 0.909375 0.639062 0.889062 0.692187 0.814063 0.759375 0.790625 0.768750 0.790625 0.801562 0.803125 0.793750 0.881250 0.785937 0.910937 0.778125 0.979688 0.732812 0.998437 0.743750 0.998437 0.609375 0.973437 0.610938 0.968750 0.603125
