4 0.787277 0.053125 0.739062 0.053125 0.737500 0.065625 0.721875 0.075000 0.645312 0.075000 0.560937 0.067187 0.540625 0.073438 0.523438 0.089063 0.509375 0.137500 0.503125 0.139063 0.503125 0.345313 0.510938 0.348438 0.521875 0.367188 0.542188 0.379688 0.568750 0.379688 0.621875 0.365625 0.673438 0.342187 0.703125 0.321875 0.848437 0.259375 0.876563 0.251563 0.876563 0.079687 0.846875 0.073438 0.815625 0.073438 0.804688 0.068750 0.795312 0.059375 0.795312 0.053125
7 0.371719 0.103125 0.300000 0.103125 0.296875 0.110937 0.268750 0.131250 0.246875 0.167187 0.240625 0.168750 0.240625 0.228125 0.246875 0.229687 0.260937 0.251563 0.303125 0.285938 0.370312 0.314063 0.412500 0.306250 0.437500 0.293750 0.459375 0.265625 0.464062 0.248438 0.470313 0.246875 0.470313 0.214062 0.464062 0.212500 0.448437 0.167187 0.429688 0.142187 0.382812 0.110937 0.379688 0.103125
0 0.853048 0.046875 0.537500 0.046875 0.537500 0.053125 0.517188 0.076563 0.510938 0.098437 0.503125 0.101562 0.503125 0.357812 0.535937 0.381250 0.539062 0.389062 0.585938 0.389062 0.587500 0.382812 0.606250 0.373437 0.696875 0.337500 0.739062 0.312500 0.812500 0.282813 0.870313 0.253125 0.876563 0.245312 0.876563 0.212500 0.882812 0.210938 0.882812 0.203125 0.876563 0.201563 0.876563 0.164062 0.882812 0.162500 0.882812 0.145313 0.876563 0.143750 0.876563 0.139063 0.882812 0.137500 0.882812 0.079687 0.876563 0.078125 0.875000 0.062500 0.860938 0.051562 0.860938 0.046875
5 0.255730 0.315625 0.239063 0.315625 0.214062 0.354687 0.190625 0.409375 0.184375 0.410938 0.184375 0.503125 0.190625 0.504687 0.200000 0.531250 0.192188 0.568750 0.193750 0.607812 0.212500 0.689063 0.229687 0.803125 0.235937 0.812500 0.256250 0.825000 0.278125 0.829688 0.325000 0.796875 0.345313 0.790625 0.501563 0.617188 0.537500 0.585938 0.545312 0.564063 0.525000 0.540625 0.493750 0.521875 0.454688 0.479687 0.371875 0.410938 0.329688 0.368750 0.268750 0.325000 0.264062 0.315625
6 0.645000 0.596875 0.612500 0.596875 0.612500 0.603125 0.593750 0.618750 0.585938 0.640625 0.585938 0.707812 0.584375 0.720313 0.578125 0.721875 0.578125 0.778125 0.584375 0.779687 0.584375 0.810937 0.578125 0.812500 0.578125 0.892188 0.584375 0.893750 0.589063 0.914062 0.629687 0.943750 0.667188 0.951562 0.700000 0.948438 0.732812 0.929688 0.779687 0.950000 0.792188 0.950000 0.809375 0.929688 0.834375 0.945312 0.846875 0.945312 0.870313 0.928125 0.870313 0.900000 0.864062 0.898438 0.860938 0.857812 0.862500 0.789062 0.870313 0.782813 0.870313 0.751563 0.865625 0.751563 0.845313 0.728125 0.835938 0.687500 0.812500 0.671875 0.659375 0.606250 0.653125 0.596875
0 0.861914 0.296875 0.803125 0.296875 0.800000 0.304688 0.634375 0.378125 0.609375 0.393750 0.596875 0.412500 0.590625 0.414062 0.590625 0.532813 0.612500 0.550000 0.651563 0.570312 0.809375 0.639062 0.845313 0.643750 0.860938 0.634375 0.873437 0.612500 0.875000 0.562500 0.875000 0.365625 0.870313 0.296875
0 0.443542 0.040625 0.210938 0.040625 0.210938 0.046875 0.192188 0.071875 0.184375 0.075000 0.184375 0.226562 0.189062 0.226562 0.201563 0.245312 0.226562 0.265625 0.409375 0.337500 0.414062 0.345313 0.439063 0.345313 0.442188 0.337500 0.471875 0.315625 0.482812 0.296875 0.489063 0.259375 0.489063 0.210938 0.495312 0.209375 0.495312 0.095312 0.487500 0.092188 0.476562 0.067187 0.451562 0.046875 0.451562 0.040625
5 0.342969 0.365625 0.334375 0.365625 0.334375 0.379688 0.345313 0.384375 0.482812 0.504687 0.504687 0.506250 0.509375 0.514062 0.529687 0.514062 0.540625 0.496875 0.545312 0.467187 0.551562 0.465625 0.551562 0.446875 0.546875 0.446875 0.535937 0.435937 0.501563 0.431250 0.445312 0.410938 0.357812 0.375000 0.351562 0.365625
0 0.648125 0.590625 0.615625 0.590625 0.615625 0.596875 0.593750 0.617188 0.584375 0.634375 0.579688 0.735938 0.578125 0.743750 0.571875 0.745313 0.571875 0.920312 0.579688 0.923438 0.590625 0.940625 0.628125 0.954688 0.632812 0.964063 0.837500 0.964063 0.837500 0.959375 0.860938 0.940625 0.870313 0.923438 0.876563 0.921875 0.876563 0.707812 0.870313 0.706250 0.867188 0.695312 0.853125 0.681250 0.735938 0.628125 0.673438 0.606250 0.660937 0.600000 0.656250 0.590625
0 0.260547 0.296875 0.203125 0.296875 0.203125 0.303125 0.181250 0.331250 0.171875 0.335938 0.171875 0.931250 0.192188 0.942187 0.196875 0.951562 0.526563 0.951562 0.526563 0.945312 0.546875 0.921875 0.553125 0.890625 0.560937 0.582812 0.564063 0.545312 0.570312 0.543750 0.570312 0.446875 0.525000 0.409375 0.396875 0.353125 0.278125 0.307812 0.268750 0.296875
1 0.863616 0.290625 0.814063 0.290625 0.810937 0.298438 0.735938 0.334375 0.693750 0.348438 0.607812 0.393750 0.596875 0.407813 0.590625 0.426563 0.584375 0.428125 0.584375 0.526563 0.589063 0.526563 0.615625 0.554688 0.804688 0.637500 0.843750 0.643750 0.865625 0.631250 0.873437 0.621875 0.876563 0.604688 0.876563 0.485938 0.876563 0.482812 0.871875 0.290625
5 0.534375 0.590625 0.523438 0.590625 0.523438 0.596875 0.490625 0.634375 0.346875 0.790625 0.323437 0.800000 0.284375 0.832812 0.248438 0.828125 0.240625 0.820312 0.221875 0.826562 0.221875 0.901563 0.312500 0.901563 0.318750 0.893750 0.376563 0.882812 0.423438 0.865625 0.450000 0.865625 0.504687 0.884375 0.521875 0.882812 0.531250 0.857812 0.537500 0.675000 0.539062 0.654687 0.545312 0.653125 0.545312 0.590625
5 0.526042 0.503125 0.484375 0.503125 0.484375 0.517188 0.489063 0.517188 0.495312 0.523438 0.504687 0.528125 0.507812 0.531250 0.518750 0.537500 0.523438 0.542188 0.525000 0.542188 0.526563 0.545312 0.528125 0.545312 0.535937 0.553125 0.535937 0.557813 0.542188 0.557813 0.542188 0.550000 0.545312 0.543750 0.546875 0.542188 0.551562 0.542188 0.551562 0.523438 0.546875 0.523438 0.545312 0.521875 0.543750 0.514062 0.540625 0.510938 0.534375 0.507812 0.534375 0.503125
