4 0.488392 0.571875 0.437500 0.571875 0.431250 0.581250 0.248438 0.660937 0.128125 0.723437 0.128125 0.865625 0.162500 0.889062 0.245312 0.907813 0.246875 0.914062 0.315625 0.914062 0.320312 0.906250 0.353125 0.900000 0.392188 0.907813 0.448437 0.898438 0.473438 0.900000 0.507812 0.889062 0.529687 0.837500 0.529687 0.746875 0.532813 0.731250 0.539062 0.729688 0.539062 0.628125 0.532813 0.626563 0.525000 0.603125 0.496875 0.576562 0.496875 0.571875
0 0.638477 0.621875 0.579688 0.621875 0.579688 0.628125 0.553125 0.650000 0.553125 0.898438 0.557813 0.898438 0.582812 0.926562 0.595313 0.931250 0.682813 0.940625 0.821875 0.940625 0.839063 0.934375 0.862500 0.907813 0.868750 0.845313 0.876563 0.839063 0.876563 0.767188 0.870313 0.765625 0.854688 0.717187 0.839063 0.700000 0.817187 0.689063 0.685937 0.639062 0.657813 0.632812 0.650000 0.629687 0.646875 0.621875
5 0.775000 0.046875 0.746875 0.046875 0.742188 0.056250 0.704688 0.079687 0.625000 0.154688 0.490625 0.248438 0.490625 0.279687 0.510938 0.296875 0.560937 0.368750 0.673438 0.500000 0.703125 0.531250 0.732812 0.521875 0.754687 0.539062 0.754687 0.545312 0.778125 0.545312 0.789062 0.490625 0.837500 0.423438 0.864062 0.348438 0.870313 0.346875 0.870313 0.285938 0.864062 0.284375 0.857812 0.226562 0.817187 0.100000 0.784375 0.046875
0 0.502605 0.571875 0.435937 0.571875 0.431250 0.581250 0.128125 0.721875 0.128125 0.901563 0.151562 0.909375 0.192188 0.912500 0.198437 0.920312 0.482812 0.920312 0.485938 0.912500 0.510938 0.901563 0.525000 0.884375 0.534375 0.856250 0.539062 0.728125 0.539062 0.626563 0.529687 0.598437 0.510938 0.571875
6 0.287500 0.009375 0.217188 0.009375 0.217188 0.014063 0.196875 0.026562 0.178125 0.048438 0.168750 0.104688 0.159375 0.107813 0.159375 0.151562 0.165625 0.153125 0.171875 0.182812 0.192188 0.225000 0.193750 0.251563 0.223438 0.285938 0.239063 0.293750 0.381250 0.350000 0.385937 0.357812 0.409375 0.357812 0.412500 0.350000 0.435937 0.335938 0.448437 0.309375 0.448437 0.082812 0.439063 0.068750 0.409375 0.048438 0.379688 0.018750 0.376563 0.009375 0.354687 0.009375 0.346875 0.018750 0.304688 0.017188 0.296875 0.015625 0.295312 0.009375
0 0.423336 0.003125 0.185938 0.003125 0.162500 0.067187 0.159375 0.112500 0.153125 0.114062 0.153125 0.257812 0.204687 0.289062 0.371875 0.356250 0.375000 0.364063 0.410938 0.364063 0.412500 0.357812 0.429688 0.350000 0.443750 0.335938 0.451562 0.318750 0.457813 0.317188 0.457813 0.031250 0.448437 0.026562 0.431250 0.003125
7 0.659062 0.640625 0.626563 0.640625 0.626563 0.646875 0.598437 0.671875 0.578125 0.703125 0.571875 0.704688 0.571875 0.860938 0.609375 0.873437 0.618750 0.870313 0.632812 0.853125 0.639062 0.853125 0.660937 0.876563 0.675000 0.884375 0.698438 0.885938 0.742188 0.898438 0.781250 0.900000 0.817187 0.889062 0.848437 0.862500 0.859375 0.837500 0.864062 0.807813 0.870313 0.806250 0.870313 0.790625 0.864062 0.789062 0.851562 0.753125 0.837500 0.740625 0.820312 0.734375 0.806250 0.707812 0.785937 0.689063 0.757812 0.676562 0.721875 0.673438 0.670312 0.648438 0.667188 0.640625
0 0.225520 0.309375 0.181250 0.309375 0.181250 0.315625 0.160938 0.337500 0.154688 0.351562 0.156250 0.373437 0.146875 0.401562 0.140625 0.468750 0.134375 0.485938 0.128125 0.646875 0.146875 0.660937 0.170313 0.670312 0.171875 0.676562 0.192188 0.676562 0.196875 0.668750 0.304688 0.623437 0.371875 0.585938 0.418750 0.567187 0.434375 0.551562 0.445312 0.521875 0.451562 0.520312 0.451562 0.426563 0.446875 0.426563 0.425000 0.400000 0.370312 0.371875 0.250000 0.323437 0.237500 0.317188 0.234375 0.309375
5 0.563281 0.378125 0.554688 0.378125 0.550000 0.390625 0.526563 0.412500 0.498437 0.464062 0.490625 0.467187 0.490625 0.509375 0.582812 0.554688 0.764062 0.626563 0.801562 0.635938 0.821875 0.634375 0.840625 0.601562 0.843750 0.548438 0.815625 0.475000 0.801562 0.475000 0.792188 0.487500 0.781250 0.531250 0.771875 0.542188 0.757812 0.540625 0.731250 0.520312 0.707812 0.529687 0.667188 0.492188 0.571875 0.384375 0.571875 0.378125
2 0.219375 0.309375 0.184375 0.309375 0.160938 0.339062 0.150000 0.362500 0.143750 0.489063 0.134375 0.528125 0.128125 0.529687 0.128125 0.640625 0.157812 0.662500 0.175000 0.668750 0.195312 0.667188 0.257812 0.643750 0.415625 0.567187 0.434375 0.548438 0.445312 0.518750 0.451562 0.517188 0.451562 0.428125 0.446875 0.428125 0.426563 0.403125 0.371875 0.375000 0.234375 0.318750 0.228125 0.309375
0 0.810937 0.003125 0.514062 0.003125 0.485938 0.039062 0.478125 0.060937 0.478125 0.085938 0.471875 0.087500 0.471875 0.200000 0.476562 0.200000 0.479687 0.207813 0.478125 0.232813 0.471875 0.234375 0.471875 0.517188 0.532813 0.553125 0.715625 0.620313 0.771875 0.643750 0.775000 0.651563 0.839063 0.651563 0.864062 0.609375 0.870313 0.607812 0.870313 0.554688 0.864062 0.553125 0.870313 0.548438 0.864062 0.543750 0.864062 0.507812 0.870313 0.506250 0.870313 0.171875 0.864062 0.170313 0.864062 0.157812 0.870313 0.156250 0.870313 0.112500 0.864062 0.110937 0.862500 0.071875 0.856250 0.051562 0.818750 0.003125
5 0.574844 0.078125 0.503125 0.078125 0.503125 0.237500 0.514062 0.234375 0.609375 0.164062 0.664062 0.115625 0.659375 0.109375 0.642188 0.104688 0.634375 0.098437 0.584375 0.084375 0.582812 0.078125
