0 0.206184 0.121875 0.025000 0.121875 0.010937 0.162500 0.007009 0.176459 0.003125 0.229687 0.003125 0.345313 0.003125 0.509375 0.035937 0.518750 0.229687 0.515625 0.320312 0.509375 0.353125 0.492188 0.365625 0.478125 0.376197 0.466522 0.382812 0.453125 0.382812 0.415625 0.373070 0.404025 0.279687 0.240625 0.259375 0.212500 0.214062 0.121875
0 0.593750 0.121875 0.272270 0.121966 0.261016 0.140714 0.257264 0.164463 0.273438 0.196875 0.342187 0.320312 0.370312 0.367188 0.385937 0.384375 0.414062 0.398438 0.471875 0.401562 0.495312 0.401562 0.528125 0.396875 0.543750 0.389062 0.553125 0.381250 0.568750 0.353125 0.611192 0.228211 0.620572 0.202586 0.626563 0.190625 0.631203 0.156934 0.616195 0.131936 0.601562 0.121875
2 0.560542 0.145059 0.309164 0.139434 0.286028 0.155059 0.274147 0.176308 0.281250 0.200000 0.381702 0.365675 0.400000 0.389062 0.417187 0.393750 0.517188 0.395313 0.534375 0.389062 0.544909 0.372550 0.604314 0.190683 0.603125 0.156250 0.584303 0.151934
1 0.842311 0.158839 0.669723 0.156964 0.657217 0.175712 0.620948 0.288833 0.610944 0.321331 0.603125 0.357812 0.609375 0.357812 0.632812 0.382812 0.664062 0.393750 0.912500 0.389062 0.932813 0.384375 0.940486 0.368830 0.936733 0.346330 0.903592 0.205711 0.893750 0.165625 0.871700 0.161964
1 0.195230 0.141758 0.067039 0.146133 0.050781 0.167381 0.038275 0.284877 0.031397 0.336123 0.025769 0.377997 0.022017 0.410495 0.009375 0.492188 0.032813 0.506250 0.146875 0.507812 0.321875 0.503125 0.354687 0.484375 0.368750 0.464062 0.366566 0.457369 0.370319 0.442369 0.362500 0.417187 0.332173 0.359248 0.309037 0.319875 0.284650 0.281752 0.250883 0.231128 0.208361 0.155506
7 0.205730 0.584375 0.139063 0.584375 0.137500 0.590625 0.104688 0.607812 0.082812 0.614062 0.054688 0.612500 0.035937 0.625000 0.015625 0.684375 0.010937 0.693750 0.003125 0.696875 0.003125 0.848437 0.051562 0.851562 0.098437 0.875000 0.173437 0.875000 0.210938 0.856250 0.240625 0.832812 0.239063 0.825000 0.218750 0.812500 0.217188 0.795312 0.231250 0.782813 0.253125 0.778125 0.264062 0.767188 0.275000 0.723437 0.282813 0.718750 0.282813 0.673438 0.276562 0.671875 0.270313 0.639062 0.242188 0.617188 0.232813 0.600000 0.215625 0.590625 0.214062 0.584375
0 0.892188 0.121875 0.665625 0.121875 0.642188 0.176563 0.604688 0.300000 0.597813 0.346955 0.603125 0.353125 0.628125 0.384375 0.650000 0.393750 0.837500 0.395313 0.909375 0.395313 0.953125 0.384375 0.976562 0.362500 0.973627 0.328831 0.966748 0.306331 0.932813 0.165625 0.920312 0.143750 0.907969 0.127589
0 0.270894 0.530355 0.015625 0.534375 0.003125 0.545312 0.000756 0.877938 0.035937 0.876563 0.054688 0.876563 0.059375 0.876563 0.228125 0.876563 0.243750 0.870313 0.259375 0.831250 0.273395 0.795441 0.296875 0.718750 0.331250 0.612500 0.332813 0.585938 0.328125 0.568750 0.303125 0.534375
0 0.687500 0.415625 0.634375 0.418750 0.473438 0.420312 0.453125 0.425000 0.428125 0.440625 0.413591 0.459083 0.393581 0.512205 0.370312 0.582812 0.307812 0.771875 0.286027 0.839716 0.296875 0.873437 0.635938 0.875000 0.679688 0.876563 0.689063 0.876563 0.817187 0.871875 0.907813 0.857812 0.998437 0.851562 0.998437 0.443750 0.975128 0.421584 0.962500 0.409375 0.826302 0.412209 0.808794 0.413459 0.776563 0.415625 0.693750 0.415625
5 0.932745 0.465625 0.759375 0.465625 0.759375 0.470313 0.746875 0.476562 0.726562 0.501563 0.720313 0.501563 0.715625 0.517188 0.707812 0.517188 0.673438 0.540625 0.671875 0.565625 0.653125 0.584375 0.634375 0.578125 0.532813 0.500000 0.446875 0.471875 0.434375 0.475000 0.423438 0.490625 0.410938 0.548438 0.392188 0.598437 0.360938 0.754687 0.353125 0.759375 0.353125 0.779687 0.364063 0.785937 0.370312 0.775000 0.378125 0.775000 0.395313 0.785937 0.401562 0.782813 0.406250 0.804688 0.389062 0.814063 0.382812 0.809375 0.368750 0.823438 0.353125 0.823438 0.353125 0.859375 0.375000 0.870313 0.471875 0.851562 0.609375 0.839063 0.639062 0.864062 0.676562 0.867188 0.998437 0.815625 0.998437 0.746875 0.964063 0.650000 0.951562 0.565625 0.946875 0.489063 0.940625 0.465625
5 0.906250 0.440625 0.851562 0.440625 0.846875 0.448437 0.782813 0.462500 0.746875 0.478125 0.726562 0.496875 0.720313 0.496875 0.715625 0.507812 0.700000 0.520312 0.670312 0.535937 0.664062 0.568750 0.645312 0.581250 0.631250 0.579688 0.565625 0.525000 0.559375 0.525000 0.559375 0.787500 0.584375 0.781250 0.609375 0.784375 0.614062 0.789062 0.612500 0.806250 0.601562 0.832812 0.607812 0.828125 0.637500 0.862500 0.653125 0.867188 0.684375 0.865625 0.865625 0.832812 0.998437 0.815625 0.998437 0.750000 0.962500 0.646875 0.945312 0.482812 0.932813 0.456250 0.915625 0.446875 0.914062 0.440625
