5 0.624480 0.378125 0.607812 0.378125 0.576562 0.429688 0.542188 0.467187 0.454688 0.600000 0.423438 0.642188 0.415625 0.645312 0.415625 0.709375 0.437500 0.728125 0.496875 0.750000 0.526563 0.771875 0.553125 0.770312 0.567187 0.776563 0.642188 0.782813 0.675000 0.789062 0.676562 0.795312 0.729688 0.795312 0.731250 0.789062 0.778125 0.782813 0.878125 0.776563 0.878125 0.770312 0.862500 0.759375 0.865625 0.746875 0.890625 0.723437 0.915625 0.681250 0.945312 0.670312 0.948438 0.659375 0.964063 0.651563 0.964063 0.634375 0.975000 0.601562 0.982812 0.595313 0.978125 0.595313 0.956250 0.570312 0.867188 0.509375 0.823438 0.482812 0.700000 0.426563 0.635938 0.385937 0.632812 0.378125
1 0.198242 0.140625 0.078125 0.140625 0.064062 0.159375 0.045312 0.206250 0.015625 0.312500 0.010937 0.323437 0.003125 0.326562 0.003125 0.431250 0.015625 0.432812 0.017188 0.439063 0.135937 0.439063 0.137500 0.432812 0.285938 0.431250 0.321875 0.420312 0.346875 0.392188 0.351562 0.392188 0.351562 0.376563 0.346875 0.376563 0.335938 0.360938 0.260937 0.223438 0.220312 0.160938 0.206250 0.146875 0.206250 0.140625
1 0.787500 0.146875 0.631250 0.146875 0.612500 0.185938 0.587500 0.262500 0.578125 0.270313 0.578125 0.320312 0.617188 0.339062 0.618750 0.345313 0.901563 0.345313 0.907813 0.332813 0.903125 0.304688 0.857812 0.192188 0.829688 0.162500 0.796875 0.153125 0.795312 0.146875
0 0.562500 0.121875 0.265625 0.121875 0.260937 0.134375 0.253125 0.135937 0.253125 0.167187 0.260937 0.170313 0.290625 0.229687 0.339062 0.303125 0.360938 0.328125 0.387500 0.342187 0.431250 0.345313 0.432812 0.351562 0.470313 0.351562 0.471875 0.345313 0.509375 0.340625 0.520312 0.334375 0.540625 0.307812 0.587500 0.184375 0.595313 0.181250 0.595313 0.151562 0.587500 0.148438 0.570312 0.121875
0 0.207737 0.121875 0.050000 0.121875 0.032813 0.162500 0.026562 0.204687 0.015625 0.239063 0.009375 0.251563 0.000000 0.257812 0.000000 0.439063 0.296875 0.439063 0.300000 0.431250 0.328125 0.421875 0.348438 0.395313 0.357812 0.390625 0.357812 0.354687 0.350000 0.351562 0.285938 0.248438 0.242188 0.165625 0.217188 0.131250 0.215625 0.121875
0 0.252930 0.446875 0.004687 0.446875 0.000000 0.453125 0.000000 0.851562 0.071875 0.851562 0.075000 0.843750 0.117188 0.839063 0.167187 0.821875 0.184375 0.807813 0.190625 0.776563 0.218750 0.710938 0.248438 0.651563 0.293750 0.540625 0.301563 0.537500 0.301563 0.487500 0.296875 0.487500 0.287500 0.471875 0.264062 0.454688 0.260937 0.446875
5 0.482589 0.446875 0.434375 0.446875 0.412500 0.504687 0.404687 0.546875 0.370312 0.653125 0.331250 0.751563 0.321875 0.759375 0.321875 0.796875 0.345313 0.803125 0.364063 0.782813 0.451562 0.776563 0.490625 0.779687 0.503125 0.771875 0.498437 0.759375 0.489063 0.753125 0.426563 0.725000 0.403125 0.684375 0.401562 0.673438 0.537500 0.467187 0.523438 0.459375 0.495312 0.454688 0.490625 0.446875
0 0.879687 0.359375 0.426563 0.359375 0.425000 0.365625 0.403125 0.376563 0.385937 0.400000 0.260937 0.679688 0.253125 0.682813 0.253125 0.800000 0.271875 0.806250 0.275000 0.814063 0.798438 0.814063 0.804688 0.806250 0.837500 0.801562 0.951562 0.793750 0.998437 0.795312 0.998437 0.471875 0.964063 0.395313 0.940625 0.375000 0.915625 0.365625 0.914062 0.359375 0.895312 0.359375 0.893750 0.365625 0.889062 0.365625 0.887500 0.359375
2 0.517031 0.134375 0.285938 0.134375 0.281250 0.142187 0.259375 0.145313 0.259375 0.173437 0.268750 0.178125 0.290625 0.221875 0.367188 0.329688 0.387500 0.337500 0.390625 0.345313 0.501563 0.345313 0.504687 0.337500 0.526563 0.321875 0.534375 0.307812 0.581250 0.184375 0.581250 0.173437 0.571875 0.156250 0.551562 0.143750 0.526563 0.140625 0.525000 0.134375
0 0.829508 0.128125 0.629687 0.128125 0.615625 0.153125 0.601562 0.200000 0.579688 0.248438 0.571875 0.251563 0.571875 0.314063 0.595313 0.332813 0.632812 0.345313 0.634375 0.351562 0.906250 0.351562 0.925000 0.328125 0.932813 0.326562 0.932813 0.293750 0.923438 0.287500 0.876563 0.165625 0.856250 0.143750 0.840625 0.135937 0.837500 0.128125
7 0.093750 0.465625 0.078125 0.465625 0.067187 0.487500 0.071875 0.509375 0.068750 0.518750 0.014063 0.557813 0.004687 0.571875 0.000000 0.593750 0.000000 0.831250 0.018750 0.826562 0.059375 0.828125 0.095312 0.815625 0.129688 0.782813 0.143750 0.778125 0.187500 0.746875 0.214062 0.706250 0.264062 0.590625 0.253125 0.564063 0.235937 0.545312 0.164062 0.515625 0.106250 0.475000 0.101562 0.465625
5 0.891927 0.415625 0.803125 0.415625 0.803125 0.420312 0.796875 0.423438 0.740625 0.435937 0.740625 0.445312 0.823438 0.484375 0.892188 0.523438 0.896875 0.528125 0.896875 0.532813 0.907813 0.532813 0.907813 0.517188 0.900000 0.514062 0.890625 0.490625 0.890625 0.468750 0.901563 0.429688 0.900000 0.415625
