4 0.676389 0.053125 0.612500 0.053125 0.607812 0.060937 0.564063 0.070312 0.540625 0.084375 0.493750 0.089063 0.467187 0.100000 0.454688 0.121875 0.446875 0.125000 0.446875 0.345313 0.451562 0.345313 0.465625 0.367188 0.487500 0.381250 0.490625 0.389062 0.521875 0.389062 0.525000 0.381250 0.565625 0.365625 0.759375 0.264062 0.807813 0.243750 0.826562 0.225000 0.832812 0.206250 0.829688 0.120313 0.812500 0.090625 0.798438 0.079687 0.759375 0.070312 0.734375 0.075000 0.712500 0.064062 0.687500 0.060937 0.684375 0.053125
7 0.344420 0.121875 0.292187 0.121875 0.289062 0.131250 0.243750 0.145313 0.218750 0.165625 0.209375 0.207813 0.206250 0.215625 0.196875 0.220312 0.196875 0.276562 0.264062 0.309375 0.350000 0.335938 0.356250 0.345313 0.378125 0.345313 0.378125 0.339062 0.395313 0.326562 0.403125 0.309375 0.401562 0.254688 0.417187 0.225000 0.420312 0.203125 0.426563 0.201563 0.426563 0.176563 0.420312 0.175000 0.415625 0.157812 0.401562 0.145313 0.356250 0.129688 0.353125 0.121875
0 0.628125 0.060937 0.571875 0.068750 0.504687 0.070312 0.484375 0.076563 0.454688 0.104688 0.446875 0.131250 0.440625 0.343750 0.446875 0.345313 0.457813 0.365625 0.476562 0.382812 0.512500 0.389062 0.554688 0.375000 0.759375 0.273438 0.806250 0.246875 0.832812 0.220312 0.839063 0.220312 0.839063 0.109375 0.834375 0.109375 0.812500 0.082812 0.795312 0.073438 0.700000 0.062500 0.689063 0.059375
0 0.388839 0.071875 0.212863 0.069977 0.171875 0.078125 0.151562 0.098437 0.143750 0.114062 0.139673 0.136461 0.134645 0.247641 0.149172 0.271666 0.178125 0.285938 0.356250 0.348438 0.382812 0.348438 0.410938 0.335938 0.432812 0.304688 0.436898 0.269989 0.432812 0.198437 0.431250 0.189062 0.429688 0.121875 0.425167 0.103498 0.413992 0.082267
0 0.219727 0.315625 0.160938 0.315625 0.134375 0.357812 0.128125 0.359375 0.128125 0.956250 0.151562 0.968750 0.153125 0.976562 0.487500 0.976562 0.487500 0.970313 0.510938 0.940625 0.517188 0.898438 0.518750 0.464062 0.514062 0.445312 0.504687 0.428125 0.478125 0.409375 0.321875 0.353125 0.270313 0.339062 0.231250 0.323437 0.228125 0.315625
0 0.825750 0.302952 0.793905 0.285633 0.745313 0.296875 0.566516 0.387873 0.546875 0.407813 0.536347 0.469444 0.540625 0.531250 0.571875 0.553125 0.718750 0.615625 0.768750 0.631250 0.793905 0.638728 0.814063 0.632812 0.834689 0.623084 0.851562 0.596875 0.845313 0.390625 0.837500 0.328125
0 0.589063 0.584375 0.570312 0.589063 0.539062 0.621875 0.536347 0.673367 0.534375 0.935937 0.540625 0.937500 0.551562 0.960938 0.575000 0.975000 0.748650 0.981208 0.815625 0.976562 0.835938 0.967187 0.856250 0.937500 0.857812 0.854688 0.856250 0.726562 0.851562 0.707812 0.834375 0.682813 0.818750 0.670312 0.618750 0.587500 0.600000 0.584375
6 0.608750 0.596875 0.575000 0.596875 0.575000 0.603125 0.562500 0.615625 0.546875 0.623437 0.546875 0.873437 0.551562 0.873437 0.564063 0.893750 0.600000 0.926562 0.629687 0.925000 0.654687 0.939063 0.670312 0.937500 0.685937 0.926562 0.743750 0.929688 0.773438 0.940625 0.785937 0.951562 0.785937 0.957812 0.809375 0.957812 0.814063 0.950000 0.839063 0.945312 0.839063 0.906250 0.834375 0.906250 0.829688 0.896875 0.832812 0.862500 0.839063 0.860938 0.839063 0.856250 0.832812 0.854688 0.829688 0.845313 0.825000 0.792188 0.796875 0.723437 0.806250 0.701562 0.804688 0.690625 0.773438 0.668750 0.654687 0.621875 0.618750 0.603125 0.617188 0.596875
5 0.200000 0.376563 0.190625 0.465625 0.195312 0.471875 0.192188 0.514062 0.185938 0.515625 0.170313 0.646875 0.171875 0.676562 0.182812 0.695312 0.200000 0.703125 0.295312 0.709375 0.301563 0.704688 0.301563 0.684375 0.293750 0.556250 0.268750 0.507812 0.264062 0.471875 0.265625 0.451562 0.281250 0.420312 0.310937 0.396875 0.285938 0.379688 0.234375 0.360938 0.210938 0.360938
5 0.337500 0.403125 0.360938 0.459375 0.359375 0.490625 0.337500 0.537500 0.356250 0.712500 0.476562 0.709375 0.498437 0.703125 0.506250 0.692187 0.509375 0.648438 0.498437 0.568750 0.473438 0.504687 0.432812 0.457813
5 0.360938 0.718750 0.357812 0.751563 0.365625 0.800000 0.395313 0.790625 0.475000 0.782813 0.490625 0.771875 0.493750 0.732812 0.482812 0.714063 0.403125 0.712500
5 0.167187 0.734375 0.165625 0.789062 0.170313 0.803125 0.306250 0.796875 0.300000 0.714063 0.181250 0.706250
5 0.187500 0.829688 0.187500 0.910937 0.214062 0.904687 0.292187 0.907813 0.314063 0.903125 0.306250 0.803125 0.243750 0.801562 0.198437 0.807813 0.189062 0.814063
5 0.370312 0.800000 0.375000 0.835938 0.371875 0.876563 0.379688 0.898438 0.487500 0.901563 0.500000 0.892188 0.496875 0.800000 0.489063 0.784375 0.403125 0.789062
2 0.546875 0.450000 0.546875 0.515625 0.560937 0.539062 0.771875 0.623437 0.795312 0.623437 0.820312 0.607812 0.826562 0.581250 0.820312 0.331250 0.792188 0.303125 0.764062 0.303125 0.579688 0.393750 0.559375 0.409375
