0 0.382656 0.046875 0.151562 0.046875 0.137500 0.065625 0.121875 0.071875 0.121875 0.321875 0.128125 0.321875 0.159375 0.348438 0.345313 0.418750 0.348438 0.426563 0.396875 0.426563 0.400000 0.418750 0.432812 0.393750 0.439063 0.393750 0.439063 0.104688 0.432812 0.103125 0.425000 0.081250 0.414062 0.067187 0.393750 0.054688 0.390625 0.046875
1 0.207581 0.054025 0.173527 0.055386 0.145313 0.065625 0.134375 0.079687 0.129394 0.100348 0.128125 0.317188 0.171875 0.346875 0.329688 0.400000 0.364063 0.414062 0.378884 0.420742 0.398438 0.412500 0.417187 0.404687 0.431250 0.384375 0.432812 0.315625 0.432812 0.309375 0.432812 0.285938 0.431250 0.273438 0.431250 0.206250 0.432812 0.193750 0.432812 0.112500 0.421875 0.081250 0.384375 0.054688 0.279687 0.054688 0.218750 0.053125
7 0.637239 0.671875 0.596875 0.671875 0.592187 0.681250 0.565625 0.701562 0.565625 0.820312 0.571875 0.821875 0.573438 0.837500 0.573438 0.909375 0.587500 0.928125 0.628125 0.929688 0.659375 0.915625 0.698438 0.909375 0.714063 0.895312 0.734375 0.890625 0.745313 0.914062 0.753125 0.917188 0.795312 0.875000 0.812500 0.834375 0.826562 0.814063 0.832812 0.812500 0.832812 0.801562 0.804688 0.798438 0.792188 0.789062 0.782813 0.751563 0.760938 0.721875 0.648438 0.679688 0.645312 0.671875
0 0.502539 0.628125 0.443750 0.628125 0.442188 0.635938 0.376563 0.676562 0.235937 0.745313 0.151562 0.793750 0.126562 0.820312 0.121875 0.820312 0.121875 0.942187 0.128125 0.942187 0.157812 0.976562 0.201563 0.985938 0.296875 0.984375 0.334375 0.987500 0.337500 0.995313 0.350000 0.995313 0.357812 0.985938 0.373437 0.985938 0.378125 0.995313 0.400000 0.995313 0.407813 0.985938 0.495312 0.985938 0.526563 0.973437 0.535937 0.960938 0.543750 0.931250 0.551562 0.928125 0.551562 0.756250 0.545312 0.754687 0.542188 0.687500 0.535937 0.662500 0.510938 0.628125
0 0.652778 0.671875 0.587500 0.671875 0.587500 0.678125 0.564063 0.704688 0.559375 0.704688 0.559375 0.939063 0.565625 0.940625 0.578125 0.959375 0.604688 0.964063 0.615625 0.976562 0.643750 0.976562 0.645312 0.970313 0.654687 0.976562 0.656250 0.968750 0.670312 0.968750 0.673438 0.976562 0.726562 0.976562 0.728125 0.970313 0.814063 0.965625 0.840625 0.959375 0.860938 0.939063 0.870313 0.904687 0.876563 0.903125 0.876563 0.800000 0.870313 0.798438 0.857812 0.754687 0.846875 0.742188 0.812500 0.726562 0.665625 0.681250 0.660937 0.671875
5 0.617969 0.096875 0.607812 0.096875 0.607812 0.103125 0.573438 0.143750 0.535937 0.240625 0.517188 0.306250 0.509375 0.310937 0.509375 0.457813 0.515625 0.459375 0.523438 0.489063 0.551562 0.545312 0.582812 0.553125 0.603125 0.575000 0.689063 0.521875 0.731250 0.478125 0.757812 0.467187 0.789062 0.440625 0.851562 0.371875 0.870313 0.359375 0.870313 0.323437 0.839063 0.306250 0.657813 0.131250 0.628125 0.096875
0 0.211980 0.384375 0.145313 0.384375 0.145313 0.390625 0.128125 0.401562 0.128125 0.726562 0.134375 0.726562 0.154688 0.743750 0.156250 0.751563 0.210938 0.751563 0.214062 0.742188 0.253125 0.720313 0.273438 0.701562 0.312500 0.689063 0.414062 0.632812 0.432812 0.614062 0.442188 0.595313 0.443750 0.506250 0.435937 0.482812 0.417187 0.462500 0.245312 0.401562 0.223438 0.392188 0.220312 0.384375
2 0.212500 0.390625 0.150000 0.390625 0.150000 0.396875 0.134375 0.407813 0.134375 0.706250 0.139063 0.706250 0.162500 0.732812 0.178125 0.739062 0.179688 0.745313 0.200000 0.745313 0.203125 0.737500 0.223438 0.723437 0.310937 0.687500 0.328125 0.671875 0.418750 0.620313 0.437500 0.592187 0.445312 0.589063 0.445312 0.506250 0.439063 0.504687 0.432812 0.485938 0.417187 0.468750 0.395313 0.456250 0.353125 0.446875 0.231250 0.401562 0.223438 0.398438 0.220312 0.390625
5 0.799805 0.121875 0.743750 0.121875 0.743750 0.126562 0.737500 0.129688 0.671875 0.137500 0.671875 0.146875 0.678125 0.146875 0.775000 0.242188 0.793750 0.256250 0.796875 0.264062 0.801562 0.253125 0.807813 0.251563 0.807813 0.121875
4 0.495312 0.628125 0.448437 0.628125 0.446875 0.634375 0.426563 0.640625 0.382812 0.673438 0.273438 0.721875 0.237500 0.748437 0.162500 0.787500 0.142187 0.814063 0.137500 0.859375 0.134375 0.868750 0.128125 0.870313 0.128125 0.898438 0.154688 0.920312 0.196875 0.925000 0.365625 0.923438 0.387500 0.940625 0.407813 0.925000 0.432812 0.931250 0.453125 0.921875 0.504687 0.925000 0.532813 0.920312 0.539062 0.904687 0.545312 0.903125 0.545312 0.864062 0.539062 0.862500 0.535937 0.834375 0.539062 0.795312 0.545312 0.793750 0.545312 0.717187 0.537500 0.710938 0.525000 0.654687 0.503125 0.628125
0 0.804688 0.040625 0.515625 0.040625 0.514062 0.046875 0.478125 0.056250 0.459375 0.078125 0.453125 0.078125 0.453125 0.328125 0.459375 0.329688 0.462500 0.365625 0.464062 0.540625 0.468750 0.567187 0.482812 0.590625 0.504687 0.601562 0.571875 0.617188 0.585938 0.626563 0.684375 0.664062 0.779687 0.693750 0.782813 0.701562 0.835938 0.701562 0.853125 0.678125 0.862500 0.653125 0.854688 0.590625 0.865625 0.418750 0.860938 0.373437 0.868750 0.356250 0.868750 0.329688 0.876563 0.323437 0.876563 0.290625 0.870313 0.289062 0.865625 0.273438 0.865625 0.209375 0.856250 0.159375 0.851562 0.085938 0.843750 0.071875 0.821875 0.054688 0.812500 0.040625
