5 0.262500 0.328125 0.243750 0.328125 0.243750 0.332813 0.221875 0.351562 0.198437 0.396875 0.178125 0.459375 0.173437 0.468750 0.165625 0.471875 0.165625 0.603125 0.173437 0.607812 0.196875 0.734375 0.220312 0.785937 0.242188 0.803125 0.260937 0.810937 0.273438 0.810937 0.290625 0.803125 0.315625 0.826562 0.315625 0.832812 0.325000 0.832812 0.407813 0.714063 0.476562 0.590625 0.515625 0.542188 0.517188 0.520312 0.407813 0.448437 0.309375 0.373437 0.281250 0.345313 0.271875 0.328125
4 0.616406 0.009375 0.607812 0.009375 0.604688 0.025000 0.581250 0.039062 0.503125 0.035937 0.485938 0.042188 0.470313 0.060937 0.465625 0.060937 0.465625 0.254688 0.471875 0.256250 0.475000 0.276562 0.484375 0.293750 0.503125 0.309375 0.543750 0.310937 0.690625 0.243750 0.748437 0.223438 0.782813 0.200000 0.831250 0.176563 0.846875 0.159375 0.851562 0.143750 0.857812 0.142187 0.857812 0.128125 0.851562 0.126562 0.848437 0.117188 0.846875 0.078125 0.809375 0.042188 0.734375 0.026562 0.689063 0.028125 0.679688 0.020313 0.679688 0.009375 0.648438 0.009375 0.645312 0.017188 0.631250 0.021875 0.625000 0.009375
0 0.635938 0.009375 0.581250 0.009375 0.578125 0.017188 0.506250 0.028125 0.465625 0.054688 0.465625 0.284375 0.471875 0.284375 0.498437 0.312500 0.535937 0.317188 0.710938 0.243750 0.834375 0.176563 0.851562 0.151562 0.857812 0.150000 0.857812 0.087500 0.851562 0.085938 0.845313 0.051562 0.826562 0.032813 0.796875 0.020313 0.703125 0.017188 0.665625 0.021875 0.654687 0.017188 0.651563 0.009375 0.651563 0.014063 0.645312 0.015625 0.643750 0.009375
6 0.623828 0.515625 0.596875 0.515625 0.596875 0.520312 0.573438 0.540625 0.567187 0.554688 0.559375 0.557813 0.559375 0.664062 0.565625 0.665625 0.565625 0.679688 0.559375 0.681250 0.559375 0.753125 0.565625 0.754687 0.567187 0.762500 0.571875 0.843750 0.576562 0.856250 0.617188 0.889062 0.618750 0.895312 0.648438 0.895312 0.648438 0.890625 0.676562 0.864062 0.703125 0.871875 0.729688 0.860938 0.745313 0.875000 0.768750 0.884375 0.856250 0.873437 0.862500 0.867188 0.862500 0.857812 0.834375 0.826562 0.828125 0.810937 0.828125 0.800000 0.832812 0.795312 0.876563 0.784375 0.876563 0.717187 0.854688 0.715625 0.848437 0.709375 0.857812 0.695312 0.876563 0.690625 0.868750 0.681250 0.854688 0.635938 0.840625 0.625000 0.812500 0.620313 0.760938 0.581250 0.656250 0.535937 0.637500 0.525000 0.632812 0.515625
0 0.243359 0.246875 0.185938 0.246875 0.157812 0.289062 0.153125 0.339062 0.156250 0.384375 0.140625 0.535937 0.140625 0.598437 0.135937 0.646875 0.128125 0.651563 0.128125 0.864062 0.132812 0.864062 0.159375 0.895312 0.185938 0.900000 0.428125 0.906250 0.490625 0.896875 0.509375 0.889062 0.526563 0.870313 0.534375 0.825000 0.537500 0.706250 0.531250 0.532813 0.537500 0.504687 0.537500 0.404687 0.532813 0.375000 0.500000 0.340625 0.345313 0.290625 0.257812 0.256250 0.251563 0.246875
0 0.813281 0.228125 0.770312 0.228125 0.767188 0.235937 0.596875 0.310937 0.559375 0.334375 0.559375 0.454688 0.589063 0.476562 0.756250 0.542188 0.787500 0.556250 0.790625 0.564063 0.832812 0.564063 0.832812 0.557813 0.848437 0.543750 0.857812 0.523438 0.864062 0.521875 0.864062 0.360938 0.857812 0.359375 0.848437 0.268750 0.821875 0.234375 0.821875 0.228125
0 0.418692 0.015625 0.214062 0.015625 0.193750 0.039062 0.173437 0.073438 0.165625 0.076563 0.165625 0.189062 0.242188 0.228125 0.381250 0.276562 0.382812 0.282813 0.403125 0.282813 0.404687 0.276562 0.428125 0.265625 0.443750 0.250000 0.456250 0.195312 0.456250 0.060937 0.442188 0.034375 0.426563 0.021875 0.426563 0.015625
3 0.378125 0.034375 0.331250 0.034375 0.329688 0.040625 0.300000 0.059375 0.243750 0.085938 0.235937 0.095312 0.217188 0.143750 0.200000 0.160938 0.190625 0.164062 0.190625 0.195312 0.270313 0.234375 0.378125 0.273438 0.410938 0.273438 0.428125 0.264062 0.446875 0.235937 0.453125 0.167187 0.456250 0.157812 0.464062 0.154688 0.464062 0.117188 0.450000 0.109375 0.434375 0.082812 0.387500 0.045312 0.385937 0.034375
5 0.241667 0.296875 0.221875 0.296875 0.198437 0.356250 0.190625 0.360938 0.190625 0.398438 0.196875 0.396875 0.212500 0.364063 0.235937 0.339062 0.250000 0.331250 0.262500 0.331250 0.279687 0.342187 0.317188 0.379688 0.479687 0.496875 0.484375 0.507812 0.526563 0.507812 0.526563 0.490625 0.517188 0.485938 0.509375 0.471875 0.509375 0.439063 0.309375 0.329688 0.254688 0.304688 0.251563 0.296875
1 0.808594 0.234375 0.765625 0.234375 0.762500 0.242188 0.734375 0.259375 0.579688 0.328125 0.567187 0.345313 0.559375 0.348438 0.559375 0.450000 0.590625 0.473438 0.790625 0.553125 0.815625 0.556250 0.835938 0.545312 0.850000 0.526563 0.857812 0.523438 0.857812 0.409375 0.851562 0.407813 0.843750 0.276562 0.834375 0.257812 0.817187 0.240625 0.817187 0.234375
5 0.509375 0.520312 0.510938 0.532813 0.498437 0.562500 0.470313 0.600000 0.410938 0.712500 0.359375 0.790625 0.326562 0.829688 0.310937 0.828125 0.290625 0.809375 0.257812 0.810937 0.231250 0.798438 0.204687 0.767188 0.195312 0.739062 0.184375 0.731250 0.170313 0.739062 0.151562 0.775000 0.140625 0.781250 0.140625 0.826562 0.168750 0.848437 0.190625 0.846875 0.220312 0.856250 0.278125 0.857812 0.371875 0.853125 0.468750 0.837500 0.500000 0.828125 0.507812 0.820312 0.510938 0.806250 0.510938 0.587500 0.514062 0.571875 0.520312 0.570312 0.520312 0.521875 0.510938 0.520312
0 0.598437 0.515625 0.596875 0.517188 0.593750 0.517188 0.592187 0.518750 0.590625 0.518750 0.589063 0.520312 0.587500 0.520312 0.584375 0.523438 0.582812 0.523438 0.573438 0.532813 0.573438 0.534375 0.568750 0.539062 0.568750 0.540625 0.567187 0.542188 0.567187 0.543750 0.565625 0.545312 0.565625 0.548438 0.564063 0.550000 0.564063 0.553125 0.562500 0.554688 0.562500 0.560937 0.560937 0.562500 0.560937 0.751563 0.559375 0.753125 0.559375 0.846875 0.560937 0.848437 0.560937 0.856250 0.562500 0.857812 0.562500 0.859375 0.564063 0.860938 0.564063 0.864062 0.565625 0.865625 0.565625 0.867188 0.567187 0.868750 0.567187 0.870313 0.568750 0.871875 0.568750 0.873437 0.570312 0.875000 0.570312 0.876563 0.571875 0.878125 0.571875 0.879687 0.585938 0.893750 0.587500 0.893750 0.589063 0.895312 0.590625 0.895312 0.592187 0.896875 0.595313 0.896875 0.596875 0.898438 0.601562 0.898438 0.603125 0.900000 0.609375 0.900000 0.610938 0.901563 0.615625 0.901563 0.617188 0.903125 0.620313 0.903125 0.621875 0.904687 0.625000 0.904687 0.626563 0.906250 0.635938 0.906250 0.637500 0.907813 0.650000 0.907813 0.651563 0.909375 0.657813 0.909375 0.659375 0.910937 0.696875 0.910937 0.698438 0.912500 0.823438 0.912500 0.825000 0.910937 0.829688 0.910937 0.831250 0.909375 0.832812 0.909375 0.834375 0.907813 0.839063 0.907813 0.840625 0.906250 0.845313 0.906250 0.846875 0.904687 0.850000 0.904687 0.851562 0.903125 0.853125 0.903125 0.856250 0.900000 0.857812 0.900000 0.867188 0.890625 0.867188 0.889062 0.870313 0.885938 0.870313 0.884375 0.871875 0.882812 0.871875 0.881250 0.875000 0.878125 0.875000 0.823438 0.873437 0.821875 0.873437 0.817187 0.871875 0.815625 0.871875 0.635938 0.870313 0.634375 0.870313 0.632812 0.868750 0.631250 0.868750 0.628125 0.865625 0.625000 0.865625 0.623437 0.854688 0.612500 0.853125 0.612500 0.850000 0.609375 0.848437 0.609375 0.846875 0.607812 0.843750 0.607812 0.842187 0.606250 0.840625 0.606250 0.839063 0.604688 0.837500 0.604688 0.835938 0.603125 0.834375 0.603125 0.832812 0.601562 0.831250 0.601562 0.828125 0.598437 0.826562 0.598437 0.825000 0.596875 0.823438 0.596875 0.821875 0.595313 0.820312 0.595313 0.818750 0.593750 0.815625 0.593750 0.814063 0.592187 0.810937 0.592187 0.809375 0.590625 0.807813 0.590625 0.806250 0.589063 0.803125 0.589063 0.801562 0.587500 0.800000 0.587500 0.798438 0.585938 0.793750 0.585938 0.792188 0.584375 0.789062 0.584375 0.785937 0.581250 0.784375 0.581250 0.782813 0.579688 0.781250 0.579688 0.779687 0.578125 0.778125 0.578125 0.776563 0.576562 0.775000 0.576562 0.773438 0.575000 0.771875 0.575000 0.770312 0.573438 0.768750 0.573438 0.767188 0.571875 0.765625 0.571875 0.764062 0.570312 0.762500 0.570312 0.760938 0.568750 0.759375 0.568750 0.757812 0.567187 0.756250 0.567187 0.754687 0.565625 0.751563 0.565625 0.750000 0.564063 0.748437 0.564063 0.746875 0.562500 0.743750 0.562500 0.742188 0.560937 0.739062 0.560937 0.737500 0.559375 0.734375 0.559375 0.732812 0.557813 0.729688 0.557813 0.728125 0.556250 0.725000 0.556250 0.723437 0.554688 0.720313 0.554688 0.718750 0.553125 0.717187 0.553125 0.715625 0.551562 0.714063 0.551562 0.712500 0.550000 0.710938 0.550000 0.709375 0.548438 0.707812 0.548438 0.706250 0.546875 0.703125 0.546875 0.701562 0.545312 0.700000 0.545312 0.698438 0.543750 0.696875 0.543750 0.695312 0.542188 0.692187 0.542188 0.690625 0.540625 0.687500 0.540625 0.685937 0.539062 0.684375 0.539062 0.682813 0.537500 0.679688 0.537500 0.678125 0.535937 0.676562 0.535937 0.675000 0.534375 0.671875 0.534375 0.668750 0.531250 0.667188 0.531250 0.665625 0.529687 0.664062 0.529687 0.662500 0.528125 0.657813 0.528125 0.656250 0.526563 0.653125 0.526563 0.650000 0.523438 0.648438 0.523438 0.646875 0.521875 0.645312 0.521875 0.643750 0.520312 0.640625 0.520312 0.639062 0.518750 0.635938 0.518750 0.634375 0.517188 0.631250 0.517188 0.629687 0.515625
