2 0.683750 0.296875 0.650000 0.296875 0.648438 0.304688 0.621875 0.320312 0.515625 0.370312 0.515625 0.451562 0.618750 0.496875 0.668750 0.512500 0.671875 0.520312 0.695312 0.520312 0.717187 0.493750 0.720313 0.457813 0.710938 0.323437 0.692187 0.296875
4 0.637216 0.159375 0.556250 0.159375 0.550000 0.167187 0.476562 0.182812 0.453125 0.200000 0.453125 0.303125 0.459375 0.304688 0.464062 0.340625 0.473438 0.353125 0.509375 0.353125 0.659375 0.279687 0.695312 0.259375 0.706250 0.243750 0.714063 0.240625 0.714063 0.225000 0.706250 0.220312 0.696875 0.189062 0.676562 0.173437 0.646875 0.165625 0.645312 0.159375
0 0.271875 0.321875 0.271875 0.753125 0.446875 0.756250 0.471875 0.750000 0.492188 0.731250 0.498437 0.709375 0.500000 0.565625 0.501563 0.554688 0.501563 0.509375 0.498437 0.475000 0.498437 0.409375 0.484375 0.387500 0.464062 0.376563 0.340625 0.337500 0.318750 0.328125
5 0.352605 0.353125 0.335938 0.353125 0.320312 0.376563 0.285938 0.464062 0.278125 0.468750 0.278125 0.639062 0.314063 0.668750 0.339062 0.659375 0.368750 0.695312 0.368750 0.701562 0.385937 0.701562 0.387500 0.692187 0.467187 0.568750 0.492188 0.539062 0.500000 0.518750 0.360938 0.359375 0.360938 0.353125
0 0.573214 0.490625 0.525000 0.490625 0.525000 0.496875 0.509375 0.507812 0.509375 0.734375 0.523438 0.745313 0.553125 0.756250 0.701562 0.754687 0.717187 0.739062 0.725000 0.707812 0.721875 0.562500 0.707812 0.545312 0.590625 0.501563 0.581250 0.490625
0 0.543750 0.165625 0.535937 0.167187 0.482812 0.167187 0.453125 0.182812 0.453125 0.342187 0.473438 0.356250 0.506250 0.356250 0.628125 0.298438 0.700000 0.257812 0.710284 0.235616 0.706250 0.196875 0.700000 0.182812 0.676562 0.165625
5 0.473438 0.571875 0.465625 0.571875 0.465625 0.578125 0.450000 0.603125 0.384375 0.698438 0.375000 0.698438 0.357812 0.685937 0.340625 0.660937 0.323437 0.668750 0.304688 0.665625 0.278125 0.634375 0.271875 0.632812 0.271875 0.737500 0.287500 0.739062 0.289062 0.745313 0.317188 0.745313 0.318750 0.739062 0.375000 0.732812 0.459375 0.704688 0.482812 0.701562 0.489063 0.687500 0.481250 0.571875
0 0.687500 0.290625 0.667169 0.290633 0.646875 0.298438 0.509375 0.368750 0.509375 0.451562 0.578125 0.485938 0.675000 0.518750 0.695312 0.520312 0.726562 0.496875 0.720313 0.371875 0.712500 0.314063
0 0.414478 0.175083 0.279687 0.171875 0.278125 0.178125 0.271875 0.178125 0.271875 0.298438 0.320312 0.317188 0.370312 0.331250 0.397014 0.338137 0.417187 0.334375 0.431250 0.323437 0.437500 0.312500 0.437500 0.190625 0.425000 0.176563
1 0.529687 0.503125 0.521875 0.523438 0.515625 0.525000 0.515625 0.707812 0.521875 0.709375 0.529687 0.729688 0.551562 0.742188 0.571875 0.745313 0.573438 0.751563 0.664062 0.751563 0.665625 0.745313 0.703125 0.728125 0.715625 0.715625 0.720313 0.696875 0.718750 0.659375 0.720313 0.651563 0.720313 0.582812 0.715625 0.567187 0.701562 0.553125 0.598437 0.510938
7 0.398242 0.184375 0.278125 0.184375 0.278125 0.298438 0.351562 0.323437 0.387500 0.331250 0.392188 0.334375 0.392188 0.339062 0.407813 0.339062 0.410938 0.331250 0.428125 0.321875 0.437500 0.298438 0.439063 0.260937 0.445312 0.257812 0.439063 0.256250 0.439063 0.223438 0.434375 0.207813 0.420312 0.195312 0.407813 0.190625 0.406250 0.184375
5 0.396875 0.384375 0.396875 0.404687 0.401562 0.404687 0.451562 0.457813 0.470313 0.481250 0.478125 0.484375 0.484375 0.467187 0.484375 0.445312 0.487500 0.435937 0.487500 0.428125 0.443750 0.404687 0.423438 0.398438 0.410938 0.392188 0.407813 0.389062 0.407813 0.384375
5 0.317188 0.353125 0.278125 0.353125 0.278125 0.464062 0.282813 0.464062 0.284375 0.460938 0.292187 0.439063 0.301563 0.423438 0.304688 0.407813 0.317188 0.379688 0.321875 0.375000 0.326562 0.365625 0.332813 0.365625 0.332813 0.364063 0.326562 0.362500 0.325000 0.353125
