6 0.382670 0.003125 0.128125 0.003125 0.128125 0.215625 0.250000 0.260937 0.337500 0.287500 0.340625 0.295312 0.384375 0.295312 0.387500 0.287500 0.404687 0.276562 0.410938 0.264062 0.414062 0.251563 0.409375 0.210938 0.431250 0.173437 0.439063 0.170313 0.439063 0.146875 0.432812 0.145313 0.417187 0.090625 0.415625 0.051562 0.423438 0.031250 0.409375 0.015625 0.393750 0.010937 0.390625 0.003125
3 0.830188 0.255759 0.799805 0.249477 0.773089 0.254713 0.754687 0.265625 0.731706 0.283508 0.676562 0.312500 0.609652 0.350522 0.578220 0.368847 0.556744 0.389305 0.555172 0.491922 0.576562 0.518750 0.601562 0.534375 0.800000 0.610938 0.830188 0.607548 0.844331 0.601789 0.854808 0.561477 0.854808 0.354087 0.856250 0.279687
6 0.771875 0.000000 0.482812 0.000000 0.446875 0.023438 0.446875 0.289062 0.453125 0.290625 0.464062 0.315625 0.475000 0.328125 0.496875 0.340625 0.525000 0.342187 0.578125 0.325000 0.728125 0.250000 0.815625 0.214062 0.862500 0.176563 0.870313 0.159375 0.876563 0.157812 0.876563 0.084375 0.870313 0.082812 0.864062 0.054688 0.854688 0.037500 0.821875 0.009375 0.782813 0.004687 0.779687 0.000000
0 0.620756 0.569662 0.592187 0.571875 0.560937 0.612500 0.555800 0.622594 0.561039 0.930573 0.561039 0.944186 0.575000 0.965625 0.598755 0.988687 0.678125 0.981250 0.798438 0.968750 0.839063 0.957812 0.854688 0.945312 0.868750 0.921875 0.874817 0.912773 0.876563 0.893750 0.876563 0.684375 0.871875 0.684375 0.835938 0.646875 0.731250 0.606250 0.679427 0.588511 0.662139 0.580656 0.645312 0.571875
0 0.804548 0.003125 0.454688 0.003125 0.446875 0.023438 0.446875 0.298438 0.464062 0.321875 0.484375 0.339062 0.506248 0.353538 0.532813 0.351562 0.546841 0.344352 0.667188 0.285938 0.745313 0.242188 0.792188 0.225000 0.851562 0.189062 0.871569 0.179014 0.876563 0.153125 0.875398 0.073383 0.864677 0.032048 0.836339 0.011381 0.812500 0.003125
0 0.125727 0.250217 0.121875 0.995313 0.503125 0.995313 0.503125 0.989062 0.532813 0.962500 0.543750 0.937500 0.543750 0.837500 0.539062 0.765625 0.540625 0.634375 0.534375 0.464062 0.528125 0.418750 0.514062 0.395313 0.489063 0.375000 0.464062 0.362500 0.193750 0.264062 0.185938 0.260937
4 0.654341 0.578125 0.589063 0.578125 0.589063 0.582812 0.570312 0.598437 0.559375 0.631250 0.553125 0.632812 0.553125 0.907813 0.559375 0.909375 0.573438 0.937500 0.585938 0.950000 0.589063 0.964063 0.612500 0.979688 0.745313 0.973437 0.821875 0.957812 0.846875 0.942187 0.868750 0.890625 0.876563 0.887500 0.876563 0.687500 0.868750 0.684375 0.829688 0.639062 0.709375 0.598437 0.676562 0.593750 0.662500 0.582812 0.662500 0.578125
0 0.413936 0.003125 0.128125 0.003125 0.128125 0.221875 0.331250 0.293750 0.382812 0.296875 0.398438 0.287500 0.418750 0.265625 0.429688 0.232813 0.429661 0.155548 0.428130 0.092017 0.423438 0.020313 0.421875 0.003125
7 0.293438 0.346875 0.260937 0.346875 0.260937 0.353125 0.275000 0.373437 0.284375 0.410938 0.310937 0.439063 0.335938 0.446875 0.335938 0.464062 0.326562 0.473438 0.318750 0.509375 0.334375 0.537500 0.365625 0.576562 0.365625 0.582812 0.378125 0.582812 0.400000 0.553125 0.434375 0.520312 0.456250 0.487500 0.476562 0.440625 0.482812 0.439063 0.450000 0.421875 0.418750 0.390625 0.360938 0.362500 0.323437 0.367188 0.306250 0.356250 0.301563 0.346875
0 0.811328 0.234595 0.767188 0.246875 0.728125 0.271875 0.648438 0.317188 0.584375 0.345313 0.565625 0.365625 0.554228 0.388669 0.553181 0.489712 0.568750 0.514062 0.592187 0.532813 0.625000 0.548438 0.800000 0.612500 0.842236 0.624203 0.853125 0.607812 0.867188 0.585938 0.876563 0.567187 0.876563 0.278125 0.873142 0.268627 0.857950 0.251872 0.841711 0.236166
5 0.462500 0.578125 0.446875 0.578125 0.443750 0.585938 0.401562 0.603125 0.390625 0.601562 0.390625 0.620313 0.401562 0.626563 0.504687 0.782813 0.507812 0.795312 0.514062 0.795312 0.535937 0.710938 0.537500 0.678125 0.523438 0.634375 0.509375 0.609375 0.473438 0.585938 0.470313 0.578125
5 0.307812 0.640625 0.279687 0.640625 0.276562 0.648438 0.246875 0.659375 0.220312 0.695312 0.192188 0.721875 0.159375 0.768750 0.128125 0.795312 0.128125 0.998437 0.434375 0.998437 0.482812 0.964063 0.484375 0.956250 0.478125 0.951562 0.460938 0.956250 0.418750 0.953125 0.404687 0.948438 0.398438 0.940625 0.395313 0.929688 0.401562 0.925000 0.432812 0.925000 0.456250 0.931250 0.464062 0.926562 0.485938 0.926562 0.495312 0.918750 0.453125 0.862500 0.356250 0.714063 0.317188 0.640625
5 0.383855 0.940625 0.364063 0.940625 0.360938 0.948438 0.304688 0.960938 0.253125 0.967187 0.234375 0.962500 0.173437 0.967187 0.160938 0.962500 0.146875 0.967187 0.146875 0.998437 0.439063 0.998437 0.445312 0.987500 0.470313 0.975000 0.482812 0.959375 0.404687 0.956250 0.393750 0.946875 0.393750 0.940625
