4 0.881250 0.046875 0.584375 0.046875 0.581250 0.054688 0.546875 0.081250 0.546875 0.323437 0.553125 0.325000 0.573438 0.360938 0.603125 0.375000 0.626563 0.375000 0.653125 0.367188 0.746875 0.315625 0.779687 0.292187 0.825000 0.271875 0.907813 0.220312 0.932813 0.185938 0.923438 0.157812 0.932813 0.107813 0.906250 0.079687 0.889062 0.046875
0 0.888948 0.046875 0.584400 0.042591 0.548438 0.081250 0.542747 0.115902 0.546875 0.271875 0.550000 0.326562 0.562500 0.356250 0.581250 0.373437 0.601562 0.381250 0.629687 0.381250 0.653125 0.373437 0.787500 0.300000 0.920312 0.217188 0.938039 0.199625 0.945312 0.185938 0.945312 0.087500 0.922628 0.062169 0.901384 0.048839 0.896875 0.046875
0 0.270313 0.310937 0.246875 0.325000 0.234375 0.340625 0.226180 0.361658 0.228125 0.743750 0.228125 0.748437 0.228125 0.796875 0.228125 0.809375 0.228125 0.815625 0.232813 0.864062 0.234375 0.895312 0.250000 0.962500 0.260937 0.976562 0.290625 0.998437 0.357812 0.998437 0.431250 0.985938 0.600000 0.968750 0.634375 0.943750 0.643750 0.907813 0.645312 0.878125 0.635938 0.695312 0.635938 0.589063 0.628125 0.454688 0.621875 0.435937 0.604688 0.415625 0.578125 0.401562 0.378125 0.332813 0.320312 0.317188 0.307812 0.310937
7 0.396394 0.771875 0.296875 0.771875 0.296875 0.776563 0.278125 0.790625 0.278125 0.857812 0.285938 0.862500 0.285938 0.900000 0.312500 0.928125 0.310937 0.951562 0.323437 0.951562 0.325000 0.943750 0.343750 0.937500 0.375000 0.906250 0.409375 0.904687 0.420312 0.910937 0.432812 0.910937 0.460938 0.904687 0.509375 0.912500 0.548438 0.898438 0.553125 0.887500 0.551562 0.856250 0.540625 0.832812 0.526563 0.817187 0.495312 0.804688 0.437500 0.801562 0.407813 0.779687 0.404687 0.771875
0 0.708111 0.578673 0.688952 0.582005 0.675622 0.592836 0.661877 0.606997 0.656878 0.624075 0.663125 0.912734 0.675622 0.933563 0.686036 0.947723 0.709361 0.958970 0.731855 0.955639 0.790625 0.951562 0.803125 0.948438 0.900000 0.943750 0.932813 0.934375 0.950119 0.921066 0.964063 0.903125 0.957812 0.768750 0.956250 0.695312 0.946875 0.668750 0.928125 0.651563 0.820312 0.609375 0.768750 0.595313 0.750000 0.585938
7 0.318080 0.346875 0.267188 0.346875 0.265625 0.354687 0.253125 0.357812 0.253125 0.412500 0.257812 0.412500 0.270313 0.426563 0.278125 0.431250 0.296875 0.432812 0.298438 0.439063 0.340625 0.439063 0.342187 0.432812 0.354687 0.429688 0.364063 0.425000 0.371875 0.415625 0.376563 0.415625 0.376563 0.400000 0.370312 0.398438 0.360938 0.371875 0.351562 0.362500 0.329688 0.354687 0.326562 0.351562 0.326562 0.346875
0 0.901802 0.270436 0.880975 0.268770 0.848437 0.282813 0.685937 0.370312 0.653125 0.400000 0.646881 0.419556 0.649380 0.489534 0.656250 0.512500 0.675000 0.537500 0.753125 0.570312 0.868750 0.607812 0.879687 0.612500 0.915625 0.614062 0.944705 0.579922 0.945312 0.417187 0.943750 0.406250 0.940625 0.321875 0.937500 0.307812 0.917188 0.281250
0 0.473333 0.040625 0.261169 0.039258 0.225000 0.064062 0.217431 0.090077 0.215625 0.243750 0.259375 0.276562 0.298438 0.295312 0.450000 0.337500 0.473186 0.341664 0.493750 0.337500 0.518750 0.318750 0.532813 0.282813 0.532813 0.221875 0.525000 0.092188 0.514062 0.068750 0.484375 0.048438
5 0.253125 0.687500 0.253125 0.773438 0.256250 0.796875 0.267188 0.817187 0.273438 0.809375 0.281250 0.810937 0.289062 0.796875 0.287500 0.787500 0.314063 0.771875 0.337500 0.767188 0.390625 0.773438 0.440625 0.804688 0.496875 0.804688 0.540625 0.828125 0.554688 0.854688 0.556250 0.898438 0.595313 0.901563 0.601562 0.918750 0.600000 0.792188 0.589063 0.712500 0.579688 0.703125 0.565625 0.654687 0.421875 0.671875 0.320312 0.667188 0.275000 0.675000
5 0.250000 0.623437 0.246875 0.654687 0.253125 0.679688 0.292187 0.667188 0.359375 0.664062 0.432812 0.670312 0.506250 0.664062 0.556250 0.653125 0.573438 0.660937 0.571875 0.678125 0.587500 0.687500 0.589063 0.682813 0.589063 0.665625 0.578125 0.645312 0.565625 0.637500 0.328125 0.615625 0.256250 0.615625
5 0.251563 0.554688 0.257812 0.604688 0.270313 0.614062 0.360938 0.615625 0.553125 0.632812 0.568750 0.635938 0.584375 0.648438 0.593750 0.640625 0.598437 0.600000 0.576562 0.590625 0.504687 0.584375 0.468750 0.570312 0.360938 0.559375 0.271875 0.539062 0.260937 0.540625
5 0.257812 0.479687 0.256250 0.512500 0.262500 0.535937 0.321875 0.551562 0.453125 0.568750 0.506250 0.582812 0.571875 0.587500 0.576562 0.581250 0.579688 0.559375 0.573438 0.554688 0.365625 0.507812 0.275000 0.470313 0.260937 0.473438
5 0.275000 0.432812 0.271875 0.457813 0.293750 0.476562 0.393750 0.512500 0.481250 0.529687 0.510938 0.542188 0.571875 0.540625 0.587500 0.581250 0.595313 0.478125 0.581250 0.450000 0.521875 0.440625 0.506250 0.428125 0.470313 0.418750 0.400000 0.409375 0.334375 0.437500
1 0.654687 0.412500 0.654687 0.493750 0.659375 0.510938 0.675000 0.531250 0.751563 0.565625 0.789062 0.567187 0.853125 0.595313 0.879687 0.598437 0.907813 0.584375 0.917188 0.565625 0.920312 0.518750 0.928125 0.493750 0.923438 0.479687 0.928125 0.414062 0.914062 0.381250 0.907813 0.321875 0.884375 0.285938 0.859375 0.284375 0.681250 0.381250 0.664062 0.395313
1 0.668750 0.612500 0.660937 0.643750 0.660937 0.684375 0.670312 0.876563 0.676562 0.900000 0.709375 0.923438 0.757812 0.929688 0.798438 0.918750 0.859375 0.921875 0.907813 0.907813 0.928125 0.878125 0.939063 0.826562 0.921875 0.670312 0.914062 0.660937 0.882812 0.646875 0.717187 0.590625 0.685937 0.598437
3 0.229687 0.110937 0.232813 0.117188 0.223438 0.128125 0.223438 0.218750 0.229687 0.225000 0.226562 0.237500 0.240625 0.260937 0.279687 0.282813 0.317188 0.290625 0.346875 0.306250 0.357812 0.306250 0.364063 0.314063 0.401562 0.321875 0.406250 0.328125 0.473438 0.339062 0.504687 0.329688 0.515625 0.317188 0.520312 0.307812 0.515625 0.132812 0.506250 0.098437 0.482812 0.068750 0.468750 0.068750 0.462500 0.060937 0.451562 0.065625 0.431250 0.062500 0.428125 0.067187 0.293750 0.065625 0.256250 0.070312 0.240625 0.084375
