6 0.804653 0.000000 0.451562 0.000000 0.409375 0.025000 0.409375 0.065625 0.414062 0.065625 0.418750 0.075000 0.418750 0.095312 0.409375 0.103125 0.409375 0.121875 0.417187 0.125000 0.423438 0.145313 0.420312 0.225000 0.432812 0.276562 0.445312 0.296875 0.473438 0.307812 0.478125 0.314063 0.479687 0.307812 0.509375 0.295312 0.546875 0.287500 0.814063 0.153125 0.823438 0.140625 0.826562 0.089063 0.839063 0.076563 0.845313 0.076563 0.845313 0.042188 0.837500 0.040625 0.812500 0.000000
6 0.269922 0.003125 0.245312 0.003125 0.245312 0.014063 0.235937 0.021875 0.165625 0.042188 0.128125 0.059375 0.128125 0.214062 0.310937 0.268750 0.317188 0.276562 0.328125 0.276562 0.329688 0.270313 0.367188 0.259375 0.379688 0.246875 0.387500 0.228125 0.390625 0.104688 0.395313 0.059375 0.401562 0.057813 0.401562 0.025000 0.367188 0.009375 0.365625 0.003125 0.350000 0.003125 0.348438 0.009375 0.298438 0.018750 0.279687 0.010937 0.278125 0.003125
3 0.795833 0.215625 0.751563 0.215625 0.748437 0.223438 0.732812 0.231250 0.650000 0.259375 0.621875 0.275000 0.551562 0.328125 0.534375 0.353125 0.528125 0.354687 0.528125 0.457813 0.532813 0.457813 0.556250 0.485938 0.604688 0.509375 0.800000 0.575000 0.804688 0.582812 0.832812 0.582812 0.835938 0.575000 0.876563 0.542188 0.876563 0.471875 0.871875 0.471875 0.867188 0.462500 0.865625 0.415625 0.839063 0.260937 0.821875 0.234375 0.804688 0.221875 0.804688 0.215625
0 0.620089 0.540625 0.571875 0.540625 0.571875 0.545312 0.542188 0.570312 0.535937 0.582812 0.534375 0.654687 0.535937 0.665625 0.545312 0.925000 0.564063 0.984375 0.573438 0.998437 0.876563 0.998437 0.876563 0.628125 0.834375 0.618750 0.684375 0.567187 0.632812 0.548438 0.628125 0.540625
7 0.271563 0.315625 0.239063 0.315625 0.239063 0.321875 0.225000 0.334375 0.128125 0.376563 0.128125 0.462500 0.168750 0.493750 0.179688 0.493750 0.193750 0.485938 0.231250 0.487500 0.256250 0.478125 0.359375 0.507812 0.417187 0.507812 0.431250 0.479687 0.439063 0.476562 0.439063 0.431250 0.432812 0.429688 0.423438 0.395313 0.387500 0.367188 0.346875 0.365625 0.334375 0.351562 0.296875 0.340625 0.279687 0.321875 0.279687 0.315625
0 0.362500 0.003125 0.125630 0.003213 0.128125 0.215625 0.312500 0.275000 0.337500 0.276562 0.367188 0.267188 0.387500 0.245312 0.395313 0.209375 0.395313 0.203125 0.395313 0.162500 0.395313 0.089063 0.395313 0.075000 0.394702 0.020609 0.370312 0.009375 0.370312 0.003125
0 0.810045 0.203125 0.757812 0.203125 0.745313 0.217188 0.684375 0.242188 0.560937 0.309375 0.528125 0.335938 0.534375 0.462500 0.559375 0.490625 0.604688 0.512500 0.810937 0.581250 0.845313 0.589063 0.845313 0.584375 0.864062 0.568750 0.870313 0.554688 0.870313 0.346875 0.856250 0.254688 0.850000 0.242188 0.820312 0.212500 0.818750 0.203125
0 0.804655 0.003125 0.435937 0.003125 0.426563 0.020313 0.415625 0.026562 0.421875 0.245312 0.429688 0.279687 0.439063 0.295312 0.451562 0.306250 0.473438 0.314063 0.475000 0.320312 0.489063 0.320312 0.490625 0.314063 0.521875 0.306250 0.737500 0.189062 0.817187 0.151562 0.837500 0.131250 0.842187 0.106250 0.834375 0.071875 0.837500 0.046875 0.812500 0.003125
4 0.613802 0.540625 0.573438 0.540625 0.570312 0.548438 0.553125 0.559375 0.537500 0.582812 0.528125 0.587500 0.528125 0.632812 0.535937 0.639062 0.542188 0.704688 0.540625 0.762500 0.548438 0.856250 0.559375 0.912500 0.576562 0.945312 0.576562 0.967187 0.595313 0.978125 0.620313 0.976562 0.657813 0.998437 0.876563 0.998437 0.876563 0.650000 0.837500 0.626563 0.796875 0.614062 0.771875 0.596875 0.737500 0.582812 0.643750 0.560937 0.628125 0.551562 0.621875 0.540625
5 0.216797 0.484375 0.192188 0.484375 0.179688 0.500000 0.128125 0.525000 0.128125 0.645312 0.135937 0.648438 0.176563 0.695312 0.212500 0.721875 0.268750 0.750000 0.295312 0.753125 0.201563 0.748437 0.190625 0.756250 0.171875 0.754687 0.173437 0.776563 0.167187 0.784375 0.164062 0.785937 0.148438 0.770312 0.142187 0.776563 0.142187 0.784375 0.151562 0.798438 0.167187 0.800000 0.178125 0.820312 0.187500 0.826562 0.187500 0.832812 0.182812 0.835938 0.160938 0.828125 0.153125 0.832812 0.153125 0.840625 0.159375 0.853125 0.181250 0.854688 0.190625 0.843750 0.193750 0.831250 0.201563 0.835938 0.215625 0.831250 0.253125 0.853125 0.285938 0.856250 0.287500 0.868750 0.296875 0.865625 0.312500 0.871875 0.298438 0.879687 0.290625 0.873437 0.245312 0.873437 0.228125 0.879687 0.206250 0.876563 0.192188 0.884375 0.170313 0.881250 0.171875 0.907813 0.195312 0.915625 0.392188 0.918750 0.428125 0.923438 0.440625 0.931250 0.501563 0.920312 0.501563 0.860938 0.493750 0.854688 0.490625 0.731250 0.482812 0.681250 0.485938 0.557813 0.481250 0.540625 0.459375 0.517188 0.448437 0.514062 0.360938 0.510938 0.290625 0.493750 0.284375 0.484375 0.235937 0.484375 0.232813 0.492188 0.226562 0.490625 0.225000 0.484375
0 0.188542 0.253125 0.128662 0.239984 0.121875 0.998437 0.507812 0.998437 0.520312 0.968750 0.526563 0.967187 0.520312 0.728125 0.518750 0.718750 0.510938 0.629687 0.504687 0.403125 0.496875 0.376563 0.481250 0.356250 0.456250 0.340625 0.221875 0.268750 0.200000 0.260937
5 0.222767 0.496875 0.171875 0.496875 0.170313 0.503125 0.128125 0.523438 0.128125 0.645312 0.132812 0.645312 0.184375 0.701562 0.234375 0.734375 0.276562 0.746875 0.339062 0.750000 0.339062 0.729688 0.331250 0.728125 0.275000 0.670312 0.270313 0.645312 0.234375 0.589063 0.231250 0.560937 0.221875 0.535937 0.231250 0.496875
5 0.153125 0.528125 0.121875 0.528125 0.121875 0.773438 0.129688 0.776563 0.142187 0.807813 0.140625 0.823438 0.121875 0.835938 0.121875 0.871875 0.128125 0.871875 0.160938 0.910937 0.184375 0.920312 0.254688 0.925000 0.300000 0.918750 0.393750 0.918750 0.439063 0.923438 0.495312 0.918750 0.501563 0.907813 0.492188 0.860938 0.484375 0.732812 0.479687 0.765625 0.453125 0.787500 0.445312 0.784375 0.428125 0.793750 0.395313 0.778125 0.364063 0.754687 0.292187 0.748437 0.271875 0.739062 0.253125 0.739062 0.231250 0.728125 0.220312 0.707812 0.246875 0.703125 0.190625 0.667188 0.176563 0.640625 0.143750 0.604688 0.145313 0.593750 0.171875 0.595313 0.178125 0.590625 0.164062 0.559375 0.160938 0.528125
