0 0.259375 0.121875 0.071875 0.121875 0.042188 0.203125 0.031250 0.259375 0.010937 0.303125 0.003125 0.306250 0.003125 0.415625 0.046875 0.426563 0.048438 0.432812 0.328125 0.426563 0.362500 0.414062 0.376563 0.401562 0.392188 0.368750 0.390625 0.350000 0.267188 0.121875
0 0.946875 0.121875 0.681250 0.121875 0.639062 0.231250 0.634375 0.239063 0.628125 0.239063 0.628125 0.304688 0.665625 0.329688 0.693750 0.335938 0.857812 0.339062 0.859375 0.345313 0.992188 0.345313 0.998437 0.337500 0.998437 0.207813 0.954688 0.121875
1 0.692853 0.144220 0.670312 0.181250 0.643750 0.259375 0.632691 0.289898 0.634448 0.307011 0.670312 0.328125 0.685937 0.331250 0.784375 0.332813 0.987500 0.331250 0.984375 0.289062 0.957812 0.200000 0.943750 0.171875 0.928125 0.153125 0.902320 0.143344
0 0.270267 0.440625 0.003125 0.440625 0.003125 0.870313 0.132812 0.870313 0.135937 0.862500 0.153125 0.853125 0.203125 0.804688 0.229687 0.753125 0.265625 0.659375 0.315625 0.562500 0.325000 0.534375 0.332813 0.531250 0.332813 0.484375 0.328125 0.484375 0.310937 0.462500 0.279687 0.446875 0.278125 0.440625
0 0.643681 0.121875 0.296875 0.121875 0.296875 0.160938 0.304688 0.164062 0.376563 0.287500 0.398438 0.314063 0.432812 0.329688 0.492188 0.332813 0.532813 0.332813 0.570312 0.321875 0.589063 0.298438 0.642188 0.170313 0.651563 0.164062 0.651563 0.121875
2 0.615464 0.121875 0.312500 0.121875 0.309375 0.129688 0.303125 0.129688 0.303125 0.162500 0.310937 0.165625 0.385937 0.296875 0.403125 0.315625 0.426563 0.325000 0.429688 0.332813 0.553125 0.332813 0.553125 0.328125 0.575000 0.309375 0.637500 0.164062 0.645312 0.159375 0.645312 0.148438 0.637500 0.145313 0.623437 0.121875
5 0.461980 0.396875 0.445312 0.396875 0.434375 0.418750 0.409375 0.545312 0.392188 0.604688 0.398438 0.700000 0.392188 0.710938 0.389062 0.740625 0.392188 0.771875 0.398438 0.781250 0.409375 0.784375 0.423438 0.778125 0.459375 0.778125 0.481250 0.784375 0.506250 0.776563 0.528125 0.785937 0.545312 0.781250 0.565625 0.807813 0.571875 0.806250 0.579688 0.792188 0.590625 0.787500 0.650000 0.787500 0.659375 0.800000 0.656250 0.831250 0.675000 0.835938 0.998437 0.835938 0.998437 0.404687 0.962500 0.404687 0.956250 0.396875 0.906250 0.396875 0.907813 0.403125 0.942187 0.407813 0.806250 0.442188 0.695312 0.479687 0.642188 0.504687 0.603125 0.537500 0.584375 0.568750 0.568750 0.575000 0.553125 0.559375 0.559375 0.535937 0.568750 0.526563 0.554688 0.489063 0.570312 0.489063 0.570312 0.495312 0.578125 0.484375 0.568750 0.475000 0.553125 0.475000 0.548438 0.470313 0.548438 0.454688 0.539062 0.445312 0.478125 0.409375 0.470313 0.396875
0 0.473438 0.353125 0.446875 0.360938 0.421875 0.389062 0.407813 0.428125 0.301563 0.646875 0.254688 0.762500 0.246875 0.767188 0.246875 0.815625 0.251563 0.815625 0.290625 0.859375 0.307812 0.868750 0.310937 0.876563 0.526563 0.876563 0.528125 0.870313 0.545312 0.868750 0.662500 0.870313 0.914062 0.857812 0.995313 0.860938 0.995313 0.359375 0.625000 0.356250 0.601562 0.353125 0.525000 0.353125 0.507812 0.353125
1 0.113016 0.138592 0.096791 0.181823 0.069750 0.242616 0.054203 0.312114 0.031217 0.406005 0.040625 0.421875 0.059375 0.423438 0.312500 0.423438 0.345313 0.415625 0.382812 0.389062 0.373437 0.373437 0.353125 0.320312 0.289062 0.210938 0.253125 0.139063 0.239063 0.129688
7 0.318750 0.509375 0.240625 0.509375 0.235937 0.517188 0.173437 0.539062 0.125000 0.529687 0.096875 0.529687 0.079687 0.532813 0.064062 0.542188 0.000000 0.618750 0.000000 0.759375 0.010937 0.767188 0.018750 0.782813 0.028125 0.787500 0.051562 0.775000 0.079687 0.778125 0.107813 0.770312 0.168750 0.778125 0.196875 0.767188 0.215625 0.737500 0.217188 0.706250 0.226562 0.671875 0.225000 0.634375 0.242188 0.614062 0.276562 0.615625 0.285938 0.607812 0.318750 0.542188 0.326562 0.539062 0.326562 0.509375
4 0.315312 0.509375 0.242188 0.509375 0.237500 0.517188 0.175000 0.539062 0.125000 0.529687 0.098437 0.529687 0.064062 0.542188 0.012500 0.603125 0.003125 0.607812 0.003125 0.762500 0.010937 0.764062 0.017188 0.782813 0.045312 0.782813 0.050000 0.775000 0.068750 0.775000 0.078125 0.782813 0.078125 0.778125 0.093750 0.770312 0.107813 0.751563 0.153125 0.717187 0.179688 0.684375 0.220312 0.648438 0.225000 0.632812 0.240625 0.612500 0.251563 0.609375 0.267188 0.615625 0.279687 0.614062 0.292187 0.598437 0.318750 0.545312 0.325000 0.528125 0.323437 0.509375
