4 0.640625 0.059375 0.601562 0.059375 0.601562 0.065625 0.568750 0.100000 0.559375 0.103125 0.559375 0.339062 0.567187 0.342187 0.582812 0.371875 0.604688 0.382812 0.606250 0.389062 0.640625 0.389062 0.642188 0.382812 0.689063 0.364063 0.778125 0.310937 0.828125 0.292187 0.848437 0.276562 0.912500 0.245312 0.926562 0.231250 0.932813 0.214062 0.939063 0.212500 0.939063 0.154688 0.932813 0.154688 0.915625 0.132812 0.898438 0.095312 0.879687 0.071875 0.798438 0.070312 0.785937 0.067187 0.782813 0.059375 0.693750 0.059375 0.690625 0.067187 0.681250 0.070312 0.659375 0.070312 0.650000 0.065625 0.648438 0.059375
0 0.719334 0.063375 0.592802 0.063375 0.565625 0.090625 0.558134 0.126642 0.562467 0.342875 0.571875 0.360938 0.585938 0.376563 0.615625 0.389062 0.624434 0.391409 0.634375 0.389062 0.676562 0.375000 0.906250 0.251563 0.928125 0.231250 0.936869 0.223275 0.942069 0.208109 0.939036 0.123175 0.937500 0.110937 0.920312 0.087500 0.879687 0.068750 0.790625 0.065625 0.755734 0.063375
0 0.893969 0.285242 0.876202 0.284809 0.846875 0.295312 0.829688 0.309375 0.760938 0.340625 0.673438 0.390625 0.659375 0.407813 0.654334 0.452942 0.656502 0.523577 0.682813 0.548438 0.714063 0.565625 0.820312 0.600000 0.860938 0.618750 0.901336 0.624109 0.923869 0.610242 0.939063 0.584375 0.943750 0.535937 0.940625 0.342187 0.934375 0.320312 0.917188 0.296875 0.911302 0.290442
0 0.712834 0.584242 0.698102 0.584242 0.679688 0.595313 0.665625 0.609375 0.656934 0.631042 0.660402 0.902311 0.675134 0.915311 0.689434 0.927444 0.699834 0.930477 0.812934 0.928744 0.829834 0.925711 0.846734 0.925277 0.888769 0.918777 0.919536 0.899711 0.932102 0.869809 0.926036 0.702109 0.923436 0.676977 0.916502 0.663544 0.871875 0.634375 0.753125 0.593750 0.731469 0.587277
0 0.352605 0.328125 0.260937 0.328125 0.260937 0.334375 0.246875 0.342187 0.246875 0.870313 0.254688 0.875000 0.254688 0.890625 0.246875 0.896875 0.253125 0.898438 0.260937 0.939063 0.268750 0.957812 0.571875 0.957812 0.573438 0.951562 0.603125 0.948438 0.634375 0.912500 0.639062 0.898438 0.645312 0.896875 0.645312 0.565625 0.639062 0.564063 0.637500 0.550000 0.634375 0.459375 0.626563 0.442188 0.614062 0.429688 0.585938 0.414062 0.367188 0.337500 0.360938 0.328125
7 0.323437 0.784375 0.284375 0.784375 0.278125 0.825000 0.271875 0.826562 0.271875 0.865625 0.276562 0.865625 0.287500 0.885938 0.326562 0.920312 0.340625 0.921875 0.364063 0.907813 0.393750 0.910937 0.401562 0.906250 0.415625 0.906250 0.437500 0.915625 0.501563 0.912500 0.532813 0.923438 0.553125 0.915625 0.600000 0.915625 0.614062 0.909375 0.614062 0.882812 0.607812 0.881250 0.598437 0.857812 0.589063 0.850000 0.567187 0.843750 0.546875 0.821875 0.514062 0.804688 0.470313 0.806250 0.428125 0.825000 0.409375 0.826562 0.354687 0.796875 0.332813 0.790625 0.331250 0.784375
0 0.479687 0.053125 0.273000 0.052542 0.242188 0.073438 0.238767 0.090675 0.234867 0.105842 0.239063 0.243750 0.270313 0.276562 0.310937 0.298438 0.471875 0.350000 0.500000 0.350000 0.517188 0.340625 0.531702 0.332042 0.542102 0.316009 0.545312 0.296875 0.540625 0.101562 0.515625 0.071875 0.507002 0.064242
3 0.351562 0.060937 0.271875 0.068750 0.254688 0.082812 0.246875 0.100000 0.241050 0.147256 0.243286 0.210594 0.251563 0.234375 0.265625 0.268750 0.290625 0.284375 0.462500 0.343750 0.478748 0.348444 0.493750 0.345313 0.517188 0.332813 0.534375 0.296875 0.535937 0.226562 0.539062 0.215625 0.537500 0.173437 0.531250 0.112500 0.518750 0.087500 0.503125 0.071875 0.482812 0.060937 0.426563 0.059375 0.412500 0.060937 0.396875 0.059375
6 0.660937 0.420312 0.660937 0.514062 0.709375 0.559375 0.750000 0.573438 0.789062 0.578125 0.820312 0.596875 0.862500 0.601562 0.923438 0.520312 0.925000 0.476562 0.912500 0.465625 0.909375 0.440625 0.890625 0.401562 0.890625 0.342187 0.876563 0.323437 0.851562 0.320312 0.842187 0.326562 0.807813 0.329688 0.790625 0.345313 0.732812 0.368750 0.689063 0.393750 0.687500 0.400000 0.670312 0.404687
1 0.662500 0.631250 0.662500 0.873437 0.667188 0.889062 0.681250 0.904687 0.709375 0.918750 0.737500 0.918750 0.746875 0.912500 0.831250 0.915625 0.868750 0.906250 0.909375 0.857812 0.921875 0.754687 0.917188 0.728125 0.920312 0.695312 0.910937 0.670312 0.876563 0.646875 0.718750 0.593750 0.687500 0.598437 0.670312 0.614062
