0 0.196875 0.284375 0.173230 0.282850 0.154534 0.287525 0.135547 0.300378 0.121875 0.315625 0.121875 0.935937 0.150000 0.951562 0.184375 0.957812 0.207813 0.957812 0.362500 0.957812 0.393750 0.957812 0.401562 0.957812 0.470313 0.948438 0.493750 0.926562 0.507812 0.892188 0.510938 0.439063 0.506250 0.421875 0.493750 0.404687 0.464062 0.385937 0.232813 0.303125 0.207813 0.292187
4 0.526563 0.040625 0.525000 0.046875 0.504687 0.051562 0.475000 0.067187 0.453125 0.103125 0.454688 0.223438 0.453125 0.250000 0.446875 0.251563 0.446875 0.323437 0.451562 0.323437 0.471875 0.348438 0.493750 0.357812 0.495312 0.364063 0.517188 0.364063 0.518750 0.357812 0.606250 0.321875 0.743750 0.250000 0.812500 0.220312 0.837500 0.200000 0.850000 0.164062 0.857812 0.160938 0.857812 0.151562 0.851562 0.150000 0.837500 0.110937 0.778125 0.075000 0.657813 0.059375 0.642188 0.048438 0.640625 0.040625 0.609375 0.040625 0.603125 0.053125 0.584375 0.060937 0.551562 0.054688 0.531250 0.046875 0.529687 0.040625
5 0.371355 0.365625 0.354687 0.365625 0.354687 0.370312 0.260937 0.460938 0.206250 0.528125 0.134375 0.593750 0.128125 0.593750 0.128125 0.646875 0.135937 0.648438 0.195312 0.710938 0.210938 0.734375 0.346875 0.889062 0.346875 0.895312 0.360938 0.895312 0.360938 0.889062 0.375000 0.881250 0.429688 0.871875 0.421875 0.859375 0.414062 0.859375 0.406250 0.850000 0.450000 0.784375 0.475000 0.723437 0.489063 0.646875 0.495312 0.645312 0.495312 0.631250 0.489063 0.629687 0.481250 0.529687 0.467187 0.490625 0.440625 0.439063 0.410938 0.401562 0.379688 0.371875 0.379688 0.365625
0 0.816667 0.265625 0.791717 0.257445 0.748437 0.273438 0.637500 0.326562 0.574900 0.358181 0.545312 0.382812 0.534764 0.400680 0.535944 0.502202 0.549323 0.521877 0.570312 0.532813 0.726397 0.596641 0.760938 0.612500 0.794078 0.619858 0.821875 0.614062 0.842187 0.589063 0.843750 0.526563 0.845313 0.476562 0.851562 0.309375 0.839063 0.284375 0.825000 0.271875
0 0.605200 0.570670 0.586705 0.569097 0.564063 0.578125 0.534375 0.603125 0.534375 0.923438 0.564277 0.945280 0.593750 0.951562 0.807064 0.946855 0.825558 0.935048 0.837756 0.914194 0.845313 0.885938 0.843266 0.701705 0.834216 0.680456 0.825166 0.668652 0.798438 0.651563 0.628125 0.582812 0.620313 0.578125
5 0.215625 0.340625 0.184375 0.340625 0.184375 0.346875 0.171875 0.354687 0.171875 0.520312 0.178125 0.521875 0.184375 0.540625 0.203125 0.528125 0.260937 0.457813 0.312500 0.409375 0.339062 0.378125 0.325000 0.367188 0.278125 0.346875 0.276562 0.340625 0.256250 0.340625 0.256250 0.345313 0.246875 0.353125 0.226562 0.348438 0.223438 0.340625
0 0.389062 0.034375 0.175106 0.031578 0.154688 0.040625 0.129688 0.073438 0.129461 0.098866 0.127887 0.200783 0.129067 0.226359 0.146875 0.243750 0.187500 0.264062 0.337500 0.314063 0.371875 0.318750 0.398438 0.307812 0.415625 0.292187 0.423438 0.271875 0.426563 0.195312 0.426563 0.082812 0.420312 0.065625 0.415534 0.052041
0 0.648091 0.034813 0.491086 0.030878 0.461180 0.049286 0.453125 0.065625 0.443472 0.086275 0.440625 0.321875 0.455670 0.347556 0.481250 0.364063 0.519023 0.364084 0.532813 0.356250 0.604688 0.326562 0.782813 0.239063 0.837756 0.210620 0.857812 0.175000 0.857812 0.112500 0.851562 0.110937 0.846875 0.085938 0.834375 0.064062 0.812500 0.046875 0.789062 0.040625
5 0.215105 0.746875 0.195312 0.746875 0.190625 0.762500 0.178125 0.778125 0.153125 0.828125 0.146875 0.829688 0.146875 0.873437 0.212500 0.879687 0.310937 0.879687 0.326562 0.876563 0.326562 0.862500 0.318750 0.859375 0.279687 0.810937 0.225000 0.753125 0.225000 0.746875
6 0.546875 0.406250 0.543750 0.485938 0.545312 0.498437 0.559375 0.518750 0.737500 0.589063 0.762500 0.592187 0.793750 0.579688 0.795312 0.553125 0.810937 0.532813 0.806250 0.512500 0.814063 0.484375 0.810937 0.462500 0.821875 0.425000 0.821875 0.385937 0.810937 0.348438 0.809375 0.307812 0.793750 0.281250 0.764062 0.278125 0.653125 0.337500 0.576562 0.354687 0.557813 0.373437
1 0.542188 0.664062 0.542188 0.884375 0.546875 0.900000 0.576562 0.915625 0.681250 0.923438 0.771875 0.920312 0.793750 0.915625 0.812500 0.900000 0.820312 0.859375 0.828125 0.695312 0.809375 0.664062 0.603125 0.578125 0.575000 0.578125 0.556250 0.593750 0.545312 0.617188
3 0.125000 0.090625 0.123438 0.114062 0.134375 0.146875 0.132812 0.182812 0.126562 0.195312 0.134375 0.225000 0.148438 0.242188 0.203125 0.267188 0.309375 0.300000 0.346875 0.317188 0.387500 0.314063 0.409375 0.295312 0.420312 0.251563 0.414062 0.146875 0.420312 0.104688 0.415625 0.079687 0.396875 0.062500 0.370312 0.054688 0.306250 0.057813 0.195312 0.048438 0.170313 0.054688 0.154688 0.073438 0.134375 0.079687
