4 0.317969 0.078125 0.257812 0.078125 0.256250 0.084375 0.212500 0.107813 0.179688 0.146875 0.165625 0.154688 0.165625 0.289062 0.179688 0.285938 0.171875 0.264062 0.176563 0.254688 0.201563 0.287500 0.218750 0.300000 0.276562 0.326562 0.306250 0.329688 0.326562 0.310937 0.332813 0.254688 0.339062 0.245312 0.360938 0.248438 0.396875 0.281250 0.401562 0.279687 0.407813 0.254688 0.414062 0.253125 0.414062 0.184375 0.407813 0.182812 0.400000 0.153125 0.378125 0.120313 0.346875 0.093750 0.329688 0.085938 0.326562 0.078125
1 0.823652 0.310080 0.795991 0.310080 0.751986 0.328928 0.574711 0.416889 0.564652 0.429456 0.557737 0.439508 0.555223 0.551344 0.597342 0.581503 0.724327 0.619200 0.771875 0.650000 0.798438 0.656250 0.845313 0.643750 0.853197 0.621084 0.856969 0.574591 0.858855 0.533123 0.858855 0.493542 0.853827 0.367255 0.848797 0.318248
6 0.613672 0.621875 0.589063 0.621875 0.589063 0.626563 0.559375 0.651563 0.559375 0.917188 0.565625 0.917188 0.589063 0.934375 0.632812 0.939063 0.645312 0.965625 0.656250 0.971875 0.715625 0.978125 0.735938 0.985938 0.762500 0.984375 0.803125 0.973437 0.839063 0.945312 0.848437 0.928125 0.853125 0.864062 0.840625 0.790625 0.845313 0.776563 0.864062 0.762500 0.864062 0.704688 0.834375 0.693750 0.803125 0.670312 0.701562 0.660937 0.625000 0.629687 0.621875 0.621875
4 0.643389 0.034375 0.545312 0.034375 0.545312 0.039062 0.526563 0.053125 0.476562 0.070312 0.467187 0.081250 0.465625 0.109375 0.459375 0.121875 0.460938 0.154688 0.454688 0.171875 0.446875 0.175000 0.446875 0.362500 0.453125 0.362500 0.470313 0.382812 0.490625 0.393750 0.493750 0.401562 0.531250 0.401562 0.534375 0.393750 0.739062 0.290625 0.776563 0.267188 0.795312 0.245312 0.821875 0.246875 0.840625 0.237500 0.862500 0.214062 0.870313 0.173437 0.876563 0.171875 0.876563 0.118750 0.868750 0.115625 0.842187 0.079687 0.770312 0.051562 0.668750 0.046875 0.654687 0.042188 0.651563 0.034375
5 0.231250 0.453125 0.212500 0.453125 0.189062 0.492188 0.176563 0.521875 0.175000 0.550000 0.167187 0.576562 0.159375 0.579688 0.159375 0.760938 0.167187 0.767188 0.176563 0.870313 0.190625 0.909375 0.203125 0.923438 0.232813 0.923438 0.246875 0.931250 0.370312 0.826562 0.393750 0.796875 0.500000 0.695312 0.501563 0.687500 0.445312 0.628125 0.371875 0.573438 0.248438 0.465625 0.240625 0.453125
0 0.606897 0.616092 0.577980 0.625517 0.562264 0.643109 0.552205 0.663214 0.553125 0.685937 0.546875 0.687500 0.546875 0.956250 0.570312 0.984375 0.592187 0.998437 0.607812 0.998437 0.767188 0.989062 0.809375 0.979688 0.842187 0.954688 0.851562 0.928125 0.856250 0.803125 0.864062 0.714063 0.806250 0.679688 0.698438 0.656250 0.645312 0.628125
0 0.477991 0.036080 0.456250 0.046875 0.436481 0.082113 0.446875 0.365625 0.451628 0.371730 0.476562 0.392188 0.498437 0.401562 0.523438 0.401562 0.550000 0.393750 0.601562 0.364063 0.625000 0.356250 0.750587 0.288233 0.771875 0.273438 0.804688 0.260937 0.832812 0.243750 0.866019 0.228559 0.876563 0.201563 0.876563 0.112500 0.869430 0.101436 0.854688 0.081250 0.826562 0.060937 0.721875 0.046875 0.667188 0.045312 0.650000 0.040625
0 0.197395 0.340625 0.153125 0.340625 0.153125 0.698438 0.159375 0.700000 0.160938 0.707812 0.168750 0.779687 0.170313 0.862500 0.160938 0.921875 0.153125 0.926562 0.153125 0.998437 0.484375 0.998437 0.514062 0.973437 0.520312 0.954688 0.526563 0.953125 0.526563 0.907813 0.520312 0.906250 0.515625 0.829688 0.520312 0.782813 0.515625 0.687500 0.518750 0.514062 0.512500 0.471875 0.504687 0.456250 0.476562 0.432812 0.373437 0.400000 0.310937 0.387500 0.257812 0.370312 0.210938 0.350000 0.206250 0.340625
0 0.821766 0.283062 0.788447 0.284320 0.740042 0.315106 0.577853 0.397413 0.556480 0.413748 0.546875 0.432812 0.546875 0.550000 0.575000 0.571875 0.607812 0.587500 0.782813 0.650000 0.814063 0.654687 0.843750 0.642188 0.862500 0.614062 0.870313 0.565625 0.869542 0.467153 0.868750 0.371875 0.867028 0.332698 0.856969 0.313850 0.846283 0.299398 0.835938 0.290625
0 0.378023 0.046875 0.140625 0.046875 0.140625 0.276562 0.173437 0.292187 0.196875 0.295312 0.273438 0.328125 0.331250 0.345313 0.381250 0.351562 0.401562 0.342187 0.414062 0.318750 0.420312 0.317188 0.420312 0.192188 0.414062 0.190625 0.407813 0.131250 0.385937 0.046875
5 0.492188 0.709375 0.481250 0.709375 0.481250 0.715625 0.396875 0.796875 0.370312 0.829688 0.278125 0.906250 0.271875 0.906250 0.271875 0.921875 0.329688 0.921875 0.357812 0.925000 0.362500 0.932813 0.393750 0.932813 0.396875 0.925000 0.454688 0.926562 0.514062 0.917188 0.514062 0.867188 0.507812 0.865625 0.506250 0.857812 0.503125 0.709375
5 0.181250 0.359375 0.173437 0.359375 0.168750 0.370312 0.153125 0.378125 0.153125 0.453125 0.162500 0.454688 0.178125 0.476562 0.178125 0.485938 0.162500 0.520312 0.164062 0.532813 0.179688 0.498437 0.204687 0.460938 0.220312 0.448437 0.231250 0.448437 0.278125 0.484375 0.375000 0.571875 0.400000 0.587500 0.434375 0.617188 0.439063 0.626563 0.453125 0.626563 0.500000 0.506250 0.498437 0.489063 0.482812 0.478125 0.428125 0.462500 0.364063 0.428125 0.329688 0.421875 0.242188 0.381250 0.192188 0.367188 0.189062 0.359375
7 0.317969 0.078125 0.257812 0.078125 0.256250 0.084375 0.214062 0.106250 0.182812 0.137500 0.165625 0.128125 0.165625 0.289062 0.178125 0.284375 0.176563 0.257812 0.209375 0.295312 0.262500 0.321875 0.296875 0.331250 0.317188 0.329688 0.334375 0.346875 0.379688 0.350000 0.400000 0.340625 0.406250 0.325000 0.414062 0.321875 0.414062 0.304688 0.407813 0.303125 0.403125 0.285938 0.407813 0.256250 0.414062 0.254688 0.414062 0.181250 0.407813 0.179688 0.401562 0.154688 0.379688 0.121875 0.348438 0.095312 0.329688 0.085938 0.326562 0.078125
5 0.493750 0.584375 0.470313 0.584375 0.470313 0.589063 0.465625 0.596875 0.460938 0.610938 0.457813 0.614062 0.453125 0.614062 0.453125 0.640625 0.457813 0.640625 0.476562 0.659375 0.495312 0.673438 0.507812 0.673438 0.507812 0.626563 0.503125 0.626563 0.501563 0.625000 0.501563 0.610938 0.503125 0.609375 0.507812 0.609375 0.507812 0.592187 0.503125 0.592187 0.501563 0.590625 0.501563 0.584375
