0 0.608333 0.484375 0.584936 0.482572 0.564063 0.490625 0.546072 0.512016 0.553125 0.723437 0.575000 0.745313 0.726562 0.745313 0.723908 0.529289 0.640625 0.500000 0.618750 0.490625
0 0.716842 0.119048 0.523302 0.124544 0.503125 0.128125 0.485616 0.139462 0.473837 0.157520 0.478125 0.326562 0.493750 0.337500 0.506814 0.346742 0.520312 0.345313 0.573438 0.325000 0.668750 0.270313 0.727441 0.245850 0.723516 0.122973
0 0.294039 0.305522 0.279687 0.315625 0.274409 0.319655 0.274803 0.730680 0.295312 0.743750 0.315625 0.748437 0.475000 0.748437 0.503125 0.743750 0.532813 0.720313 0.532813 0.534375 0.532813 0.492188 0.526563 0.404687 0.522125 0.380895 0.495312 0.365625 0.335938 0.312500 0.316416 0.305522
0 0.714486 0.269012 0.699961 0.272153 0.679688 0.282813 0.546875 0.353125 0.541361 0.372259 0.542539 0.427220 0.546875 0.443750 0.573438 0.460938 0.692187 0.506250 0.710561 0.513978 0.726562 0.514062 0.725086 0.269797
0 0.428692 0.132395 0.306250 0.134375 0.286972 0.139855 0.278336 0.144958 0.273625 0.158306 0.274803 0.269012 0.296875 0.284375 0.421875 0.320312 0.429688 0.320312 0.443750 0.314063 0.464062 0.300000 0.464062 0.162500 0.454602 0.146136 0.442188 0.134375
7 0.417347 0.203500 0.390923 0.202864 0.369277 0.205728 0.352405 0.222283 0.349858 0.202545 0.344764 0.199044 0.296556 0.206627 0.298286 0.232469 0.301244 0.248814 0.305931 0.258189 0.313744 0.262877 0.326244 0.258189 0.329369 0.259752 0.341869 0.287877 0.355931 0.300377 0.391869 0.314439 0.415306 0.316002 0.432494 0.308189 0.455931 0.281627 0.454369 0.248814 0.449681 0.237877 0.434056 0.217564 0.429398 0.211270
4 0.687750 0.140167 0.609811 0.135019 0.579731 0.135327 0.565814 0.141075 0.552803 0.137142 0.513105 0.130595 0.500458 0.146219 0.488052 0.161347 0.482606 0.187672 0.484980 0.318095 0.502878 0.335328 0.522545 0.342892 0.534980 0.339970 0.713105 0.249345 0.724967 0.245463 0.724967 0.138958 0.715891 0.138050 0.700459 0.141680
2 0.550000 0.368750 0.548438 0.421875 0.559375 0.448437 0.712500 0.507812 0.723437 0.503125 0.720313 0.278125 0.698438 0.279687 0.640625 0.307812 0.559375 0.354687
6 0.554688 0.515625 0.557813 0.667188 0.568750 0.721875 0.576562 0.728125 0.650000 0.735938 0.721875 0.729688 0.723437 0.540625 0.701562 0.531250 0.696875 0.520312 0.665625 0.517188 0.592187 0.490625 0.560937 0.500000
5 0.276562 0.604688 0.275000 0.651563 0.293750 0.659375 0.381250 0.645312 0.517188 0.610938 0.517188 0.578125 0.506250 0.557813 0.489063 0.462500 0.451562 0.360938 0.412500 0.365625 0.371875 0.396875 0.335938 0.465625 0.326562 0.473438 0.309375 0.534375
5 0.481250 0.400000 0.470313 0.396875 0.484375 0.448437 0.493750 0.451562 0.517188 0.443750 0.515625 0.429688
5 0.284375 0.396875 0.284375 0.428125 0.300000 0.482812 0.312500 0.503125 0.320312 0.496875 0.320312 0.485938 0.342187 0.450000 0.346875 0.431250 0.392188 0.378125 0.414062 0.362500 0.337500 0.326562 0.306250 0.323437
5 0.492188 0.453125 0.489063 0.459375 0.507812 0.556250 0.518750 0.584375 0.523438 0.578125 0.520312 0.451562
5 0.293750 0.664062 0.292187 0.684375 0.310937 0.726562 0.346875 0.720313 0.373437 0.723437 0.375000 0.717187 0.389062 0.720313 0.515625 0.698438 0.521875 0.693750 0.520312 0.614062
