5 0.195312 0.509375 0.156250 0.509375 0.154688 0.515625 0.128125 0.534375 0.128125 0.740625 0.135937 0.745313 0.212500 0.912500 0.225000 0.920312 0.267188 0.926562 0.265625 0.932813 0.282813 0.945312 0.284375 0.951562 0.373437 0.998437 0.517188 0.998437 0.520312 0.975000 0.506250 0.946875 0.506250 0.934375 0.485938 0.929688 0.464062 0.932813 0.460938 0.928125 0.507812 0.926562 0.518750 0.914062 0.504687 0.795312 0.484375 0.715625 0.482812 0.615625 0.475000 0.607812 0.412500 0.579688 0.351562 0.573438 0.298438 0.560937 0.200000 0.528125 0.203125 0.509375
1 0.868689 0.003125 0.475000 0.003125 0.473438 0.021875 0.465625 0.026562 0.465625 0.285938 0.470313 0.285938 0.484375 0.303125 0.507812 0.315625 0.546875 0.317188 0.731250 0.232813 0.821875 0.185938 0.876563 0.164062 0.876563 0.003125
2 0.867500 0.228125 0.831250 0.228125 0.828125 0.235937 0.790625 0.256250 0.614062 0.339062 0.592187 0.356250 0.582812 0.371875 0.578125 0.371875 0.578125 0.500000 0.584375 0.500000 0.600000 0.521875 0.656250 0.548438 0.725000 0.568750 0.856250 0.625000 0.859375 0.632812 0.876563 0.632812 0.876563 0.228125
1 0.425000 0.003125 0.128125 0.003125 0.128125 0.192188 0.243750 0.229687 0.329688 0.262500 0.334375 0.270313 0.373437 0.270313 0.375000 0.264062 0.407813 0.245312 0.423438 0.215625 0.426563 0.109375 0.432812 0.107813 0.432812 0.003125
0 0.437383 0.003125 0.128125 0.003125 0.128125 0.198437 0.342187 0.270313 0.343750 0.276562 0.370312 0.276562 0.371875 0.270313 0.398438 0.260937 0.418750 0.240625 0.431250 0.215625 0.437500 0.054688 0.439063 0.042188 0.445312 0.040625 0.445312 0.003125
0 0.867578 0.196875 0.840625 0.196875 0.837500 0.204687 0.821875 0.214062 0.621875 0.314063 0.601562 0.326562 0.579688 0.356250 0.571875 0.359375 0.571875 0.504687 0.578125 0.504687 0.598437 0.528125 0.620313 0.540625 0.670312 0.562500 0.698438 0.568750 0.745313 0.593750 0.857812 0.637500 0.860938 0.645312 0.876563 0.645312 0.876563 0.196875
0 0.868691 0.003125 0.459375 0.003125 0.459375 0.284375 0.495312 0.315625 0.518750 0.323437 0.546875 0.323437 0.876563 0.171875 0.876563 0.003125
7 0.251042 0.328125 0.184375 0.328125 0.156250 0.370312 0.128125 0.395313 0.128125 0.485938 0.135937 0.489063 0.153125 0.512500 0.245312 0.535937 0.275000 0.521875 0.295312 0.498437 0.318750 0.543750 0.331250 0.554688 0.356250 0.564063 0.357812 0.570312 0.398438 0.570312 0.400000 0.564063 0.423438 0.554688 0.453125 0.526563 0.476562 0.482812 0.475000 0.440625 0.462500 0.415625 0.432812 0.389062 0.407813 0.376563 0.356250 0.370312 0.321875 0.353125 0.271875 0.342187 0.259375 0.328125
0 0.164844 0.228125 0.121875 0.228125 0.121875 0.982812 0.546875 0.982812 0.543750 0.951562 0.550000 0.915625 0.550000 0.873437 0.545312 0.834375 0.545312 0.507812 0.550000 0.431250 0.540625 0.387500 0.526563 0.368750 0.498437 0.350000 0.189062 0.240625 0.175000 0.234375 0.173437 0.228125
0 0.656250 0.584375 0.617188 0.584375 0.614062 0.592187 0.587500 0.612500 0.578125 0.631250 0.571875 0.632812 0.571875 0.998437 0.876563 0.998437 0.876563 0.664062 0.773438 0.623437 0.726562 0.612500 0.707812 0.600000 0.675000 0.595313 0.667188 0.592187 0.664062 0.584375
4 0.651042 0.578125 0.634375 0.578125 0.631250 0.585938 0.601562 0.600000 0.582812 0.620313 0.573438 0.651563 0.565625 0.656250 0.565625 0.900000 0.571875 0.901563 0.573438 0.921875 0.573438 0.975000 0.571875 0.981250 0.565625 0.982812 0.565625 0.998437 0.876563 0.998437 0.876563 0.665625 0.728125 0.606250 0.701562 0.607812 0.679688 0.603125 0.659375 0.578125
