5 0.354375 0.328125 0.321875 0.328125 0.321875 0.332813 0.282813 0.368750 0.228125 0.445312 0.201563 0.526563 0.185938 0.612500 0.187500 0.648438 0.218750 0.757812 0.242188 0.798438 0.273438 0.831250 0.298438 0.845313 0.320312 0.837500 0.398438 0.759375 0.450000 0.689063 0.523438 0.609375 0.537500 0.587500 0.529687 0.560937 0.479687 0.479687 0.362500 0.334375 0.362500 0.328125
0 0.813116 0.000963 0.518409 0.000000 0.487613 0.007806 0.467187 0.031250 0.459811 0.061700 0.458100 0.244341 0.464062 0.257812 0.484375 0.282813 0.495312 0.287500 0.531250 0.289062 0.575000 0.273438 0.810937 0.151562 0.839634 0.130564 0.845195 0.111317 0.842202 0.078809 0.839063 0.054688 0.820312 0.003125
0 0.810267 0.184375 0.786597 0.181892 0.759375 0.190625 0.748437 0.198437 0.584375 0.279687 0.559375 0.301563 0.550489 0.322187 0.552200 0.412867 0.560327 0.430403 0.598437 0.453125 0.775000 0.515625 0.814063 0.525000 0.829688 0.521875 0.843750 0.512500 0.860938 0.489063 0.864062 0.453125 0.862500 0.443750 0.854605 0.233648 0.843056 0.207128
0 0.404205 0.006950 0.224131 0.010372 0.203172 0.014650 0.180502 0.039030 0.169809 0.060845 0.165625 0.175000 0.209375 0.201563 0.351562 0.250000 0.396875 0.256250 0.417187 0.246875 0.435937 0.228125 0.445312 0.195312 0.443750 0.050000 0.438852 0.030048 0.425164 0.016361
0 0.619781 0.478309 0.601389 0.479592 0.581250 0.489063 0.557761 0.516805 0.560755 0.830759 0.575725 0.854284 0.598437 0.871875 0.631250 0.879687 0.721875 0.879687 0.757812 0.882812 0.773438 0.882812 0.842187 0.878125 0.859375 0.871875 0.874709 0.858563 0.871875 0.601562 0.851562 0.573438 0.826562 0.553125 0.646875 0.487500 0.637319 0.483014
0 0.244922 0.228125 0.218383 0.223509 0.189241 0.232144 0.165625 0.256250 0.157812 0.278125 0.143750 0.535937 0.142187 0.548438 0.140625 0.607812 0.140625 0.612500 0.138153 0.834044 0.140625 0.845313 0.156250 0.862500 0.178125 0.873437 0.489063 0.873437 0.520312 0.851562 0.534375 0.812500 0.539062 0.570312 0.532813 0.523438 0.529687 0.346875 0.520312 0.329688 0.495312 0.310937 0.275000 0.243750 0.256250 0.235937
5 0.203125 0.278125 0.195312 0.278125 0.178125 0.332813 0.168750 0.339062 0.159375 0.339062 0.159375 0.375000 0.165625 0.375000 0.176563 0.384375 0.192188 0.450000 0.206250 0.473438 0.214062 0.476562 0.226562 0.446875 0.260937 0.393750 0.312500 0.334375 0.303125 0.328125 0.240625 0.307812 0.221875 0.293750 0.210938 0.282813 0.210938 0.278125
5 0.392969 0.353125 0.384375 0.353125 0.384375 0.368750 0.390625 0.368750 0.403125 0.385937 0.434375 0.418750 0.451562 0.443750 0.476562 0.471875 0.476562 0.476562 0.495312 0.476562 0.495312 0.470313 0.500000 0.464062 0.510938 0.425000 0.514062 0.403125 0.512500 0.395313 0.498437 0.389062 0.460938 0.381250 0.425000 0.368750 0.404687 0.360938 0.401562 0.353125
5 0.491406 0.653125 0.481250 0.653125 0.479687 0.660937 0.409375 0.750000 0.370312 0.790625 0.365625 0.790625 0.365625 0.810937 0.409375 0.815625 0.450000 0.825000 0.467187 0.825000 0.473438 0.820312 0.479687 0.807813 0.479687 0.790625 0.489063 0.740625 0.484375 0.703125 0.489063 0.675000 0.493750 0.664062 0.501563 0.660937 0.501563 0.653125
7 0.318750 0.065625 0.290625 0.065625 0.278125 0.084375 0.259375 0.093750 0.240625 0.075000 0.234375 0.073438 0.218750 0.081250 0.204687 0.118750 0.184375 0.131250 0.184375 0.179688 0.215625 0.201563 0.340625 0.237500 0.348438 0.245312 0.350000 0.239063 0.403125 0.215625 0.428125 0.190625 0.432812 0.178125 0.439063 0.176563 0.439063 0.118750 0.432812 0.118750 0.406250 0.096875 0.335938 0.084375 0.328125 0.078125 0.328125 0.065625
4 0.760777 0.000000 0.537500 0.000000 0.487500 0.014063 0.467187 0.043750 0.459375 0.046875 0.459375 0.228125 0.467187 0.232813 0.478125 0.270313 0.503125 0.285938 0.539062 0.284375 0.776563 0.167187 0.826562 0.135937 0.837500 0.117188 0.845313 0.114062 0.845313 0.087500 0.837500 0.082812 0.829688 0.042188 0.814063 0.018750 0.796875 0.009375 0.773438 0.006250 0.768750 0.000000
7 0.318750 0.065625 0.290625 0.065625 0.289062 0.073438 0.276562 0.085938 0.260937 0.093750 0.240625 0.075000 0.218750 0.081250 0.204687 0.118750 0.184375 0.131250 0.184375 0.179688 0.215625 0.201563 0.345313 0.239063 0.346875 0.245312 0.348438 0.239063 0.403125 0.215625 0.428125 0.190625 0.432812 0.178125 0.439063 0.176563 0.439063 0.120313 0.406250 0.096875 0.334375 0.084375 0.328125 0.078125 0.328125 0.065625
4 0.760777 0.000000 0.537500 0.000000 0.487500 0.014063 0.467187 0.043750 0.459375 0.046875 0.459375 0.226562 0.467187 0.231250 0.481250 0.273438 0.504687 0.285938 0.539062 0.284375 0.773438 0.168750 0.826562 0.135937 0.839063 0.115625 0.845313 0.114062 0.845313 0.087500 0.839063 0.085938 0.829688 0.042188 0.814063 0.018750 0.790625 0.007812 0.773438 0.006250 0.768750 0.000000
2 0.559375 0.326562 0.559375 0.412500 0.567187 0.431250 0.581250 0.442188 0.806250 0.523438 0.821875 0.520312 0.843750 0.501563 0.851562 0.481250 0.845313 0.340625 0.837500 0.243750 0.823438 0.215625 0.796875 0.203125 0.771875 0.203125 0.578125 0.301563
1 0.568750 0.535937 0.573438 0.648438 0.568750 0.675000 0.578125 0.734375 0.575000 0.807813 0.584375 0.839063 0.598437 0.853125 0.620313 0.859375 0.754687 0.860938 0.823438 0.853125 0.843750 0.845313 0.859375 0.829688 0.868750 0.756250 0.865625 0.645312 0.857812 0.598437 0.845313 0.584375 0.796875 0.570312 0.720313 0.529687 0.621875 0.496875 0.589063 0.503125 0.573438 0.520312
