0 0.596702 0.121875 0.317188 0.121875 0.312500 0.131250 0.296875 0.137500 0.296875 0.198437 0.307812 0.206250 0.376563 0.320312 0.410938 0.351562 0.426563 0.356250 0.429688 0.364063 0.539062 0.364063 0.542188 0.356250 0.565625 0.346875 0.579688 0.331250 0.635938 0.179688 0.632812 0.156250 0.604688 0.121875
6 0.757366 0.134375 0.707812 0.134375 0.707812 0.139063 0.676562 0.168750 0.635938 0.273438 0.628125 0.276562 0.628125 0.332813 0.670312 0.353125 0.700000 0.356250 0.957812 0.354687 0.982812 0.345313 0.998437 0.346875 0.998437 0.339062 0.973437 0.337500 0.964063 0.328125 0.968750 0.309375 0.993750 0.275000 0.993750 0.259375 0.965625 0.221875 0.962500 0.210938 0.964063 0.170313 0.917188 0.164062 0.901563 0.154688 0.889062 0.134375 0.859375 0.134375 0.857812 0.140625 0.839063 0.145313 0.770312 0.142187 0.765625 0.134375
2 0.331250 0.148438 0.303125 0.164062 0.303125 0.201563 0.312500 0.206250 0.381250 0.321875 0.403125 0.345313 0.424662 0.356386 0.535167 0.359242 0.556250 0.348438 0.570312 0.332813 0.625000 0.193750 0.632812 0.190625 0.632812 0.179688 0.628125 0.179688 0.610938 0.159375 0.589063 0.148438 0.571875 0.146875
0 0.226562 0.121875 0.101562 0.121875 0.101562 0.126562 0.070312 0.154688 0.045312 0.203125 0.010937 0.312500 0.003125 0.317188 0.003125 0.446875 0.053125 0.462500 0.279687 0.462500 0.340625 0.451562 0.364063 0.439063 0.381250 0.415625 0.389062 0.412500 0.389062 0.378125 0.381250 0.375000 0.370312 0.351562 0.340625 0.310937 0.303125 0.232813 0.257812 0.154688 0.234375 0.128125 0.234375 0.121875
0 0.285764 0.478125 0.006250 0.478125 0.000000 0.487500 0.000000 0.882812 0.009375 0.882812 0.010937 0.876563 0.050000 0.876563 0.051562 0.882812 0.153125 0.882812 0.154688 0.876563 0.178125 0.873437 0.207813 0.837500 0.220312 0.810937 0.225000 0.784375 0.273438 0.673438 0.318750 0.581250 0.326562 0.578125 0.326562 0.510938 0.320312 0.510938 0.293750 0.478125
7 0.175000 0.509375 0.128125 0.509375 0.118750 0.523438 0.082812 0.542188 0.067187 0.568750 0.065625 0.603125 0.071875 0.621875 0.003125 0.664062 0.003125 0.850000 0.012500 0.853125 0.020313 0.870313 0.039062 0.870313 0.039062 0.864062 0.031250 0.857812 0.034375 0.848437 0.050000 0.850000 0.070312 0.862500 0.134375 0.862500 0.137500 0.870313 0.151562 0.870313 0.156250 0.860938 0.176563 0.854688 0.184375 0.840625 0.179688 0.804688 0.187500 0.785937 0.217188 0.773438 0.228125 0.762500 0.243750 0.726562 0.257812 0.675000 0.276562 0.659375 0.282813 0.643750 0.289062 0.642188 0.289062 0.607812 0.282813 0.606250 0.271875 0.579688 0.256250 0.562500 0.225000 0.548438 0.198437 0.543750 0.164062 0.545312 0.157812 0.540625 0.159375 0.534375 0.182812 0.515625 0.182812 0.509375
5 0.942031 0.446875 0.870313 0.446875 0.868750 0.453125 0.821875 0.456250 0.676562 0.457813 0.585938 0.467187 0.506250 0.509375 0.473438 0.515625 0.437500 0.534375 0.407813 0.567187 0.403125 0.582812 0.454688 0.637500 0.528125 0.679688 0.640625 0.760938 0.718750 0.795312 0.750000 0.826562 0.762500 0.846875 0.817187 0.848437 0.815625 0.842187 0.806250 0.840625 0.809375 0.832812 0.815625 0.835938 0.825000 0.825000 0.846875 0.825000 0.851562 0.821875 0.850000 0.807813 0.857812 0.807813 0.864062 0.798438 0.876563 0.792188 0.940625 0.623437 0.981250 0.540625 0.987500 0.529687 0.995313 0.526563 0.995313 0.471875 0.951562 0.453125 0.950000 0.446875
5 0.406250 0.596875 0.354687 0.721875 0.346875 0.725000 0.346875 0.790625 0.353125 0.790625 0.365625 0.776563 0.396875 0.781250 0.435937 0.778125 0.460938 0.779687 0.482812 0.787500 0.521875 0.781250 0.537500 0.790625 0.559375 0.792188 0.564063 0.796875 0.564063 0.809375 0.545312 0.825000 0.446875 0.829688 0.434375 0.834375 0.446875 0.843750 0.484375 0.843750 0.618750 0.862500 0.754687 0.857812 0.778125 0.851562 0.817187 0.853125 0.826562 0.848437 0.826562 0.821875 0.820312 0.818750 0.762500 0.817187 0.732812 0.807813 0.689063 0.803125 0.673438 0.784375 0.645312 0.764062 0.443750 0.631250 0.415625 0.603125 0.415625 0.596875
0 0.928125 0.134375 0.678125 0.134375 0.648438 0.212500 0.632812 0.239063 0.628125 0.259375 0.615625 0.270313 0.615625 0.325000 0.621875 0.325000 0.645312 0.348438 0.665625 0.356250 0.668750 0.364063 0.957812 0.364063 0.964063 0.356250 0.998437 0.356250 0.998437 0.254688 0.971875 0.212500 0.965625 0.187500 0.935937 0.134375
0 0.990550 0.371875 0.509375 0.371875 0.507812 0.378125 0.470313 0.381250 0.445312 0.390625 0.421875 0.415625 0.384375 0.492188 0.339062 0.604688 0.287500 0.709375 0.264062 0.771875 0.254688 0.789062 0.246875 0.792188 0.246875 0.843750 0.253125 0.843750 0.275000 0.871875 0.293750 0.876563 0.295312 0.882812 0.346875 0.873437 0.514062 0.875000 0.529687 0.876563 0.531250 0.882812 0.546875 0.882812 0.548438 0.876563 0.567187 0.876563 0.568750 0.882812 0.698438 0.882812 0.700000 0.876563 0.739062 0.876563 0.740625 0.882812 0.748437 0.882812 0.750000 0.876563 0.754687 0.882812 0.806250 0.882812 0.807813 0.876563 0.831250 0.875000 0.998437 0.873437 0.998437 0.371875
6 0.220052 0.121875 0.179688 0.121875 0.170313 0.140625 0.140625 0.154688 0.103125 0.164062 0.089063 0.178125 0.071875 0.217188 0.045312 0.245312 0.010937 0.320312 0.003125 0.323437 0.003125 0.371875 0.012500 0.373437 0.023438 0.385937 0.025000 0.395313 0.017188 0.421875 0.039062 0.453125 0.312500 0.454688 0.354687 0.440625 0.370312 0.428125 0.378125 0.414062 0.382812 0.414062 0.382812 0.400000 0.378125 0.400000 0.367188 0.384375 0.346875 0.340625 0.315625 0.290625 0.253125 0.148438 0.228125 0.126562 0.228125 0.121875
5 0.499062 0.421875 0.464062 0.421875 0.464062 0.426563 0.448437 0.445312 0.437500 0.490625 0.432812 0.496875 0.428125 0.496875 0.428125 0.542188 0.440625 0.539062 0.451562 0.529687 0.476562 0.517188 0.493750 0.514062 0.512500 0.506250 0.579688 0.465625 0.581250 0.457813 0.570312 0.448437 0.510938 0.429688 0.507812 0.421875
