0 0.442106 0.218509 0.316877 0.217844 0.294895 0.237150 0.290625 0.325000 0.310881 0.344336 0.420312 0.381250 0.440625 0.384375 0.462756 0.373295 0.467187 0.354687 0.470313 0.265625 0.470313 0.248438 0.467187 0.235937 0.450000 0.220312
4 0.606250 0.209375 0.512500 0.209375 0.507812 0.218750 0.484375 0.231250 0.484375 0.390625 0.501563 0.400000 0.503125 0.407813 0.532813 0.407813 0.535937 0.400000 0.675000 0.334375 0.726562 0.300000 0.726562 0.262500 0.720313 0.260937 0.718750 0.242188 0.710938 0.228125 0.685937 0.217188 0.623437 0.218750 0.617188 0.217188 0.614062 0.209375
3 0.385819 0.237483 0.325536 0.238481 0.306250 0.240625 0.301563 0.329688 0.321875 0.343750 0.376563 0.360938 0.417187 0.378125 0.431250 0.381250 0.443750 0.379688 0.457813 0.370312 0.462500 0.359375 0.462500 0.267188 0.457813 0.256250 0.450000 0.250000 0.434375 0.242188 0.404687 0.235937
0 0.330531 0.365583 0.301563 0.365625 0.285938 0.400000 0.284375 0.437500 0.284375 0.442188 0.284375 0.448437 0.278125 0.756250 0.304688 0.768750 0.393750 0.768750 0.403125 0.770312 0.471875 0.770312 0.499725 0.768794 0.517709 0.754481 0.522039 0.734841 0.525703 0.452463 0.521373 0.432823 0.494730 0.421506 0.399808 0.389217 0.351562 0.371875
0 0.507812 0.215625 0.478125 0.235937 0.478125 0.389062 0.500000 0.404687 0.526105 0.408580 0.676562 0.337500 0.711019 0.318039 0.721342 0.302394 0.720313 0.250000 0.710938 0.228125 0.687500 0.217188 0.615625 0.215625
5 0.495000 0.496875 0.462500 0.496875 0.457813 0.504687 0.395313 0.515625 0.296875 0.556250 0.296875 0.584375 0.304688 0.587500 0.403125 0.770312 0.412500 0.770312 0.448437 0.728125 0.475000 0.681250 0.490625 0.632812 0.504687 0.564063 0.503125 0.496875
0 0.684373 0.343012 0.648438 0.360938 0.562500 0.403125 0.548153 0.409920 0.540625 0.415625 0.540625 0.496875 0.590625 0.521875 0.668053 0.550627 0.676562 0.557813 0.703125 0.557813 0.723008 0.549628 0.726562 0.531250 0.726562 0.409375 0.724008 0.383622 0.720677 0.372305 0.705689 0.351667
0 0.596428 0.534375 0.546875 0.534375 0.543750 0.546875 0.534375 0.551562 0.534375 0.751563 0.540625 0.751563 0.565625 0.770312 0.567187 0.776563 0.704688 0.776563 0.707812 0.768750 0.726562 0.759375 0.726562 0.603125 0.721875 0.603125 0.701562 0.579688 0.607812 0.542188 0.604688 0.534375
5 0.493478 0.434375 0.315625 0.434375 0.315625 0.509375 0.321875 0.510938 0.328125 0.545312 0.339062 0.545312 0.342187 0.537500 0.412500 0.506250 0.420312 0.506250 0.426563 0.501563 0.446875 0.501563 0.457813 0.487500 0.467187 0.487500 0.478125 0.495312 0.482812 0.490625 0.479687 0.482812 0.493750 0.464062 0.501563 0.460938 0.501563 0.434375
1 0.575695 0.538933 0.560292 0.538933 0.549150 0.547777 0.545217 0.723437 0.546875 0.729688 0.551562 0.745313 0.568750 0.757812 0.626563 0.762500 0.651563 0.762500 0.703125 0.756250 0.716947 0.744402 0.714325 0.617641 0.704688 0.587500 0.637964 0.563172 0.605191 0.552691 0.591427 0.545156
1 0.687370 0.359916 0.677380 0.359250 0.649403 0.372566 0.547953 0.422119 0.545822 0.495469 0.589452 0.514331 0.678125 0.550000 0.701562 0.553125 0.716347 0.538964 0.715681 0.517048 0.713017 0.443467 0.712350 0.389875 0.700694 0.365575
5 0.303125 0.596875 0.303125 0.693750 0.309375 0.695312 0.310937 0.706250 0.309375 0.728125 0.303125 0.729688 0.303125 0.732812 0.320312 0.739062 0.345313 0.732812 0.382812 0.729688 0.382812 0.721875 0.378125 0.721875 0.373437 0.717187 0.340625 0.660937 0.312500 0.604688 0.312500 0.596875
