4 0.202952 0.190625 0.139063 0.190625 0.123438 0.220312 0.110937 0.270313 0.104688 0.345313 0.096875 0.350000 0.096875 0.467187 0.104688 0.470313 0.129688 0.510938 0.154688 0.529687 0.293750 0.531250 0.364063 0.523438 0.387500 0.506250 0.396875 0.487500 0.398438 0.460938 0.390625 0.437500 0.320312 0.300000 0.296875 0.270313 0.248438 0.225000 0.226562 0.217188 0.210938 0.190625
0 0.243333 0.178125 0.128125 0.178125 0.128125 0.184375 0.107813 0.203125 0.096875 0.229687 0.090625 0.231250 0.090625 0.520312 0.120313 0.534375 0.145313 0.539062 0.146875 0.545312 0.187500 0.545312 0.189062 0.539062 0.203125 0.537500 0.270313 0.537500 0.367188 0.528125 0.392188 0.515625 0.406250 0.493750 0.414062 0.490625 0.414062 0.451562 0.407813 0.450000 0.395313 0.429688 0.268750 0.201563 0.251563 0.184375 0.251563 0.178125
2 0.504475 0.171875 0.335938 0.171875 0.315625 0.195312 0.309375 0.195312 0.309375 0.250000 0.321875 0.260937 0.398438 0.403125 0.415625 0.421875 0.440625 0.434375 0.506250 0.434375 0.534375 0.428125 0.553125 0.415625 0.612500 0.243750 0.620313 0.240625 0.620313 0.212500 0.612500 0.209375 0.601562 0.192188 0.571875 0.178125 0.570312 0.171875 0.532813 0.171875 0.531250 0.178125 0.514062 0.178125 0.512500 0.171875
1 0.839063 0.178125 0.682813 0.178125 0.657813 0.207813 0.621875 0.314063 0.614062 0.353125 0.603125 0.362500 0.603125 0.403125 0.609375 0.403125 0.635938 0.425000 0.639062 0.432812 0.707812 0.432812 0.709375 0.426563 0.721875 0.425000 0.876563 0.420312 0.914062 0.401562 0.914062 0.351562 0.906250 0.346875 0.890625 0.231250 0.875000 0.204687 0.848437 0.185938 0.846875 0.178125
0 0.585891 0.171875 0.334375 0.171875 0.332813 0.179688 0.309375 0.192188 0.309375 0.253125 0.314063 0.253125 0.326562 0.270313 0.398438 0.406250 0.415625 0.425000 0.448437 0.439063 0.450000 0.445312 0.489063 0.445312 0.490625 0.439063 0.542188 0.429688 0.560937 0.415625 0.575000 0.390625 0.614062 0.259375 0.625000 0.237500 0.632812 0.234375 0.632812 0.210938 0.628125 0.210938 0.593750 0.171875
5 0.598264 0.503125 0.462500 0.503125 0.460938 0.509375 0.446875 0.514062 0.446875 0.671875 0.454688 0.671875 0.489063 0.656250 0.521875 0.646875 0.535937 0.635938 0.601562 0.528125 0.606250 0.503125
7 0.272813 0.578125 0.239063 0.578125 0.237500 0.584375 0.228125 0.587500 0.157812 0.585938 0.128125 0.601562 0.104688 0.632812 0.096875 0.635938 0.096875 0.698438 0.104688 0.701562 0.121875 0.725000 0.159375 0.745313 0.160938 0.795312 0.173437 0.795312 0.175000 0.784375 0.182812 0.778125 0.226562 0.781250 0.275000 0.776563 0.290625 0.781250 0.303125 0.776563 0.312500 0.765625 0.328125 0.703125 0.356250 0.642188 0.364063 0.640625 0.364063 0.617188 0.359375 0.617188 0.346875 0.601562 0.314063 0.601562 0.284375 0.585938 0.281250 0.578125
0 0.924964 0.446875 0.587500 0.446875 0.581250 0.454688 0.481250 0.460938 0.465625 0.467187 0.451562 0.479687 0.439063 0.501563 0.414062 0.570312 0.376563 0.701562 0.359375 0.748437 0.353125 0.760938 0.346875 0.762500 0.346875 0.831250 0.385937 0.860938 0.390625 0.870313 0.456250 0.870313 0.457813 0.864062 0.481250 0.860938 0.848437 0.843750 0.957812 0.832812 0.978125 0.826562 0.998437 0.801562 0.989062 0.632812 0.965625 0.493750 0.951562 0.468750 0.932813 0.453125 0.932813 0.446875
0 0.334317 0.553125 0.129688 0.553125 0.126562 0.560937 0.110937 0.567187 0.089063 0.589063 0.073438 0.618750 0.065625 0.668750 0.059375 0.682813 0.053125 0.684375 0.053125 0.843750 0.067187 0.845313 0.085938 0.859375 0.084375 0.876563 0.251563 0.876563 0.251563 0.870313 0.292187 0.835938 0.306250 0.790625 0.323437 0.764062 0.342187 0.714063 0.368750 0.629687 0.376563 0.625000 0.376563 0.603125 0.368750 0.600000 0.360938 0.576562 0.342187 0.559375 0.342187 0.553125
5 0.656250 0.453125 0.651563 0.468750 0.615625 0.514062 0.598437 0.545312 0.542188 0.623437 0.534375 0.626563 0.534375 0.645312 0.562500 0.653125 0.587500 0.650000 0.742188 0.585938 0.807813 0.551562 0.806250 0.543750 0.785937 0.526563 0.776563 0.504687 0.726562 0.498437 0.675000 0.467187 0.665625 0.453125
0 0.876375 0.159375 0.684375 0.159375 0.654687 0.196875 0.628125 0.301563 0.609375 0.342187 0.603125 0.343750 0.603125 0.409375 0.609375 0.409375 0.637500 0.431250 0.640625 0.439063 0.757812 0.439063 0.759375 0.432812 0.884375 0.426563 0.920312 0.414062 0.942187 0.389062 0.945312 0.371875 0.951562 0.370312 0.951562 0.354687 0.945312 0.353125 0.920312 0.198437 0.909375 0.182812 0.884375 0.165625 0.884375 0.159375
5 0.885352 0.603125 0.826562 0.603125 0.821875 0.610938 0.746875 0.642188 0.626563 0.685937 0.590625 0.703125 0.548438 0.750000 0.521875 0.762500 0.503125 0.765625 0.503125 0.778125 0.581250 0.779687 0.595313 0.806250 0.620313 0.787500 0.645312 0.784375 0.684375 0.787500 0.701562 0.803125 0.739062 0.795312 0.832812 0.743750 0.912500 0.673438 0.923438 0.648438 0.914062 0.628125 0.893750 0.609375 0.893750 0.603125
