2 0.812500 0.284375 0.773438 0.284375 0.768750 0.293750 0.737500 0.312500 0.603125 0.378125 0.571875 0.400000 0.571875 0.525000 0.578125 0.525000 0.601562 0.543750 0.662500 0.564063 0.696875 0.584375 0.728125 0.587500 0.773438 0.604688 0.801562 0.603125 0.818750 0.592187 0.839063 0.564063 0.840625 0.435937 0.840625 0.323437 0.820312 0.284375
4 0.512500 0.028125 0.504687 0.067187 0.485938 0.092188 0.478125 0.148438 0.471875 0.150000 0.471875 0.157812 0.478125 0.159375 0.478125 0.171875 0.471875 0.173437 0.471875 0.323437 0.476562 0.323437 0.489063 0.343750 0.509375 0.356250 0.512500 0.364063 0.573438 0.364063 0.576562 0.356250 0.632812 0.328125 0.714063 0.296875 0.775000 0.264062 0.876563 0.193750 0.876563 0.131250 0.870313 0.129688 0.856250 0.090625 0.829688 0.070312 0.807813 0.045312 0.776563 0.054688 0.754687 0.054688 0.734375 0.046875 0.659375 0.051562 0.628125 0.043750 0.617188 0.037500 0.612500 0.028125 0.595313 0.028125 0.589063 0.037500 0.560937 0.043750 0.532813 0.040625 0.526563 0.028125
0 0.390536 0.000000 0.121875 0.000000 0.121875 0.234375 0.126562 0.234375 0.140625 0.253125 0.195312 0.264062 0.381250 0.331250 0.412500 0.335938 0.432812 0.331250 0.451562 0.303125 0.457813 0.301563 0.457813 0.185938 0.453125 0.185938 0.450000 0.178125 0.450000 0.131250 0.439063 0.048438 0.432812 0.035937 0.398438 0.000000
0 0.642708 0.590625 0.598437 0.590625 0.573438 0.625000 0.565625 0.935937 0.595313 0.964063 0.636848 0.968228 0.707812 0.956250 0.801562 0.943750 0.826562 0.934375 0.839063 0.923438 0.846875 0.907813 0.856250 0.871875 0.860938 0.725000 0.857812 0.696875 0.850000 0.679688 0.839063 0.667188 0.821875 0.657813 0.720313 0.618750 0.678125 0.609375 0.654687 0.598437 0.651563 0.590625
0 0.199306 0.290625 0.131250 0.290625 0.121875 0.315625 0.115625 0.925000 0.121875 0.926562 0.115625 0.929688 0.115625 0.935937 0.121875 0.937500 0.123438 0.951562 0.123438 0.979688 0.115625 0.984375 0.115625 0.998437 0.442188 0.998437 0.446875 0.993750 0.509375 0.978125 0.531250 0.957812 0.540625 0.937500 0.545312 0.903125 0.551562 0.901563 0.551562 0.814063 0.545312 0.812500 0.540625 0.767188 0.540625 0.448437 0.525000 0.421875 0.492188 0.400000 0.429688 0.382812 0.345313 0.346875 0.242188 0.312500 0.210938 0.298438 0.207813 0.290625
5 0.234202 0.553125 0.170313 0.553125 0.160938 0.570312 0.140625 0.573438 0.140625 0.825000 0.146875 0.826562 0.150000 0.843750 0.150000 0.921875 0.170313 0.939063 0.195312 0.926562 0.203125 0.934375 0.218750 0.926562 0.235937 0.926562 0.246875 0.935937 0.264062 0.925000 0.340625 0.923438 0.353125 0.918750 0.357812 0.910937 0.351562 0.884375 0.350000 0.835938 0.357812 0.803125 0.370312 0.792188 0.370312 0.701562 0.365625 0.701562 0.362500 0.693750 0.351562 0.600000 0.342187 0.585938 0.326562 0.576562 0.246875 0.560937 0.242188 0.553125
0 0.487500 0.021875 0.471875 0.059375 0.471875 0.326562 0.482812 0.351562 0.512500 0.378125 0.533275 0.380284 0.565625 0.375000 0.593750 0.365625 0.690625 0.312500 0.793750 0.265625 0.856250 0.223438 0.871875 0.206250 0.876563 0.184375 0.875000 0.098437 0.859375 0.062500 0.843750 0.048438 0.803125 0.034375 0.737500 0.029687 0.670312 0.028125 0.648438 0.029687 0.621875 0.028125
0 0.824939 0.274286 0.759375 0.293750 0.734375 0.309375 0.607812 0.371875 0.565625 0.409375 0.568491 0.497320 0.573438 0.528125 0.585938 0.548438 0.696875 0.600000 0.759375 0.618750 0.773438 0.625000 0.797181 0.633516 0.832812 0.632812 0.853125 0.607812 0.862500 0.576562 0.870313 0.385937 0.868750 0.334375 0.850211 0.287947
5 0.415625 0.628125 0.415625 0.768750 0.421875 0.770312 0.446875 0.810937 0.457813 0.854688 0.448437 0.921875 0.515625 0.925000 0.526563 0.917188 0.531250 0.901563 0.539062 0.898438 0.539062 0.857812 0.534375 0.857812 0.531250 0.850000 0.521875 0.745313 0.507812 0.721875 0.425000 0.634375 0.425000 0.628125
7 0.407813 0.415625 0.396875 0.415625 0.396875 0.510938 0.403125 0.512500 0.404687 0.520312 0.404687 0.567187 0.409375 0.607812 0.417187 0.625000 0.429688 0.631250 0.439063 0.631250 0.462500 0.623437 0.487500 0.603125 0.500000 0.585938 0.507812 0.562500 0.514062 0.560937 0.514062 0.542188 0.507812 0.540625 0.490625 0.506250 0.487500 0.487500 0.471875 0.457813 0.451562 0.439063 0.420312 0.421875 0.418750 0.415625
1 0.323372 0.003125 0.142187 0.003125 0.132812 0.017188 0.121875 0.020313 0.121875 0.221875 0.245312 0.281250 0.342187 0.307812 0.410938 0.339062 0.412500 0.345313 0.421875 0.345313 0.425000 0.337500 0.451562 0.321875 0.451562 0.231250 0.445312 0.229687 0.440625 0.195312 0.440625 0.178125 0.451562 0.170313 0.451562 0.153125 0.445312 0.151562 0.442188 0.137500 0.435937 0.059375 0.409375 0.025000 0.378125 0.014063 0.345313 0.010937 0.340625 0.003125 0.332813 0.009375 0.331250 0.003125
7 0.215625 0.315625 0.184375 0.315625 0.178125 0.329688 0.146875 0.359375 0.140625 0.359375 0.140625 0.435937 0.148438 0.439063 0.168750 0.476562 0.207813 0.485938 0.209375 0.531250 0.218750 0.546875 0.237500 0.553125 0.331250 0.560937 0.328125 0.551562 0.335938 0.535937 0.335938 0.517188 0.328125 0.392188 0.320312 0.387500 0.314063 0.398438 0.303125 0.398438 0.292187 0.362500 0.265625 0.339062 0.225000 0.323437 0.223438 0.315625
1 0.643080 0.596875 0.592187 0.596875 0.575000 0.623437 0.565625 0.628125 0.565625 0.909375 0.595313 0.925000 0.598437 0.932813 0.653125 0.932813 0.659375 0.925000 0.682813 0.926562 0.728125 0.909375 0.770312 0.903125 0.798438 0.889062 0.821875 0.860938 0.826562 0.846875 0.831250 0.754687 0.828125 0.732812 0.835938 0.720313 0.857812 0.715625 0.857812 0.692187 0.851562 0.692187 0.829688 0.667188 0.692187 0.620313 0.654687 0.604688 0.651563 0.596875
6 0.641741 0.596875 0.592187 0.596875 0.592187 0.603125 0.573438 0.626563 0.565625 0.629687 0.565625 0.906250 0.603125 0.926562 0.681250 0.923438 0.793750 0.889062 0.823438 0.851562 0.826562 0.726562 0.834375 0.718750 0.851562 0.715625 0.851562 0.685937 0.825000 0.665625 0.703125 0.625000 0.651563 0.603125 0.650000 0.596875
