4 0.805883 0.321875 0.675000 0.321875 0.673438 0.328125 0.626563 0.340625 0.603125 0.359375 0.603125 0.390625 0.614062 0.398438 0.726562 0.582812 0.745313 0.601562 0.773438 0.607812 0.775000 0.614062 0.793750 0.614062 0.795312 0.607812 0.828125 0.603125 0.857812 0.565625 0.834375 0.432812 0.837500 0.400000 0.828125 0.351562 0.814063 0.321875
2 0.585653 0.415625 0.504687 0.415625 0.489063 0.435937 0.448437 0.567187 0.440625 0.570312 0.440625 0.628125 0.462500 0.639062 0.464062 0.645312 0.571875 0.645312 0.571875 0.640625 0.579688 0.637500 0.632812 0.634375 0.659375 0.626563 0.682813 0.601562 0.689063 0.589063 0.685937 0.567187 0.593750 0.415625
0 0.590495 0.409375 0.503125 0.409375 0.503125 0.415625 0.482812 0.434375 0.457813 0.506250 0.440625 0.575000 0.434375 0.576562 0.434375 0.631250 0.456250 0.643750 0.457813 0.651563 0.551562 0.651563 0.553125 0.645312 0.635938 0.637500 0.665625 0.629687 0.695312 0.607812 0.695312 0.559375 0.687500 0.556250 0.667188 0.526563 0.615625 0.432812 0.598437 0.415625 0.598437 0.409375
0 0.817187 0.121875 0.653125 0.121875 0.631250 0.226562 0.621875 0.232813 0.621875 0.285938 0.653125 0.307812 0.654687 0.314063 0.667188 0.314063 0.668750 0.307812 0.678125 0.306250 0.785937 0.301563 0.809375 0.289062 0.828125 0.271875 0.832812 0.257812 0.825000 0.121875
0 0.631250 0.121875 0.146875 0.121875 0.142187 0.132812 0.134375 0.132812 0.134375 0.275000 0.140625 0.276562 0.148438 0.370312 0.159375 0.401562 0.178125 0.415625 0.212500 0.420312 0.214062 0.426563 0.220312 0.426563 0.221875 0.420312 0.232813 0.418750 0.340625 0.407813 0.495312 0.400000 0.550000 0.387500 0.564063 0.375000 0.575000 0.356250 0.628125 0.159375 0.632812 0.146875 0.639062 0.145313 0.639062 0.121875
0 0.420312 0.421875 0.350000 0.421875 0.350000 0.426563 0.342187 0.429688 0.200000 0.439063 0.159375 0.464062 0.159375 0.554688 0.164062 0.554688 0.167187 0.562500 0.178125 0.645312 0.193750 0.668750 0.217188 0.681250 0.268750 0.678125 0.368750 0.662500 0.389062 0.654687 0.404687 0.640625 0.417187 0.614062 0.431250 0.540625 0.446875 0.489063 0.451562 0.476562 0.457813 0.475000 0.457813 0.459375 0.451562 0.457813 0.428125 0.421875
7 0.740625 0.121875 0.670312 0.121875 0.651563 0.154688 0.635938 0.226562 0.628125 0.231250 0.628125 0.287500 0.656250 0.301563 0.657813 0.307812 0.685937 0.307812 0.687500 0.301563 0.714063 0.296875 0.728125 0.285938 0.746875 0.287500 0.776563 0.281250 0.793750 0.264062 0.795312 0.246875 0.773438 0.217188 0.770312 0.189062 0.784375 0.168750 0.795312 0.167187 0.814063 0.156250 0.814063 0.143750 0.798438 0.135937 0.759375 0.135937 0.750000 0.129688 0.748437 0.121875
0 0.813672 0.315625 0.690625 0.315625 0.689063 0.321875 0.631250 0.331250 0.603125 0.350000 0.603125 0.396875 0.610938 0.398438 0.626563 0.421875 0.725000 0.589063 0.740625 0.603125 0.765625 0.614062 0.767188 0.620313 0.810937 0.620313 0.812500 0.614062 0.835938 0.606250 0.864062 0.584375 0.864062 0.520312 0.856250 0.514062 0.846875 0.384375 0.839063 0.343750 0.821875 0.321875 0.821875 0.315625
5 0.573125 0.121875 0.418750 0.121875 0.414062 0.129688 0.334375 0.148438 0.334375 0.223438 0.342187 0.226562 0.354687 0.256250 0.360938 0.293750 0.384375 0.359375 0.395313 0.379688 0.407813 0.387500 0.410938 0.395313 0.435937 0.395313 0.440625 0.387500 0.501563 0.371875 0.535937 0.351562 0.570312 0.315625 0.582812 0.287500 0.589063 0.242188 0.595313 0.240625 0.595313 0.176563 0.587500 0.170313 0.581250 0.121875
1 0.424573 0.428125 0.342187 0.428125 0.342187 0.432812 0.334375 0.435937 0.275000 0.435937 0.228125 0.442188 0.196875 0.451562 0.171875 0.473438 0.171875 0.565625 0.178125 0.567187 0.181250 0.578125 0.184375 0.637500 0.195312 0.662500 0.212500 0.675000 0.215625 0.682813 0.242188 0.682813 0.248438 0.675000 0.367188 0.657813 0.381250 0.651563 0.403125 0.631250 0.448437 0.471875 0.446875 0.453125 0.432812 0.428125
5 0.343750 0.146875 0.304688 0.146875 0.303125 0.153125 0.295312 0.154688 0.225000 0.156250 0.159375 0.164062 0.159375 0.196875 0.167187 0.200000 0.196875 0.301563 0.240625 0.382812 0.264062 0.404687 0.315625 0.406250 0.395313 0.392188 0.395313 0.376563 0.389062 0.375000 0.373437 0.337500 0.331250 0.192188 0.331250 0.168750 0.348438 0.159375 0.351562 0.146875
