0 0.787702 0.240223 0.759663 0.239289 0.710938 0.265625 0.565625 0.339062 0.534375 0.362500 0.534375 0.479687 0.539062 0.479687 0.553125 0.498437 0.575000 0.510938 0.762934 0.577325 0.776563 0.582812 0.796875 0.582812 0.839105 0.567050 0.848452 0.527819 0.839573 0.428400 0.829759 0.298605 0.817142 0.267313
0 0.618527 0.540625 0.587320 0.539680 0.540625 0.570312 0.548438 0.748437 0.559375 0.890625 0.585938 0.926562 0.769103 0.922397 0.776563 0.920312 0.828125 0.912500 0.859375 0.879687 0.864062 0.879687 0.864062 0.776563 0.865367 0.761117 0.862097 0.698533 0.855088 0.647623 0.835459 0.620945 0.816300 0.610203 0.794337 0.603198 0.654145 0.556959 0.631714 0.546684
4 0.462500 0.040625 0.434375 0.040625 0.434375 0.151562 0.440625 0.153125 0.443750 0.168750 0.442188 0.207813 0.434375 0.212500 0.434375 0.229687 0.443750 0.234375 0.450000 0.246875 0.457813 0.326562 0.467187 0.337500 0.481250 0.343750 0.484375 0.351562 0.510938 0.351562 0.512500 0.345313 0.537500 0.335938 0.751563 0.221875 0.784375 0.196875 0.795312 0.167187 0.801562 0.165625 0.795312 0.162500 0.765625 0.067187 0.748437 0.050000 0.689063 0.067187 0.523438 0.071875 0.496875 0.067187 0.471875 0.045312 0.471875 0.040625
0 0.740938 0.045312 0.634375 0.050000 0.456250 0.048438 0.428125 0.062500 0.432453 0.212381 0.434375 0.232813 0.439063 0.304688 0.448437 0.326562 0.460938 0.340625 0.487500 0.351562 0.509375 0.351562 0.539062 0.342187 0.734375 0.232813 0.784375 0.201563 0.809375 0.175000 0.814063 0.175000 0.814063 0.125000 0.806955 0.095137 0.790600 0.058241 0.750000 0.045312
7 0.305208 0.109375 0.287500 0.109375 0.253125 0.148438 0.206250 0.131250 0.171875 0.131250 0.171875 0.215625 0.178125 0.217188 0.198437 0.253125 0.210938 0.264062 0.257812 0.276562 0.270313 0.285938 0.335938 0.307812 0.360938 0.312500 0.385937 0.309375 0.414062 0.284375 0.414062 0.187500 0.407813 0.185938 0.403125 0.157812 0.384375 0.135937 0.334375 0.123438 0.315625 0.115625 0.314063 0.109375
0 0.164497 0.287356 0.151413 0.295763 0.128125 0.310937 0.128125 0.926562 0.145313 0.945312 0.439063 0.945312 0.440625 0.939063 0.501563 0.929688 0.521875 0.915625 0.537500 0.882812 0.537500 0.796875 0.520312 0.604688 0.518750 0.431250 0.512500 0.409375 0.489063 0.382812 0.476562 0.376563 0.239063 0.301563 0.182255 0.285955
1 0.605545 0.557314 0.584516 0.556380 0.558347 0.570859 0.557880 0.688923 0.564889 0.776728 0.570030 0.850989 0.576572 0.884150 0.587500 0.900000 0.610686 0.903298 0.620031 0.902366 0.666763 0.899563 0.699941 0.899095 0.795272 0.890689 0.823438 0.890625 0.845313 0.862500 0.842938 0.825111 0.840133 0.803627 0.833591 0.692341 0.826581 0.649433 0.817187 0.626563 0.785458 0.616272 0.641061 0.566764
0 0.391980 0.053125 0.159375 0.053125 0.126645 0.087578 0.128125 0.235937 0.178125 0.264062 0.340625 0.312500 0.382812 0.312500 0.409375 0.295312 0.417187 0.279687 0.420312 0.257812 0.421875 0.218750 0.418750 0.210938 0.417187 0.123438 0.410938 0.089063 0.400000 0.067187
5 0.238750 0.671875 0.165625 0.671875 0.160938 0.679688 0.134375 0.685937 0.134375 0.770312 0.140625 0.771875 0.168750 0.831250 0.179688 0.878125 0.190625 0.898438 0.475000 0.907813 0.496875 0.907813 0.506250 0.903125 0.510938 0.887500 0.503125 0.825000 0.507812 0.739062 0.504687 0.720313 0.342187 0.695312 0.295312 0.692187 0.251563 0.679688 0.246875 0.671875
5 0.367188 0.603125 0.156250 0.603125 0.153125 0.610938 0.140625 0.617188 0.140625 0.671875 0.153125 0.678125 0.190625 0.671875 0.225000 0.673438 0.289062 0.690625 0.456250 0.712500 0.462500 0.714063 0.464062 0.720313 0.493750 0.720313 0.493750 0.715625 0.507812 0.706250 0.507812 0.643750 0.407813 0.614062 0.376563 0.609375 0.375000 0.603125
5 0.288616 0.459375 0.239063 0.459375 0.235937 0.467187 0.200000 0.487500 0.182812 0.504687 0.165625 0.546875 0.159375 0.548438 0.159375 0.576562 0.185938 0.573438 0.234375 0.578125 0.389062 0.606250 0.479687 0.632812 0.481250 0.639062 0.495312 0.628125 0.500000 0.617188 0.500000 0.534375 0.504687 0.515625 0.504687 0.501563 0.500000 0.495312 0.465625 0.487500 0.412500 0.485938 0.340625 0.475000 0.301563 0.467187 0.296875 0.459375
2 0.777422 0.267602 0.760598 0.264798 0.592369 0.348867 0.547039 0.376433 0.547039 0.474514 0.560937 0.496875 0.588628 0.506273 0.767188 0.568750 0.775000 0.570312 0.793750 0.567187 0.806250 0.559375 0.820312 0.535937 0.820312 0.515625 0.818750 0.503125 0.803125 0.301563 0.789572 0.272272
5 0.320072 0.353125 0.223438 0.353125 0.217188 0.364063 0.184375 0.389062 0.167187 0.446875 0.160938 0.457813 0.153125 0.460938 0.153125 0.492188 0.159375 0.492188 0.164062 0.501563 0.189062 0.501563 0.189062 0.495312 0.206250 0.479687 0.257812 0.459375 0.445312 0.489063 0.481250 0.490625 0.490625 0.484375 0.495312 0.439063 0.501563 0.437500 0.501563 0.409375 0.417187 0.381250 0.337500 0.362500 0.329688 0.359375 0.328125 0.353125
