0 0.242120 0.446875 0.068750 0.446875 0.046148 0.454841 0.021875 0.475000 0.021875 0.625000 0.053125 0.643750 0.079687 0.650000 0.209375 0.648438 0.237500 0.642188 0.259375 0.628125 0.275000 0.600000 0.281250 0.565625 0.282813 0.510938 0.273438 0.475000 0.250000 0.446875
8 0.860156 0.684375 0.800000 0.684375 0.800000 0.689063 0.789062 0.701562 0.782813 0.707812 0.778125 0.707812 0.778125 0.753125 0.782813 0.753125 0.793750 0.764062 0.832812 0.784375 0.854688 0.787500 0.878125 0.778125 0.890625 0.765625 0.895312 0.751563 0.901563 0.750000 0.901563 0.718750 0.895312 0.717187 0.889062 0.704688 0.871875 0.692187 0.868750 0.689063 0.868750 0.684375
3 0.931330 0.434027 0.736692 0.434027 0.721875 0.435937 0.696875 0.450000 0.685937 0.467187 0.681875 0.481270 0.678697 0.526925 0.685937 0.579688 0.704688 0.623437 0.737500 0.646875 0.785937 0.651563 0.828125 0.651563 0.842187 0.650000 0.916631 0.641261 0.943642 0.628556 0.965092 0.617441 0.975420 0.591636 0.975817 0.559478 0.976214 0.511839 0.973831 0.483652 0.970313 0.454688 0.949602 0.439584
1 0.883525 0.144553 0.784314 0.154528 0.710345 0.156287 0.659375 0.179688 0.672186 0.222589 0.690384 0.276567 0.700000 0.376563 0.714063 0.396875 0.735938 0.406250 0.754373 0.411516 0.845313 0.407813 0.859375 0.404687 0.932813 0.401562 0.957812 0.390625 0.970409 0.365750 0.974519 0.253684 0.950450 0.202053 0.928142 0.165089 0.898438 0.142187
2 0.238702 0.449353 0.100000 0.453125 0.071875 0.457813 0.046148 0.483384 0.049083 0.617745 0.078125 0.639062 0.237500 0.637500 0.253125 0.629687 0.264062 0.617188 0.279687 0.565625 0.278125 0.487500
4 0.649895 0.628125 0.301563 0.628125 0.273438 0.662500 0.260937 0.703125 0.259375 0.734375 0.258595 0.748478 0.253125 0.770312 0.265625 0.835938 0.267188 0.853125 0.282813 0.870313 0.295312 0.873437 0.418750 0.875000 0.431250 0.876563 0.476562 0.876563 0.565625 0.876563 0.576562 0.875000 0.695312 0.873437 0.709375 0.851562 0.714063 0.826562 0.714063 0.796875 0.709375 0.734375 0.696875 0.682813 0.681250 0.651563 0.660937 0.635938 0.657813 0.628125
0 0.414062 0.628125 0.404687 0.629687 0.323437 0.628125 0.284375 0.642188 0.271875 0.656250 0.260937 0.689063 0.246202 0.765902 0.252558 0.869519 0.271875 0.875000 0.435937 0.876563 0.720313 0.871875 0.729142 0.809005 0.720313 0.726562 0.709838 0.701798 0.698319 0.672817 0.687500 0.656250 0.667188 0.635938 0.650000 0.628125
5 0.456250 0.165625 0.440625 0.165625 0.396875 0.215625 0.385937 0.237500 0.365625 0.256250 0.350000 0.317188 0.340625 0.340625 0.334375 0.342187 0.334375 0.415625 0.340625 0.417187 0.342187 0.425000 0.353125 0.532813 0.381250 0.493750 0.420312 0.457813 0.467187 0.357812 0.512500 0.245312 0.520312 0.242188 0.520312 0.232813 0.512500 0.229687 0.464062 0.171875 0.464062 0.165625
0 0.572973 0.146811 0.390625 0.159375 0.350750 0.164981 0.330095 0.180466 0.315795 0.202300 0.285938 0.290625 0.276863 0.356170 0.284375 0.428125 0.289062 0.445312 0.296875 0.539062 0.306250 0.584375 0.321875 0.604688 0.346875 0.614062 0.357289 0.617367 0.396034 0.615019 0.606250 0.612500 0.626563 0.607812 0.645312 0.589063 0.654687 0.565625 0.656250 0.501563 0.675000 0.373437 0.667491 0.281173 0.627570 0.187297 0.599978 0.155612
0 0.948438 0.428125 0.721875 0.428125 0.706900 0.437600 0.689025 0.457053 0.680286 0.464198 0.673534 0.508266 0.678300 0.565434 0.685937 0.595313 0.701562 0.628125 0.734375 0.650000 0.948438 0.651563 0.973437 0.637500 0.992500 0.625381 0.995313 0.617188 0.995313 0.467187 0.977406 0.440378 0.956250 0.428125
0 0.901475 0.128125 0.767188 0.128125 0.695081 0.140445 0.666316 0.157461 0.658097 0.189731 0.672773 0.246644 0.682753 0.271288 0.690384 0.316466 0.693750 0.375000 0.715625 0.404687 0.746875 0.414062 0.928125 0.406250 0.957812 0.398438 0.981250 0.378125 0.989062 0.356250 0.995313 0.354687 0.995313 0.231250 0.983912 0.191492 0.959842 0.152767 0.925794 0.136339
5 0.558594 0.290625 0.548438 0.290625 0.460938 0.473438 0.459375 0.520312 0.448437 0.560937 0.440625 0.565625 0.440625 0.595313 0.450000 0.595313 0.453125 0.587500 0.481250 0.571875 0.526563 0.534375 0.589063 0.468750 0.650000 0.426563 0.645312 0.381250 0.604688 0.331250 0.568750 0.296875 0.568750 0.290625
0 0.243984 0.168019 0.116594 0.176819 0.070217 0.187381 0.028536 0.222584 0.015625 0.251563 0.015625 0.403125 0.034375 0.418750 0.071875 0.432812 0.207813 0.429688 0.243750 0.415625 0.257812 0.396875 0.275000 0.276562 0.282813 0.246875 0.289062 0.245312 0.289062 0.207813 0.274512 0.188555 0.259375 0.171875
0 0.198191 0.665625 0.053125 0.665625 0.041452 0.675717 0.021875 0.692187 0.021875 0.817187 0.040625 0.846875 0.064062 0.876563 0.218750 0.876563 0.235766 0.858191 0.228722 0.809492 0.234005 0.763728 0.239063 0.714063 0.232813 0.695312 0.211697 0.670438
7 0.199759 0.665625 0.103125 0.665625 0.101562 0.671875 0.059375 0.687500 0.059375 0.746875 0.065625 0.748437 0.071875 0.764062 0.092188 0.790625 0.084375 0.810937 0.073438 0.821875 0.073438 0.831250 0.079687 0.843750 0.095312 0.857812 0.121875 0.868750 0.142187 0.870313 0.198437 0.862500 0.210938 0.854688 0.215625 0.842187 0.215625 0.821875 0.206250 0.810937 0.201563 0.790625 0.226562 0.779687 0.232813 0.767188 0.239063 0.765625 0.239063 0.701562 0.234375 0.701562 0.218750 0.679688 0.207813 0.671875 0.207813 0.665625
1 0.254552 0.189531 0.115420 0.194812 0.092188 0.195312 0.071978 0.214761 0.053192 0.232362 0.042188 0.243750 0.039691 0.263459 0.039103 0.403688 0.070312 0.426563 0.164062 0.426563 0.218750 0.423438 0.240625 0.414062 0.257812 0.389062 0.268750 0.293750 0.281250 0.248438 0.285078 0.241164 0.286253 0.209480 0.267188 0.190625
0 0.946423 0.668473 0.768750 0.671875 0.751389 0.684353 0.734706 0.714525 0.743047 0.784795 0.740625 0.873437 0.962500 0.875000 0.988131 0.871738 0.998437 0.851562 0.998437 0.721672 0.992500 0.697058 0.977406 0.679986 0.957812 0.671875
