0 0.184947 0.351577 0.156250 0.359375 0.141702 0.378273 0.134375 0.389062 0.134375 0.676562 0.145313 0.690625 0.175000 0.712500 0.216364 0.715961 0.239258 0.703248 0.379688 0.620313 0.428125 0.589063 0.443788 0.577859 0.452691 0.561333 0.457813 0.546875 0.451562 0.485938 0.443788 0.451370 0.427889 0.432302 0.370312 0.409375 0.245312 0.368750 0.233917 0.361747
0 0.392188 0.046875 0.157812 0.046875 0.134375 0.070312 0.134375 0.295312 0.175000 0.325000 0.359375 0.390625 0.392188 0.393750 0.418750 0.381250 0.431250 0.365625 0.439063 0.345313 0.439063 0.310937 0.432812 0.253125 0.428125 0.096875 0.420312 0.075000 0.400000 0.046875
1 0.169684 0.078750 0.148061 0.094005 0.147425 0.244013 0.145517 0.273252 0.153784 0.299947 0.168750 0.317188 0.316594 0.365416 0.372559 0.383850 0.404687 0.382812 0.420312 0.365625 0.426563 0.334375 0.425000 0.301563 0.413897 0.121973 0.407813 0.084375 0.395453 0.076844 0.357931 0.073030 0.218017 0.077480
4 0.505208 0.590625 0.460938 0.590625 0.457813 0.598437 0.360938 0.653125 0.332813 0.660937 0.279687 0.703125 0.214062 0.734375 0.181250 0.759375 0.162500 0.784375 0.153125 0.789062 0.153125 0.900000 0.159375 0.901563 0.160938 0.914062 0.171875 0.921875 0.196875 0.925000 0.201563 0.931250 0.228125 0.923438 0.340625 0.923438 0.378125 0.928125 0.420312 0.915625 0.510938 0.904687 0.551562 0.876563 0.551562 0.809375 0.543750 0.803125 0.540625 0.771875 0.539062 0.651563 0.532813 0.625000 0.514062 0.590625
7 0.612500 0.640625 0.584375 0.640625 0.584375 0.645312 0.578125 0.646875 0.578125 0.750000 0.584375 0.751563 0.589063 0.764062 0.603125 0.831250 0.646875 0.865625 0.665625 0.862500 0.690625 0.846875 0.735938 0.871875 0.790625 0.875000 0.810937 0.867188 0.818750 0.848437 0.814063 0.810937 0.817187 0.762500 0.800000 0.740625 0.798438 0.712500 0.787500 0.690625 0.764062 0.676562 0.692187 0.656250 0.678125 0.657813 0.653125 0.679688 0.628125 0.656250 0.621875 0.640625
2 0.177569 0.380981 0.162942 0.393694 0.157855 0.418483 0.162306 0.539888 0.166758 0.664469 0.185836 0.694344 0.228125 0.693750 0.337500 0.634375 0.421875 0.581250 0.434375 0.565625 0.432812 0.467187 0.419239 0.452172 0.365817 0.429925 0.250000 0.385937 0.232813 0.379688
0 0.502550 0.580055 0.459375 0.592187 0.376563 0.639062 0.343750 0.664062 0.290625 0.687500 0.171875 0.756250 0.142187 0.796875 0.128125 0.804688 0.134323 0.909944 0.159375 0.937500 0.171875 0.943750 0.318750 0.945312 0.332813 0.942187 0.485938 0.928125 0.533714 0.921384 0.563605 0.896595 0.569964 0.867356 0.568692 0.846381 0.564241 0.792989 0.556608 0.639647 0.543253 0.606594 0.530533 0.590067 0.515625 0.584375
0 0.617666 0.616920 0.599858 0.623912 0.579688 0.642188 0.572511 0.662686 0.578125 0.771875 0.579688 0.782813 0.582812 0.862500 0.596875 0.892188 0.615625 0.906250 0.631656 0.912486 0.707812 0.907813 0.748437 0.900000 0.825000 0.895312 0.850000 0.887500 0.864062 0.875000 0.869509 0.869262 0.876563 0.859375 0.870313 0.753125 0.867188 0.714063 0.854688 0.689063 0.840625 0.676562 0.806250 0.660937 0.709375 0.639062 0.665625 0.625000
5 0.626172 0.190625 0.601562 0.190625 0.598437 0.206250 0.573438 0.237500 0.496875 0.390625 0.484375 0.428125 0.484375 0.446875 0.478125 0.448437 0.478125 0.528125 0.496875 0.542188 0.529687 0.545312 0.565625 0.560937 0.632812 0.578125 0.656250 0.578125 0.676562 0.567187 0.728125 0.554688 0.817187 0.515625 0.842187 0.478125 0.845313 0.450000 0.851562 0.445312 0.845313 0.443750 0.831250 0.407813 0.784375 0.337500 0.745313 0.310937 0.654687 0.209375 0.634375 0.196875 0.634375 0.190625
0 0.760811 0.040625 0.478131 0.045169 0.446875 0.070312 0.443789 0.089027 0.452056 0.219966 0.454688 0.276562 0.465625 0.479687 0.471875 0.518750 0.481250 0.535937 0.495312 0.548438 0.760938 0.629687 0.780728 0.635217 0.828125 0.639062 0.843750 0.617188 0.854502 0.590089 0.835938 0.404687 0.825883 0.255458 0.825245 0.242109 0.817614 0.210328 0.801562 0.085938 0.795312 0.070312 0.782761 0.050253 0.768750 0.040625
5 0.534895 0.159375 0.517188 0.159375 0.503125 0.207813 0.495312 0.218750 0.478125 0.221875 0.471875 0.214062 0.451562 0.225000 0.448437 0.232813 0.468750 0.282813 0.476562 0.343750 0.476562 0.390625 0.482812 0.420312 0.487500 0.420312 0.503125 0.375000 0.567187 0.246875 0.598437 0.203125 0.596875 0.193750 0.556250 0.173437 0.543750 0.164062 0.543750 0.159375
5 0.659375 0.206250 0.659375 0.225000 0.667188 0.226562 0.746875 0.307812 0.773438 0.323437 0.778125 0.328125 0.778125 0.332813 0.804688 0.332813 0.806250 0.325000 0.823438 0.303125 0.823438 0.289062 0.817187 0.276562 0.790625 0.250000 0.756250 0.231250 0.668750 0.206250
