4 0.577455 0.140625 0.526563 0.140625 0.523438 0.148438 0.503125 0.154688 0.462500 0.150000 0.440625 0.164062 0.421875 0.168750 0.362500 0.162500 0.270313 0.184375 0.215625 0.209375 0.203125 0.217188 0.203125 0.282813 0.207813 0.282813 0.214062 0.293750 0.210938 0.328125 0.226562 0.357812 0.253125 0.393750 0.279687 0.417187 0.310937 0.434375 0.365625 0.439063 0.367188 0.445312 0.459375 0.445312 0.460938 0.439063 0.470313 0.437500 0.578125 0.435937 0.593750 0.434375 0.625000 0.420312 0.645312 0.396875 0.664062 0.351562 0.668750 0.315625 0.676562 0.309375 0.676562 0.246875 0.670312 0.245312 0.664062 0.203125 0.653125 0.176563 0.639062 0.165625 0.593750 0.153125 0.585938 0.146875 0.585938 0.140625
2 0.921659 0.415625 0.696875 0.415625 0.695312 0.421875 0.671875 0.431250 0.654687 0.450000 0.635938 0.507812 0.628125 0.512500 0.628125 0.582812 0.634375 0.584375 0.645312 0.612500 0.662500 0.629687 0.685937 0.640625 0.787500 0.643750 0.796875 0.645312 0.798438 0.651563 0.910937 0.651563 0.912500 0.645312 0.937500 0.634375 0.951562 0.620313 0.959375 0.600000 0.962500 0.532813 0.964063 0.521875 0.970313 0.520312 0.970313 0.468750 0.964063 0.467187 0.959375 0.453125 0.929688 0.415625
5 0.456250 0.465625 0.417187 0.465625 0.409375 0.481250 0.385937 0.506250 0.360938 0.550000 0.353125 0.553125 0.353125 0.595313 0.359375 0.596875 0.367188 0.626563 0.381250 0.651563 0.489063 0.781250 0.495312 0.785937 0.510938 0.781250 0.546875 0.781250 0.564063 0.796875 0.578125 0.779687 0.589063 0.746875 0.595313 0.745313 0.595313 0.632812 0.589063 0.631250 0.582812 0.584375 0.567187 0.557813 0.490625 0.484375 0.467187 0.473438 0.464062 0.465625
3 0.188716 0.428125 0.050000 0.428125 0.048438 0.434375 0.015625 0.450000 0.015625 0.596875 0.048438 0.614062 0.132812 0.620313 0.134375 0.626563 0.200000 0.626563 0.201563 0.620313 0.214062 0.614062 0.226562 0.600000 0.232813 0.579688 0.239063 0.578125 0.239063 0.504687 0.231250 0.501563 0.221875 0.464062 0.196875 0.428125
0 0.634062 0.134375 0.520312 0.134375 0.514062 0.142187 0.462500 0.153125 0.428125 0.151562 0.364063 0.160938 0.337500 0.159375 0.265625 0.167187 0.226562 0.179688 0.209375 0.198437 0.196875 0.232813 0.190625 0.234375 0.190625 0.315625 0.196875 0.317188 0.201563 0.346875 0.228125 0.420312 0.248438 0.439063 0.300000 0.445312 0.550000 0.443750 0.607812 0.434375 0.626563 0.425000 0.653125 0.389062 0.670312 0.339062 0.675000 0.301563 0.682813 0.295312 0.682813 0.215625 0.676562 0.214062 0.670312 0.173437 0.664062 0.160938 0.642188 0.140625 0.642188 0.134375
1 0.863997 0.671875 0.682813 0.671875 0.664062 0.693750 0.656250 0.712500 0.651563 0.782813 0.665625 0.801562 0.665625 0.812500 0.645312 0.825000 0.635938 0.840625 0.628125 0.843750 0.628125 0.876563 0.692187 0.876563 0.693750 0.882812 0.832812 0.882812 0.834375 0.876563 0.853125 0.876563 0.854688 0.882812 0.862500 0.882812 0.864062 0.876563 0.865625 0.882812 0.948438 0.882812 0.954688 0.873437 0.956250 0.854688 0.956250 0.728125 0.950000 0.707812 0.921875 0.684375 0.873437 0.678125 0.871875 0.671875
0 0.788822 0.665625 0.692187 0.665625 0.689063 0.673438 0.665625 0.690625 0.653125 0.720313 0.635938 0.834375 0.628125 0.854688 0.621875 0.856250 0.621875 0.873437 0.946875 0.876563 0.982812 0.871875 0.982812 0.735938 0.976562 0.734375 0.965625 0.712500 0.942187 0.690625 0.921875 0.681250 0.809375 0.673438 0.798438 0.671875 0.796875 0.665625
0 0.921875 0.121875 0.734375 0.121875 0.734375 0.126562 0.709375 0.148438 0.696875 0.175000 0.690625 0.176563 0.690625 0.367188 0.700000 0.371875 0.723437 0.401562 0.795312 0.401562 0.796875 0.395313 0.823438 0.393750 0.892188 0.395313 0.893750 0.401562 0.898438 0.401562 0.900000 0.395313 0.939063 0.384375 0.971875 0.356250 0.982812 0.329688 0.989062 0.328125 0.989062 0.220312 0.981250 0.217188 0.964063 0.167187 0.929688 0.121875
0 0.929580 0.409375 0.707812 0.409375 0.706250 0.415625 0.682813 0.423438 0.654687 0.446875 0.635938 0.490625 0.628125 0.493750 0.628125 0.603125 0.635938 0.606250 0.654687 0.632812 0.685937 0.646875 0.764062 0.651563 0.765625 0.657813 0.925000 0.657813 0.928125 0.650000 0.951562 0.639062 0.975000 0.607812 0.981250 0.581250 0.985938 0.504687 0.985938 0.484375 0.978125 0.457813 0.937500 0.409375
0 0.563933 0.459375 0.285938 0.459375 0.285938 0.464062 0.254688 0.493750 0.246875 0.520312 0.240625 0.521875 0.240625 0.782813 0.248438 0.787500 0.278125 0.876563 0.598437 0.876563 0.614062 0.834375 0.618750 0.795312 0.626563 0.789062 0.626563 0.665625 0.620313 0.664062 0.609375 0.600000 0.606250 0.507812 0.590625 0.481250 0.571875 0.465625 0.571875 0.459375
1 0.182812 0.646875 0.034375 0.646875 0.034375 0.653125 0.017188 0.679688 0.023438 0.718750 0.015625 0.750000 0.009375 0.751563 0.009375 0.785937 0.021875 0.789062 0.040625 0.807813 0.045312 0.790625 0.054688 0.781250 0.098437 0.781250 0.107813 0.789062 0.114062 0.789062 0.128125 0.779687 0.139063 0.778125 0.160938 0.787500 0.182812 0.778125 0.217188 0.773438 0.221875 0.768750 0.217188 0.685937 0.209375 0.668750 0.190625 0.653125 0.190625 0.646875
0 0.158928 0.184375 0.051562 0.184375 0.046875 0.193750 0.003125 0.229687 0.003125 0.392188 0.026562 0.409375 0.057813 0.412500 0.145313 0.407813 0.165625 0.401562 0.181250 0.384375 0.187500 0.368750 0.189062 0.342187 0.195312 0.340625 0.189062 0.339062 0.182812 0.300000 0.184375 0.223438 0.167187 0.184375
0 0.181102 0.640625 0.021875 0.640625 0.009375 0.657813 0.003125 0.657813 0.003125 0.829688 0.010937 0.831250 0.026562 0.871875 0.178125 0.873437 0.228125 0.870313 0.240625 0.864062 0.243750 0.839063 0.234375 0.818750 0.226562 0.773438 0.220312 0.689063 0.212500 0.667188 0.189062 0.640625
7 0.873828 0.134375 0.846875 0.134375 0.846875 0.139063 0.812500 0.168750 0.782813 0.159375 0.751563 0.164062 0.728125 0.181250 0.714063 0.198437 0.709375 0.267188 0.703125 0.295312 0.696875 0.296875 0.696875 0.364063 0.701562 0.364063 0.728125 0.395313 0.846875 0.395313 0.848437 0.389062 0.878125 0.385937 0.887500 0.378125 0.889062 0.345313 0.895312 0.339062 0.920312 0.339062 0.926562 0.332813 0.932813 0.293750 0.939063 0.292187 0.939063 0.278125 0.932813 0.276562 0.921875 0.232813 0.931250 0.207813 0.939063 0.204687 0.939063 0.189062 0.932813 0.189062 0.882812 0.139063 0.882812 0.134375
0 0.182734 0.421875 0.032813 0.421875 0.031250 0.428125 0.003125 0.442188 0.003125 0.598437 0.009375 0.598437 0.039062 0.620313 0.092188 0.628125 0.192188 0.631250 0.218750 0.617188 0.231250 0.596875 0.237500 0.565625 0.245312 0.560937 0.245312 0.534375 0.237500 0.528125 0.226562 0.467187 0.215625 0.445312 0.193750 0.429688 0.190625 0.421875
5 0.325000 0.653125 0.296875 0.653125 0.296875 0.657813 0.273438 0.690625 0.265625 0.693750 0.265625 0.728125 0.273438 0.729688 0.317188 0.756250 0.353125 0.782813 0.376563 0.781250 0.381250 0.784375 0.381250 0.789062 0.401562 0.789062 0.403125 0.782813 0.418750 0.775000 0.418750 0.768750 0.356250 0.681250 0.334375 0.657813 0.334375 0.653125
8 0.107813 0.234375 0.092188 0.234375 0.092188 0.239063 0.043750 0.284375 0.009375 0.301563 0.009375 0.328125 0.020313 0.331250 0.035937 0.343750 0.084375 0.395313 0.104688 0.400000 0.123438 0.398438 0.132812 0.393750 0.164062 0.364063 0.182812 0.332813 0.189062 0.331250 0.189062 0.318750 0.182812 0.317188 0.178125 0.295312 0.126562 0.250000 0.115625 0.239063 0.115625 0.234375
8 0.107813 0.234375 0.092188 0.234375 0.092188 0.239063 0.045312 0.282813 0.017188 0.300000 0.009375 0.300000 0.009375 0.328125 0.035937 0.343750 0.082812 0.393750 0.104688 0.400000 0.129688 0.395313 0.164062 0.364063 0.181250 0.339062 0.182812 0.331250 0.189062 0.329688 0.189062 0.318750 0.182812 0.317188 0.178125 0.295312 0.117188 0.242188 0.115625 0.234375
