0 0.579297 0.603125 0.554688 0.603125 0.554688 0.607812 0.526563 0.626563 0.514062 0.640625 0.510938 0.651563 0.503125 0.654687 0.503125 0.979688 0.525000 0.998437 0.837500 0.998437 0.854688 0.967187 0.860938 0.889062 0.862500 0.751563 0.850000 0.720313 0.834375 0.703125 0.814063 0.690625 0.607812 0.618750 0.590625 0.610938 0.587500 0.603125
0 0.819922 0.253125 0.762500 0.253125 0.762500 0.257812 0.740625 0.276562 0.634375 0.320312 0.528125 0.375000 0.514062 0.392188 0.509375 0.392188 0.509375 0.537500 0.515625 0.537500 0.540625 0.557813 0.734375 0.632812 0.767188 0.650000 0.768750 0.657813 0.828125 0.657813 0.856250 0.625000 0.865625 0.596875 0.871875 0.445312 0.867188 0.303125 0.853125 0.279687 0.828125 0.259375 0.828125 0.253125
2 0.807359 0.273759 0.782191 0.266844 0.759375 0.273438 0.743750 0.282813 0.596875 0.353125 0.540625 0.385937 0.523438 0.410938 0.520312 0.526563 0.532813 0.543750 0.556250 0.556250 0.759375 0.629687 0.784375 0.632812 0.815625 0.610938 0.818055 0.576720 0.825605 0.404494 0.823089 0.303938
0 0.345152 0.003125 0.121875 0.003125 0.121875 0.273438 0.290625 0.325000 0.295312 0.332813 0.317188 0.332813 0.318750 0.326562 0.345313 0.315625 0.357812 0.304688 0.370312 0.278125 0.376563 0.276562 0.376563 0.045312 0.370312 0.043750 0.353125 0.003125
1 0.588281 0.609375 0.545312 0.609375 0.523438 0.637500 0.522098 0.686200 0.524616 0.898628 0.523438 0.926562 0.531250 0.937500 0.535937 0.948438 0.798438 0.951562 0.817187 0.915625 0.818448 0.710091 0.600000 0.617188 0.596875 0.609375
0 0.837472 0.003125 0.414062 0.003125 0.404687 0.020313 0.396875 0.021875 0.396875 0.332813 0.401562 0.332813 0.440625 0.376563 0.493750 0.376563 0.495312 0.370312 0.745313 0.246875 0.781250 0.223438 0.835938 0.196875 0.859375 0.171875 0.868750 0.148438 0.868750 0.039062 0.845313 0.003125
7 0.282386 0.046875 0.200000 0.046875 0.198437 0.054688 0.128125 0.092188 0.128125 0.217188 0.175000 0.215625 0.179688 0.221875 0.171875 0.250000 0.178125 0.260937 0.201563 0.264062 0.217188 0.282813 0.246875 0.296875 0.303125 0.306250 0.339062 0.292187 0.360938 0.271875 0.364063 0.262500 0.370312 0.260937 0.370312 0.217188 0.364063 0.215625 0.354687 0.187500 0.364063 0.135937 0.370312 0.134375 0.370312 0.125000 0.364063 0.123438 0.357812 0.090625 0.342187 0.071875 0.295312 0.054688 0.290625 0.046875
4 0.763945 0.003125 0.454688 0.003125 0.415625 0.059375 0.409375 0.060937 0.409375 0.326562 0.415625 0.328125 0.428125 0.346875 0.509375 0.346875 0.531250 0.340625 0.640625 0.282813 0.679688 0.267188 0.740625 0.232813 0.764062 0.214062 0.839063 0.178125 0.839063 0.164062 0.832812 0.162500 0.826562 0.126562 0.800000 0.090625 0.796875 0.064062 0.787500 0.050000 0.784375 0.029687 0.771875 0.003125
0 0.153125 0.303125 0.121875 0.303125 0.121875 0.995313 0.470313 0.995313 0.481250 0.965625 0.479687 0.465625 0.471875 0.434375 0.453125 0.412500 0.418750 0.395313 0.317188 0.357812 0.168750 0.312500 0.160938 0.303125
5 0.326172 0.421875 0.268750 0.421875 0.265625 0.429688 0.229687 0.454688 0.215625 0.481250 0.209375 0.482812 0.209375 0.553125 0.215625 0.554688 0.223438 0.579688 0.262500 0.760938 0.300000 0.895312 0.310937 0.895312 0.314063 0.887500 0.378125 0.853125 0.429688 0.839063 0.464062 0.814063 0.456250 0.803125 0.456250 0.778125 0.445312 0.728125 0.389062 0.531250 0.362500 0.489063 0.348438 0.445312 0.334375 0.421875
5 0.164062 0.537500 0.139063 0.570312 0.128125 0.576562 0.128125 0.909375 0.140625 0.915625 0.160938 0.915625 0.209375 0.926562 0.245312 0.918750 0.245312 0.906250 0.240625 0.906250 0.234375 0.895312 0.192188 0.645312 0.165625 0.537500
