0 0.543750 0.196875 0.340625 0.196875 0.340625 0.203125 0.318750 0.228125 0.287500 0.314063 0.278125 0.320312 0.278125 0.412500 0.284375 0.414062 0.292187 0.435937 0.307812 0.525000 0.306250 0.550000 0.329688 0.576562 0.478125 0.576562 0.478125 0.571875 0.485938 0.568750 0.548438 0.568750 0.593750 0.559375 0.607812 0.553125 0.618750 0.540625 0.625000 0.521875 0.625000 0.484375 0.610938 0.328125 0.603125 0.295312 0.582812 0.265625 0.570312 0.221875 0.551562 0.196875
1 0.773177 0.196875 0.635938 0.196875 0.632812 0.204687 0.615625 0.212500 0.615625 0.264062 0.623437 0.267188 0.629687 0.282813 0.646875 0.346875 0.656250 0.365625 0.684375 0.387500 0.687500 0.395313 0.775000 0.395313 0.776563 0.389062 0.837500 0.382812 0.850000 0.378125 0.864062 0.357812 0.870313 0.356250 0.870313 0.332813 0.864062 0.331250 0.860938 0.298438 0.846875 0.248438 0.825000 0.223438 0.782813 0.203125 0.781250 0.196875
7 0.182466 0.671875 0.043750 0.671875 0.042188 0.678125 0.000000 0.684375 0.000000 0.729688 0.012500 0.745313 0.000000 0.759375 0.000000 0.875000 0.156250 0.876563 0.170313 0.870313 0.182812 0.834375 0.160938 0.810937 0.157812 0.800000 0.184375 0.776563 0.192188 0.764062 0.200000 0.693750 0.190625 0.671875
2 0.680984 0.418516 0.648131 0.443855 0.644097 0.473225 0.648438 0.518750 0.657813 0.550000 0.671875 0.573438 0.687500 0.587500 0.703125 0.593750 0.778125 0.595313 0.857812 0.592187 0.896875 0.579688 0.912500 0.548438 0.860803 0.423123
0 0.235706 0.428125 0.026562 0.428125 0.023438 0.435937 0.003125 0.443750 0.003125 0.626563 0.154688 0.626563 0.156250 0.620313 0.200000 0.614062 0.225000 0.604688 0.246875 0.578125 0.259375 0.543750 0.264062 0.514062 0.270313 0.512500 0.270313 0.471875 0.264062 0.470313 0.243750 0.428125
8 0.846875 0.671875 0.721875 0.671875 0.721875 0.676562 0.715625 0.678125 0.715625 0.715625 0.723437 0.717187 0.729688 0.725000 0.742188 0.789062 0.751563 0.807813 0.762500 0.818750 0.781250 0.826562 0.809375 0.829688 0.867188 0.829688 0.884375 0.820312 0.889062 0.807813 0.881250 0.762500 0.878125 0.689063 0.871875 0.681250 0.856250 0.678125 0.854688 0.671875
5 0.508203 0.209375 0.481250 0.209375 0.478125 0.217188 0.459375 0.218750 0.459375 0.250000 0.467187 0.253125 0.531250 0.409375 0.545312 0.431250 0.571875 0.457813 0.581250 0.393750 0.589063 0.389062 0.589063 0.318750 0.582812 0.317188 0.564063 0.278125 0.531250 0.229687 0.517188 0.215625 0.517188 0.209375
0 0.163839 0.640625 0.003125 0.640625 0.003125 0.876563 0.179688 0.876563 0.178125 0.845313 0.185938 0.823438 0.200000 0.721875 0.207813 0.715625 0.207813 0.684375 0.200000 0.681250 0.189062 0.659375 0.171875 0.646875 0.171875 0.640625
0 0.790625 0.190625 0.642188 0.190625 0.632088 0.195219 0.615625 0.209375 0.611100 0.228352 0.624952 0.263164 0.636284 0.301330 0.648438 0.360938 0.668750 0.384375 0.704688 0.395313 0.750000 0.395313 0.823438 0.390625 0.858750 0.388148 0.884355 0.368855 0.889062 0.350000 0.882812 0.332813 0.871875 0.281250 0.854688 0.239063 0.842187 0.223438 0.812578 0.199831
0 0.904358 0.609375 0.757812 0.609375 0.757812 0.614062 0.729688 0.637500 0.723437 0.650000 0.715625 0.653125 0.715625 0.668750 0.721875 0.670312 0.723437 0.679688 0.723437 0.685937 0.715625 0.689063 0.715625 0.717187 0.723437 0.720313 0.726562 0.732812 0.737500 0.815625 0.748437 0.850000 0.770312 0.876563 0.885938 0.876563 0.887500 0.870313 0.931250 0.851562 0.953125 0.828125 0.962500 0.804688 0.970313 0.803125 0.970313 0.726562 0.964063 0.725000 0.945312 0.651563 0.912500 0.609375
5 0.412500 0.259375 0.403125 0.259375 0.400000 0.271875 0.378125 0.292187 0.303125 0.340625 0.303125 0.376563 0.310937 0.379688 0.325000 0.415625 0.335938 0.429688 0.346875 0.435937 0.421875 0.514062 0.481250 0.562500 0.482812 0.570312 0.520312 0.570312 0.523438 0.560937 0.539062 0.556250 0.539062 0.546875 0.529687 0.543750 0.506250 0.501563 0.495312 0.423438 0.453125 0.337500 0.421875 0.259375
2 0.234316 0.428125 0.003125 0.448437 0.003125 0.626563 0.107813 0.626563 0.198437 0.615625 0.226562 0.603125 0.246875 0.575000 0.262500 0.515625 0.264933 0.480136 0.264062 0.471875 0.259375 0.453125 0.242188 0.428125
0 0.868563 0.409375 0.676562 0.409375 0.673438 0.417187 0.640625 0.440625 0.640625 0.520312 0.648438 0.523438 0.668750 0.570312 0.689063 0.589063 0.709375 0.595313 0.710938 0.601562 0.831250 0.601562 0.832812 0.595313 0.879687 0.590625 0.903125 0.581250 0.917188 0.562500 0.926562 0.557813 0.926562 0.525000 0.918750 0.518750 0.901563 0.440625 0.876563 0.409375
0 0.246578 0.196875 0.084375 0.196875 0.040145 0.225738 0.019080 0.248539 0.009375 0.262500 0.009375 0.396875 0.026562 0.406250 0.193750 0.407813 0.215625 0.403125 0.235937 0.390625 0.251563 0.367188 0.264062 0.300000 0.275000 0.262500 0.285545 0.239769 0.282813 0.223438 0.268342 0.201883 0.254688 0.196875
6 0.174414 0.203125 0.115625 0.203125 0.115625 0.207813 0.046875 0.278125 0.029687 0.331250 0.021875 0.335938 0.021875 0.400000 0.045312 0.407813 0.081250 0.407813 0.082812 0.414062 0.089063 0.414062 0.090625 0.407813 0.203125 0.401562 0.223438 0.392188 0.237500 0.378125 0.259375 0.295312 0.275000 0.253125 0.282813 0.248438 0.282813 0.232813 0.275000 0.229687 0.256250 0.203125 0.203125 0.203125 0.201563 0.209375 0.184375 0.209375 0.182812 0.203125
0 0.421875 0.584375 0.398438 0.584375 0.398438 0.589063 0.389062 0.593750 0.296875 0.593750 0.267188 0.609375 0.254688 0.623437 0.235937 0.670312 0.223438 0.723437 0.215625 0.726562 0.215625 0.860938 0.228125 0.871875 0.270313 0.876563 0.671875 0.875000 0.693750 0.868750 0.714063 0.834375 0.720313 0.832812 0.720313 0.790625 0.714063 0.789062 0.712500 0.759375 0.701562 0.714063 0.701562 0.682813 0.670312 0.614062 0.643750 0.593750 0.639062 0.584375 0.443750 0.584375 0.442188 0.590625 0.431250 0.590625 0.429688 0.584375
4 0.432812 0.584375 0.378125 0.584375 0.375000 0.592187 0.356250 0.600000 0.331250 0.620313 0.289062 0.625000 0.270313 0.634375 0.234375 0.700000 0.228125 0.725000 0.221875 0.726562 0.221875 0.765625 0.228125 0.767188 0.234375 0.781250 0.232813 0.815625 0.221875 0.825000 0.221875 0.857812 0.228125 0.857812 0.240625 0.870313 0.273438 0.875000 0.681250 0.871875 0.700000 0.850000 0.712500 0.818750 0.712500 0.759375 0.704688 0.720313 0.712500 0.710938 0.696875 0.689063 0.665625 0.632812 0.654687 0.621875 0.609375 0.604688 0.595313 0.595313 0.589063 0.584375 0.551562 0.584375 0.543750 0.593750 0.510938 0.596875 0.453125 0.593750 0.442188 0.590625 0.440625 0.584375
