4 0.145313 0.190625 0.098437 0.190625 0.095312 0.198437 0.081250 0.203125 0.048438 0.229687 0.026562 0.259375 0.025000 0.356250 0.021875 0.364063 0.015625 0.365625 0.015625 0.428125 0.025000 0.431250 0.031250 0.440625 0.039062 0.556250 0.045312 0.570312 0.064062 0.581250 0.096875 0.582812 0.117188 0.589063 0.239063 0.590625 0.300000 0.571875 0.320312 0.559375 0.339062 0.543750 0.339062 0.512500 0.332813 0.512500 0.326562 0.504687 0.284375 0.407813 0.235937 0.329688 0.209375 0.271875 0.170313 0.226562 0.153125 0.190625
2 0.545170 0.159375 0.465625 0.159375 0.459375 0.167187 0.285938 0.181250 0.271875 0.185938 0.240625 0.210938 0.240625 0.275000 0.248438 0.278125 0.339062 0.443750 0.360938 0.470313 0.384375 0.478125 0.453125 0.476562 0.481250 0.471875 0.500000 0.457813 0.537500 0.365625 0.579688 0.232813 0.589063 0.226562 0.589063 0.203125 0.581250 0.200000 0.568750 0.178125 0.553125 0.165625 0.553125 0.159375
0 0.548191 0.146875 0.401973 0.153836 0.282813 0.165625 0.246875 0.176563 0.225000 0.200000 0.215625 0.203125 0.215625 0.262500 0.225000 0.267188 0.237500 0.287500 0.331250 0.465625 0.345313 0.481250 0.367188 0.492188 0.371875 0.501563 0.467187 0.501563 0.470313 0.493750 0.500000 0.475000 0.520312 0.445312 0.587500 0.231250 0.595313 0.228125 0.595313 0.189062 0.587500 0.185938 0.556250 0.146875
1 0.939063 0.153125 0.696875 0.153125 0.695312 0.159375 0.668750 0.168750 0.639062 0.209375 0.576562 0.376563 0.565625 0.385937 0.565625 0.459375 0.571875 0.459375 0.582812 0.473438 0.600000 0.484375 0.600000 0.489063 0.690625 0.489063 0.692187 0.482812 0.700000 0.481250 0.754687 0.476562 0.859375 0.476562 0.893750 0.468750 0.934375 0.451562 0.954688 0.431250 0.964063 0.384375 0.970313 0.382812 0.970313 0.262500 0.964063 0.260937 0.964063 0.250000 0.970313 0.248438 0.970313 0.198437 0.964063 0.196875 0.946875 0.153125
0 0.539583 0.503125 0.521875 0.503125 0.520312 0.509375 0.503125 0.512500 0.401562 0.520312 0.385937 0.528125 0.370312 0.546875 0.335938 0.643750 0.307812 0.757812 0.304688 0.765625 0.296875 0.768750 0.296875 0.876563 0.995313 0.876563 0.995313 0.546875 0.990625 0.546875 0.951562 0.503125 0.635938 0.503125 0.634375 0.509375 0.612500 0.510938 0.554688 0.510938 0.548438 0.503125
0 0.957812 0.128125 0.668750 0.128125 0.645312 0.151562 0.629687 0.176563 0.565625 0.371875 0.560937 0.382812 0.553125 0.384375 0.553125 0.457813 0.559375 0.457813 0.578125 0.479687 0.601562 0.489063 0.603125 0.495312 0.721875 0.495312 0.723437 0.489063 0.746875 0.487500 0.885938 0.485938 0.932813 0.478125 0.954688 0.467187 0.981250 0.435937 0.989062 0.432812 0.989062 0.159375 0.981250 0.156250 0.965625 0.128125
0 0.146484 0.184375 0.056250 0.184375 0.009375 0.215625 0.009375 0.560937 0.015625 0.562500 0.031250 0.584375 0.067187 0.600000 0.220312 0.601562 0.296875 0.593750 0.323437 0.575000 0.337500 0.546875 0.345313 0.543750 0.345313 0.520312 0.334375 0.510938 0.289062 0.414062 0.154688 0.184375
1 0.262305 0.621875 0.078125 0.621875 0.075000 0.629687 0.046875 0.650000 0.046875 0.815625 0.059375 0.810937 0.053125 0.796875 0.065625 0.789062 0.073438 0.817187 0.062500 0.823438 0.057813 0.846875 0.073438 0.876563 0.245312 0.876563 0.254688 0.848437 0.253125 0.831250 0.229687 0.815625 0.223438 0.790625 0.234375 0.779687 0.278125 0.767188 0.292187 0.704688 0.295312 0.696875 0.301563 0.695312 0.301563 0.664062 0.295312 0.662500 0.270313 0.621875
0 0.264062 0.615625 0.053125 0.615625 0.021875 0.651563 0.015625 0.651563 0.015625 0.759375 0.020313 0.759375 0.023438 0.767188 0.031250 0.853125 0.039062 0.871875 0.053125 0.876563 0.229687 0.876563 0.245312 0.875000 0.253125 0.868750 0.282813 0.779687 0.295312 0.714063 0.300000 0.700000 0.307812 0.696875 0.307812 0.659375 0.300000 0.656250 0.271875 0.615625
7 0.466667 0.528125 0.450000 0.528125 0.450000 0.532813 0.414062 0.567187 0.403125 0.585938 0.401562 0.648438 0.381250 0.673438 0.348438 0.762500 0.340625 0.765625 0.340625 0.839063 0.417187 0.839063 0.423438 0.828125 0.418750 0.821875 0.393750 0.818750 0.381250 0.809375 0.379688 0.803125 0.396875 0.785937 0.428125 0.768750 0.471875 0.754687 0.560937 0.735938 0.570312 0.729688 0.582812 0.693750 0.589063 0.692187 0.589063 0.675000 0.582812 0.673438 0.565625 0.623437 0.557813 0.612500 0.525000 0.589063 0.528125 0.546875 0.512500 0.537500 0.489063 0.543750 0.475000 0.532813 0.475000 0.528125
5 0.892130 0.515625 0.687500 0.515625 0.685937 0.521875 0.676562 0.523438 0.601562 0.525000 0.553125 0.531250 0.553125 0.596875 0.559375 0.598437 0.568750 0.618750 0.587500 0.681250 0.578125 0.728125 0.598437 0.728125 0.693750 0.701562 0.732812 0.670312 0.779687 0.651563 0.848437 0.645312 0.882812 0.653125 0.907813 0.676562 0.910937 0.698438 0.898438 0.720313 0.856250 0.753125 0.839063 0.760938 0.796875 0.768750 0.759375 0.767188 0.726562 0.756250 0.709375 0.756250 0.670312 0.767188 0.651563 0.779687 0.682813 0.790625 0.754687 0.843750 0.782813 0.873437 0.914062 0.876563 0.915625 0.882812 0.937500 0.882812 0.937500 0.878125 0.943750 0.876563 0.946875 0.882812 0.948438 0.876563 0.960938 0.870313 0.950000 0.678125 0.964063 0.551562 0.954688 0.532813 0.917188 0.528125 0.901563 0.521875 0.900000 0.515625
5 0.901409 0.521875 0.582812 0.521875 0.581250 0.528125 0.553125 0.532813 0.553125 0.596875 0.560937 0.601562 0.585938 0.673438 0.584375 0.703125 0.576562 0.728125 0.596875 0.729688 0.682813 0.709375 0.701562 0.701562 0.731250 0.671875 0.759375 0.657813 0.785937 0.650000 0.843750 0.645312 0.887500 0.656250 0.910937 0.682813 0.909375 0.704688 0.879687 0.739062 0.879687 0.745313 0.951562 0.745313 0.950000 0.673438 0.962500 0.546875 0.953125 0.532813 0.910937 0.528125 0.909375 0.521875
