4 0.711328 0.465625 0.684375 0.465625 0.681250 0.473438 0.635938 0.490625 0.609375 0.515625 0.603125 0.515625 0.603125 0.562500 0.607812 0.562500 0.617188 0.576562 0.662500 0.685937 0.717187 0.790625 0.764062 0.851562 0.800000 0.875000 0.815625 0.876563 0.817187 0.882812 0.884375 0.882812 0.885938 0.876563 0.912500 0.873437 0.945312 0.840625 0.953125 0.823438 0.957812 0.781250 0.956250 0.690625 0.964063 0.665625 0.982812 0.651563 0.982812 0.623437 0.976562 0.621875 0.965625 0.595313 0.960938 0.521875 0.953125 0.507812 0.926562 0.485938 0.878125 0.471875 0.876563 0.465625 0.757812 0.465625 0.757812 0.470313 0.750000 0.473438 0.721875 0.471875 0.720313 0.465625
2 0.557478 0.571875 0.451562 0.571875 0.451562 0.576562 0.425000 0.601562 0.382812 0.728125 0.357812 0.770312 0.348438 0.798438 0.340625 0.801562 0.340625 0.826562 0.376563 0.857812 0.392188 0.865625 0.453125 0.870313 0.454688 0.876563 0.684375 0.876563 0.700000 0.846875 0.698438 0.818750 0.654687 0.728125 0.623437 0.678125 0.598437 0.612500 0.565625 0.571875
0 0.929523 0.459375 0.634375 0.459375 0.631250 0.467187 0.596875 0.495312 0.596875 0.567187 0.607812 0.575000 0.709375 0.789062 0.745313 0.851562 0.765625 0.871875 0.889062 0.876563 0.970313 0.875000 0.981250 0.870313 0.981250 0.739062 0.985938 0.701562 0.984375 0.529687 0.976562 0.503125 0.937500 0.459375
5 0.141719 0.153125 0.067187 0.153125 0.064062 0.160938 0.053125 0.162500 0.053125 0.281250 0.060937 0.287500 0.068750 0.339062 0.075000 0.456250 0.085938 0.457813 0.196875 0.435937 0.360938 0.398438 0.414062 0.381250 0.414062 0.368750 0.406250 0.365625 0.375000 0.312500 0.329688 0.251563 0.301563 0.225000 0.276562 0.206250 0.242188 0.196875 0.210938 0.178125 0.154688 0.160938 0.150000 0.153125
0 0.549666 0.559375 0.443750 0.559375 0.414062 0.600000 0.345313 0.778125 0.335938 0.795312 0.328125 0.798438 0.328125 0.853125 0.332813 0.853125 0.346875 0.870313 0.385937 0.876563 0.387500 0.882812 0.582812 0.882812 0.584375 0.876563 0.587500 0.882812 0.678125 0.882812 0.679688 0.876563 0.703125 0.871875 0.712500 0.856250 0.720313 0.853125 0.720313 0.826562 0.715625 0.826562 0.706250 0.812500 0.603125 0.603125 0.582812 0.578125 0.559375 0.565625 0.557813 0.559375
0 0.654687 0.121875 0.232813 0.121875 0.231250 0.128125 0.218750 0.131250 0.076563 0.139063 0.051562 0.148438 0.015625 0.184375 0.009375 0.240625 0.003125 0.242188 0.003125 0.410938 0.009375 0.412500 0.014063 0.501563 0.039062 0.523438 0.081250 0.539062 0.309375 0.542188 0.378125 0.545312 0.379688 0.551562 0.417187 0.551562 0.417187 0.546875 0.425000 0.543750 0.514062 0.537500 0.542188 0.526563 0.559375 0.507812 0.587500 0.443750 0.604688 0.382812 0.646875 0.281250 0.668750 0.207813 0.682813 0.175000 0.689063 0.173437 0.689063 0.164062 0.682813 0.162500 0.662500 0.121875
0 0.971728 0.121875 0.725000 0.121875 0.710938 0.150000 0.651563 0.325000 0.640625 0.334375 0.640625 0.406250 0.646875 0.406250 0.664062 0.428125 0.700000 0.442188 0.857812 0.442188 0.892188 0.445312 0.893750 0.451562 0.900000 0.451562 0.901563 0.445312 0.925000 0.442188 0.953125 0.428125 0.973437 0.406250 0.981250 0.389062 0.989062 0.385937 0.989062 0.282813 0.982812 0.281250 0.982812 0.273438 0.989062 0.271875 0.989062 0.143750 0.981250 0.140625 0.979688 0.121875
1 0.318653 0.565625 0.073438 0.565625 0.073438 0.570312 0.053125 0.585938 0.053125 0.773438 0.092188 0.776563 0.109375 0.785937 0.125000 0.779687 0.148438 0.779687 0.157812 0.787500 0.159375 0.807813 0.165625 0.807813 0.173437 0.784375 0.182812 0.776563 0.290625 0.781250 0.315625 0.773438 0.368750 0.623437 0.367188 0.603125 0.359375 0.590625 0.343750 0.576562 0.328125 0.571875 0.326562 0.565625
0 0.337377 0.559375 0.043750 0.559375 0.042188 0.567187 0.021875 0.578125 0.021875 0.815625 0.071875 0.857812 0.115625 0.871875 0.259375 0.871875 0.282813 0.860938 0.309375 0.825000 0.375000 0.634375 0.382812 0.631250 0.382812 0.598437 0.375000 0.596875 0.345313 0.559375
5 0.418125 0.434375 0.384375 0.434375 0.382812 0.440625 0.354687 0.450000 0.203125 0.487500 0.203125 0.506250 0.245312 0.507812 0.246875 0.514062 0.423438 0.514062 0.432812 0.495312 0.439063 0.493750 0.439063 0.470313 0.432812 0.468750 0.426563 0.434375
1 0.905989 0.128125 0.768750 0.128125 0.767188 0.134375 0.751563 0.140625 0.732812 0.157812 0.696875 0.229687 0.668750 0.318750 0.660937 0.334375 0.656202 0.337069 0.653125 0.403125 0.659375 0.403125 0.679688 0.421875 0.695312 0.426563 0.806250 0.428125 0.887500 0.435937 0.915625 0.432812 0.946875 0.406250 0.957812 0.373437 0.964063 0.371875 0.964063 0.306250 0.957812 0.304688 0.957812 0.259375 0.957812 0.229687 0.956250 0.215625 0.953125 0.181250 0.942187 0.153125 0.917188 0.135937
7 0.557813 0.178125 0.518750 0.178125 0.515625 0.185938 0.495312 0.195312 0.481250 0.214062 0.465625 0.246875 0.460938 0.265625 0.453125 0.268750 0.453125 0.306250 0.460938 0.307812 0.475000 0.332813 0.487500 0.332813 0.498437 0.326562 0.515625 0.326562 0.559375 0.334375 0.592187 0.321875 0.604688 0.310937 0.626563 0.260937 0.632812 0.259375 0.632812 0.246875 0.626563 0.245312 0.615625 0.209375 0.604688 0.200000 0.568750 0.185938 0.565625 0.178125
5 0.401562 0.171875 0.315625 0.171875 0.314063 0.178125 0.303125 0.179688 0.296875 0.184375 0.278125 0.184375 0.278125 0.210938 0.284375 0.210938 0.326562 0.246875 0.376563 0.314063 0.384375 0.329688 0.393750 0.337500 0.400000 0.334375 0.415625 0.271875 0.418750 0.228125 0.409375 0.171875
