1 0.623047 0.565625 0.565625 0.565625 0.554688 0.584375 0.546875 0.585938 0.546875 0.895312 0.573438 0.917188 0.598437 0.925000 0.782813 0.921875 0.782813 0.632812 0.643750 0.578125 0.634375 0.573438 0.631250 0.565625
0 0.624609 0.559375 0.567187 0.559375 0.567187 0.565625 0.540625 0.587500 0.540625 0.910937 0.581250 0.939063 0.582812 0.945312 0.782813 0.945312 0.782813 0.626563 0.639062 0.568750 0.632812 0.559375
0 0.699875 0.021875 0.509375 0.021875 0.507812 0.028125 0.470313 0.042188 0.454688 0.062500 0.446875 0.065625 0.446875 0.318750 0.451562 0.318750 0.473438 0.345313 0.496875 0.356250 0.534375 0.353125 0.653125 0.298438 0.704688 0.265625 0.782813 0.226562 0.782813 0.035937 0.720313 0.031250 0.709375 0.028125 0.707812 0.021875
4 0.538281 0.021875 0.528125 0.021875 0.521875 0.031250 0.492188 0.037500 0.464062 0.071875 0.453125 0.078125 0.453125 0.143750 0.460938 0.146875 0.460938 0.167187 0.453125 0.171875 0.453125 0.264062 0.460938 0.268750 0.459375 0.303125 0.453125 0.304688 0.453125 0.309375 0.459375 0.310937 0.478125 0.339062 0.498437 0.350000 0.528125 0.348438 0.560937 0.331250 0.631250 0.309375 0.698438 0.264062 0.782813 0.223438 0.782813 0.045312 0.703125 0.034375 0.693750 0.021875 0.675000 0.021875 0.671875 0.029687 0.651563 0.028125 0.637500 0.034375 0.623437 0.034375 0.607812 0.021875 0.606250 0.028125 0.565625 0.040625 0.548438 0.026562 0.548438 0.021875
0 0.395313 0.034375 0.215625 0.034375 0.215625 0.264062 0.354687 0.312500 0.359375 0.320312 0.389062 0.320312 0.392188 0.312500 0.418750 0.292187 0.429688 0.262500 0.431250 0.210938 0.432812 0.204687 0.439063 0.203125 0.439063 0.170313 0.432812 0.168750 0.431250 0.154688 0.432812 0.129688 0.439063 0.128125 0.439063 0.096875 0.432812 0.095312 0.426563 0.065625 0.403125 0.040625 0.403125 0.034375
2 0.772917 0.265625 0.753125 0.265625 0.750000 0.273438 0.678125 0.312500 0.576562 0.359375 0.546875 0.382812 0.546875 0.490625 0.551562 0.490625 0.567187 0.509375 0.585938 0.518750 0.740625 0.576562 0.765625 0.587500 0.768750 0.595313 0.782813 0.595313 0.782813 0.265625
7 0.266667 0.103125 0.250000 0.103125 0.250000 0.107813 0.228125 0.128125 0.221875 0.128125 0.221875 0.260937 0.356250 0.306250 0.359375 0.314063 0.385937 0.314063 0.387500 0.307812 0.409375 0.293750 0.420312 0.262500 0.426563 0.260937 0.426563 0.251563 0.420312 0.250000 0.410938 0.223438 0.395313 0.203125 0.426563 0.181250 0.426563 0.170313 0.421875 0.170313 0.417187 0.159375 0.406250 0.150000 0.373437 0.129688 0.320312 0.114062 0.285938 0.117188 0.275000 0.109375 0.275000 0.103125
0 0.774480 0.253125 0.757812 0.253125 0.751563 0.264062 0.676562 0.303125 0.576562 0.346875 0.540625 0.375000 0.540625 0.495312 0.546875 0.495312 0.564063 0.515625 0.578125 0.523438 0.737500 0.582812 0.762500 0.593750 0.765625 0.601562 0.782813 0.601562 0.782813 0.253125
0 0.249375 0.290625 0.215625 0.290625 0.215625 0.943750 0.260937 0.950000 0.351562 0.950000 0.368750 0.951562 0.370312 0.957812 0.446875 0.957812 0.448437 0.951562 0.478125 0.945312 0.496875 0.934375 0.514062 0.915625 0.523438 0.890625 0.526563 0.717187 0.521875 0.421875 0.509375 0.400000 0.478125 0.376563 0.420312 0.357812 0.353125 0.328125 0.264062 0.300000 0.257812 0.290625
5 0.251563 0.578125 0.232813 0.610938 0.221875 0.615625 0.221875 0.740625 0.265625 0.759375 0.290625 0.762500 0.293750 0.770312 0.368750 0.770312 0.368750 0.765625 0.389062 0.750000 0.407813 0.745313 0.489063 0.701562 0.487500 0.684375 0.501563 0.645312 0.507812 0.643750 0.507812 0.634375 0.501563 0.632812 0.493750 0.598437 0.475000 0.584375 0.473438 0.578125 0.464062 0.587500 0.381250 0.607812 0.317188 0.604688 0.268750 0.585938 0.265625 0.578125
5 0.350391 0.353125 0.323437 0.353125 0.320312 0.360938 0.271875 0.382812 0.251563 0.401562 0.221875 0.410938 0.221875 0.551562 0.228125 0.551562 0.268750 0.585938 0.310937 0.603125 0.335938 0.607812 0.337500 0.614062 0.367188 0.614062 0.368750 0.607812 0.467187 0.585938 0.495312 0.573438 0.504687 0.560937 0.506250 0.473438 0.500000 0.453125 0.467187 0.423438 0.368750 0.365625 0.359375 0.353125
5 0.499480 0.709375 0.482812 0.709375 0.482812 0.715625 0.465625 0.726562 0.407813 0.746875 0.371875 0.753125 0.362500 0.760938 0.340625 0.767188 0.279687 0.764062 0.215625 0.740625 0.215625 0.820312 0.275000 0.843750 0.337500 0.856250 0.342187 0.864062 0.470313 0.864062 0.493750 0.832812 0.498437 0.817187 0.507812 0.812500 0.507812 0.787500 0.496875 0.779687 0.500000 0.767188 0.507812 0.764062 0.507812 0.709375
