4 0.459375 0.603125 0.431250 0.603125 0.423438 0.612500 0.325000 0.648438 0.221875 0.706250 0.162500 0.751563 0.128125 0.765625 0.128125 0.934375 0.148438 0.943750 0.164062 0.929688 0.175000 0.935937 0.192188 0.929688 0.196875 0.939063 0.187500 0.950000 0.187500 0.957812 0.193750 0.967187 0.234375 0.981250 0.259375 0.981250 0.265625 0.989062 0.384375 0.989062 0.385937 0.982812 0.434375 0.979688 0.470313 0.971875 0.476562 0.964063 0.462500 0.953125 0.464062 0.934375 0.503125 0.923438 0.510938 0.910937 0.512500 0.829688 0.520312 0.823438 0.520312 0.735938 0.514062 0.734375 0.512500 0.726562 0.507812 0.648438 0.468750 0.603125
2 0.199827 0.353125 0.135937 0.353125 0.128125 0.371875 0.121875 0.373437 0.121875 0.696875 0.131250 0.701562 0.131250 0.707812 0.170313 0.707812 0.173437 0.700000 0.376563 0.598437 0.398438 0.581250 0.412500 0.548438 0.414062 0.498437 0.420312 0.496875 0.420312 0.467187 0.414062 0.465625 0.395313 0.432812 0.346875 0.407813 0.314063 0.406250 0.284375 0.398438 0.223438 0.368750 0.210938 0.360938 0.207813 0.353125
7 0.600892 0.415625 0.550000 0.415625 0.546875 0.423438 0.512500 0.443750 0.487500 0.475000 0.473438 0.485938 0.465625 0.487500 0.465625 0.521875 0.471875 0.521875 0.496875 0.551562 0.554688 0.576562 0.556250 0.582812 0.601562 0.582812 0.606250 0.575000 0.645312 0.562500 0.645312 0.521875 0.639062 0.520312 0.628125 0.440625 0.621875 0.426563 0.610938 0.421875 0.609375 0.415625
1 0.234766 0.028125 0.207813 0.028125 0.200000 0.040625 0.159375 0.057813 0.134375 0.089063 0.128125 0.090625 0.128125 0.296875 0.350000 0.379688 0.376563 0.378125 0.403125 0.357812 0.414062 0.331250 0.420312 0.329688 0.420312 0.081250 0.412500 0.078125 0.398438 0.056250 0.375000 0.045312 0.273438 0.048438 0.246875 0.035937 0.243750 0.028125
0 0.479167 0.603125 0.456153 0.596413 0.389062 0.621875 0.289062 0.665625 0.225000 0.703125 0.121875 0.751563 0.121875 0.976562 0.209375 0.984375 0.335938 0.982812 0.459375 0.989062 0.481250 0.982812 0.503125 0.965625 0.520312 0.929688 0.526563 0.928125 0.526563 0.684375 0.520312 0.682813 0.515625 0.645312 0.487500 0.603125
0 0.392031 0.021875 0.160938 0.021875 0.156250 0.031250 0.128125 0.053125 0.121875 0.053125 0.121875 0.300000 0.354687 0.385937 0.370312 0.385937 0.404687 0.368750 0.418750 0.348438 0.426563 0.345313 0.426563 0.050000 0.418750 0.046875 0.400000 0.021875
1 0.632227 0.653125 0.573438 0.653125 0.573438 0.659375 0.559375 0.670312 0.551562 0.684375 0.546875 0.684375 0.546875 0.907813 0.553125 0.909375 0.576562 0.943750 0.595313 0.931250 0.635938 0.932813 0.642188 0.939063 0.648438 0.960938 0.667188 0.968750 0.798438 0.970313 0.821875 0.967187 0.848437 0.954688 0.867188 0.932813 0.870313 0.917188 0.876563 0.915625 0.876563 0.848437 0.870313 0.846875 0.867188 0.782813 0.853125 0.740625 0.818750 0.720313 0.643750 0.660937 0.640625 0.653125
0 0.177605 0.334375 0.135937 0.334375 0.135937 0.340625 0.121875 0.348438 0.121875 0.726562 0.146875 0.726562 0.150000 0.718750 0.178125 0.709375 0.379688 0.604688 0.410938 0.573438 0.420312 0.531250 0.426563 0.529687 0.426563 0.470313 0.420312 0.468750 0.415625 0.450000 0.401562 0.428125 0.364063 0.407813 0.300000 0.389062 0.204687 0.350000 0.189062 0.342187 0.185938 0.334375
0 0.592297 0.650550 0.554688 0.671875 0.548438 0.690625 0.540625 0.935937 0.548438 0.939063 0.557813 0.960938 0.584375 0.982812 0.859375 0.989062 0.871875 0.964063 0.876563 0.918750 0.876563 0.776563 0.870313 0.742188 0.856250 0.728125 0.839063 0.720313 0.657813 0.656250
5 0.804577 0.084375 0.701562 0.084375 0.698438 0.092188 0.678125 0.103125 0.646875 0.098437 0.646875 0.129688 0.653125 0.131250 0.656250 0.148438 0.656250 0.196875 0.653125 0.214062 0.646875 0.215625 0.646875 0.275000 0.654687 0.281250 0.668750 0.384375 0.682813 0.426563 0.751563 0.426563 0.751563 0.420312 0.762500 0.414062 0.821875 0.398438 0.834375 0.384375 0.839063 0.332813 0.831250 0.287500 0.787500 0.198437 0.796875 0.181250 0.809375 0.178125 0.812500 0.165625 0.812500 0.084375
0 0.806212 0.015625 0.484375 0.015625 0.481250 0.023438 0.453125 0.042188 0.453125 0.537500 0.459375 0.539062 0.479687 0.565625 0.503125 0.576562 0.584375 0.603125 0.617188 0.618750 0.660937 0.629687 0.784375 0.678125 0.807813 0.685937 0.825000 0.685937 0.854688 0.665625 0.870313 0.643750 0.876563 0.642188 0.876563 0.492188 0.870313 0.490625 0.868750 0.481250 0.862500 0.334375 0.850000 0.228125 0.846875 0.070312 0.839063 0.046875 0.815625 0.023438 0.814063 0.015625
5 0.568466 0.040625 0.487500 0.040625 0.487500 0.045312 0.478125 0.050000 0.478125 0.301563 0.484375 0.303125 0.484375 0.317188 0.478125 0.318750 0.478125 0.418750 0.490625 0.425000 0.492188 0.432812 0.510938 0.432812 0.515625 0.425000 0.562500 0.412500 0.626563 0.406250 0.626563 0.376563 0.618750 0.370312 0.606250 0.257812 0.595313 0.229687 0.579688 0.206250 0.567187 0.156250 0.570312 0.104688 0.593750 0.059375 0.576562 0.045312 0.576562 0.040625
0 0.807702 0.015625 0.482812 0.015625 0.481250 0.023438 0.446875 0.050000 0.446428 0.513361 0.468750 0.556250 0.487500 0.570312 0.740625 0.659375 0.781250 0.675000 0.845313 0.668750 0.870313 0.653125 0.850000 0.228125 0.846875 0.071875 0.839063 0.046875 0.815625 0.021875 0.815625 0.015625
