0 0.578348 0.624330 0.551306 0.632556 0.531908 0.639606 0.521875 0.651563 0.521875 0.876563 0.551562 0.896875 0.573438 0.901563 0.764062 0.903125 0.792188 0.879687 0.801562 0.857812 0.801562 0.784375 0.800000 0.740625 0.789062 0.714063 0.753125 0.687500 0.614062 0.637500 0.607812 0.628125
0 0.753125 0.090625 0.492188 0.098437 0.467187 0.117188 0.453125 0.146875 0.451370 0.156334 0.446875 0.539062 0.478125 0.565625 0.603125 0.617188 0.698438 0.650000 0.743537 0.665937 0.776563 0.657813 0.801562 0.621875 0.795312 0.431250 0.792188 0.340625 0.792188 0.139063 0.787500 0.121875 0.760938 0.090625
6 0.226953 0.078125 0.200000 0.078125 0.200000 0.084375 0.189062 0.095312 0.165625 0.103125 0.165625 0.140625 0.173437 0.142187 0.181250 0.157812 0.195312 0.214062 0.193750 0.259375 0.209375 0.329688 0.232813 0.348438 0.332813 0.390625 0.371875 0.404687 0.396875 0.403125 0.417187 0.385937 0.426563 0.350000 0.445312 0.323437 0.429688 0.289062 0.429688 0.187500 0.418750 0.151562 0.401562 0.131250 0.370312 0.120313 0.332813 0.118750 0.304688 0.110937 0.271875 0.128125 0.256250 0.123438 0.245312 0.114062 0.235937 0.078125
3 0.230214 0.386962 0.189062 0.384375 0.190239 0.426916 0.182009 0.531497 0.177306 0.644892 0.184375 0.670312 0.200000 0.676562 0.210938 0.676562 0.254316 0.651942 0.387761 0.586725 0.407813 0.576562 0.420312 0.542188 0.426563 0.471875 0.412500 0.457813 0.379688 0.437500 0.273128 0.400475
7 0.565625 0.628125 0.554688 0.628125 0.546875 0.645312 0.540625 0.646875 0.540625 0.704688 0.546875 0.706250 0.540625 0.731250 0.546875 0.732812 0.550000 0.742188 0.548438 0.754687 0.540625 0.757812 0.540625 0.818750 0.545312 0.818750 0.559375 0.835938 0.600000 0.857812 0.653125 0.854688 0.668750 0.871875 0.692187 0.885938 0.732812 0.887500 0.762500 0.873437 0.771875 0.864062 0.776563 0.845313 0.782813 0.843750 0.782813 0.825000 0.776563 0.823438 0.762500 0.795312 0.746875 0.778125 0.750000 0.753125 0.737500 0.740625 0.726562 0.707812 0.706250 0.685937 0.682813 0.675000 0.657813 0.675000 0.634375 0.682813 0.621875 0.679688 0.601562 0.653125 0.582812 0.642188 0.576562 0.628125
4 0.469866 0.596875 0.420312 0.596875 0.417187 0.604688 0.278125 0.664062 0.203125 0.714063 0.184375 0.743750 0.178125 0.745313 0.178125 0.815625 0.184375 0.817187 0.203125 0.856250 0.226562 0.867188 0.271875 0.868750 0.303125 0.876563 0.332813 0.871875 0.387500 0.875000 0.457813 0.857812 0.481250 0.843750 0.492188 0.823438 0.498437 0.765625 0.500000 0.668750 0.496875 0.632812 0.478125 0.596875
0 0.457128 0.586472 0.424797 0.593523 0.417187 0.598437 0.389062 0.614062 0.295312 0.654687 0.165625 0.720313 0.140625 0.740625 0.140625 0.846875 0.167187 0.870313 0.207813 0.884375 0.378125 0.887500 0.384375 0.889062 0.465947 0.893827 0.479467 0.889714 0.490637 0.875613 0.502983 0.855636 0.507812 0.843750 0.507812 0.628125 0.491812 0.603511 0.478125 0.590625
0 0.173191 0.156975 0.172603 0.193402 0.166725 0.310322 0.200000 0.340625 0.237500 0.357812 0.370312 0.406250 0.393750 0.407813 0.409375 0.401562 0.425000 0.385937 0.430087 0.347925 0.431250 0.314063 0.437500 0.142187 0.435378 0.127670 0.420681 0.104756 0.394816 0.097706 0.335938 0.095312 0.253141 0.100570 0.199056 0.112909
0 0.214930 0.367573 0.193750 0.371875 0.170313 0.390625 0.160938 0.406250 0.159375 0.489063 0.153125 0.657813 0.159375 0.657813 0.182812 0.678125 0.226562 0.675000 0.393750 0.593750 0.419506 0.572625 0.425000 0.545312 0.426563 0.520312 0.428323 0.474506 0.414062 0.451562 0.401562 0.440625 0.254688 0.379688 0.243750 0.373437
5 0.674480 0.140625 0.657813 0.140625 0.640625 0.162500 0.525000 0.270313 0.478125 0.303125 0.471875 0.303125 0.471875 0.321875 0.479687 0.325000 0.493750 0.351562 0.517188 0.351562 0.523438 0.340625 0.589063 0.304688 0.612500 0.303125 0.637500 0.290625 0.656250 0.290625 0.745313 0.267188 0.745313 0.251563 0.737500 0.248438 0.712500 0.189062 0.682813 0.140625
5 0.729102 0.253125 0.670312 0.253125 0.667188 0.260937 0.634375 0.273438 0.565625 0.312500 0.478125 0.370312 0.478125 0.401562 0.484375 0.403125 0.503125 0.431250 0.523438 0.473438 0.604688 0.603125 0.623437 0.620313 0.654687 0.631250 0.657813 0.639062 0.679688 0.639062 0.681250 0.632812 0.706250 0.614062 0.746875 0.545312 0.745313 0.495312 0.757812 0.464062 0.776563 0.375000 0.778125 0.318750 0.775000 0.275000 0.768750 0.264062 0.740625 0.264062 0.710938 0.273438 0.700000 0.271875 0.718750 0.260937 0.737500 0.262500 0.737500 0.253125
0 0.159375 0.965625 0.128125 0.965625 0.128125 0.998437 0.212500 0.998437 0.210938 0.995313 0.203125 0.992188 0.195312 0.985938 0.170313 0.973437 0.167187 0.970313 0.167187 0.965625
