0 0.607777 0.121875 0.278125 0.121875 0.278125 0.182812 0.287500 0.187500 0.300000 0.210938 0.384375 0.392188 0.407813 0.420312 0.432812 0.432812 0.434375 0.439063 0.539062 0.439063 0.542188 0.431250 0.553125 0.428125 0.565625 0.415625 0.631250 0.239063 0.643750 0.209375 0.651563 0.206250 0.651563 0.162500 0.617188 0.132812 0.615625 0.121875
2 0.308895 0.146895 0.289445 0.180211 0.315625 0.225000 0.396875 0.390625 0.418750 0.415625 0.445312 0.423438 0.507812 0.426563 0.537500 0.418750 0.551562 0.403125 0.579688 0.325000 0.614062 0.248438 0.637500 0.200000 0.645312 0.196875 0.645312 0.164062
7 0.566947 0.503125 0.470313 0.503125 0.465625 0.512500 0.437500 0.531250 0.409375 0.607812 0.421875 0.670312 0.375000 0.701562 0.354687 0.732812 0.346875 0.735938 0.346875 0.789062 0.410938 0.789062 0.410938 0.782813 0.421875 0.771875 0.471875 0.770312 0.476562 0.765625 0.471875 0.759375 0.473438 0.742188 0.479687 0.735938 0.554688 0.704688 0.579688 0.687500 0.590625 0.645312 0.589063 0.603125 0.596875 0.585938 0.600000 0.543750 0.590625 0.525000 0.575000 0.509375 0.575000 0.503125
0 0.906009 0.134375 0.704688 0.134375 0.704688 0.140625 0.673438 0.181250 0.640625 0.284375 0.626563 0.317188 0.615625 0.325000 0.615625 0.415625 0.659375 0.439063 0.660937 0.445312 0.868750 0.445312 0.870313 0.439063 0.875000 0.445312 0.914062 0.445312 0.915625 0.439063 0.945312 0.432812 0.970313 0.412500 0.970313 0.184375 0.964063 0.184375 0.953125 0.167187 0.917188 0.142187 0.914062 0.134375
0 0.198153 0.121875 0.028125 0.121875 0.017188 0.176563 0.018750 0.250000 0.015625 0.270313 0.009375 0.271875 0.009375 0.478125 0.021875 0.482812 0.046875 0.517188 0.081250 0.532813 0.082812 0.539062 0.146875 0.539062 0.173437 0.539062 0.204687 0.539062 0.234375 0.539062 0.304688 0.539062 0.306250 0.532813 0.334375 0.528125 0.360938 0.515625 0.381250 0.490625 0.389062 0.487500 0.389062 0.440625 0.381250 0.437500 0.300000 0.264062 0.245312 0.182812 0.232813 0.156250 0.206250 0.121875
0 0.623047 0.453125 0.532813 0.453125 0.531250 0.459375 0.470313 0.464062 0.445312 0.473438 0.428125 0.489063 0.387500 0.590625 0.365625 0.676562 0.339062 0.745313 0.329688 0.809375 0.321875 0.812500 0.321875 0.834375 0.359375 0.865625 0.362500 0.876563 0.834375 0.876563 0.840625 0.868750 0.915625 0.865625 0.960938 0.851562 0.976562 0.828125 0.982812 0.826562 0.982812 0.531250 0.976562 0.529687 0.971875 0.506250 0.959375 0.479687 0.935937 0.460938 0.932813 0.453125 0.820312 0.453125 0.818750 0.459375 0.775000 0.462500 0.659375 0.462500 0.632812 0.459375 0.631250 0.453125
0 0.300000 0.559375 0.065625 0.559375 0.065625 0.564063 0.039062 0.587500 0.015625 0.600000 0.015625 0.845313 0.023438 0.850000 0.028125 0.876563 0.250000 0.876563 0.251563 0.867188 0.284375 0.815625 0.315625 0.731250 0.334375 0.657813 0.339062 0.646875 0.345313 0.645312 0.345313 0.603125 0.337500 0.600000 0.307812 0.559375
5 0.932528 0.471875 0.851562 0.471875 0.850000 0.478125 0.840625 0.481250 0.735938 0.496875 0.721875 0.503125 0.714063 0.520312 0.685937 0.528125 0.673438 0.545312 0.670312 0.565625 0.640625 0.589063 0.628125 0.614062 0.609375 0.634375 0.600000 0.671875 0.625000 0.670312 0.703125 0.640625 0.728125 0.628125 0.753125 0.593750 0.782813 0.582812 0.779687 0.596875 0.771875 0.601562 0.776563 0.607812 0.770312 0.614062 0.773438 0.621875 0.765625 0.625000 0.759375 0.610938 0.743750 0.623437 0.743750 0.640625 0.753125 0.629687 0.765625 0.629687 0.768750 0.634375 0.742188 0.653125 0.742188 0.681250 0.726562 0.695312 0.584375 0.757812 0.584375 0.771875 0.593750 0.778125 0.595313 0.796875 0.603125 0.800000 0.614062 0.789062 0.637500 0.784375 0.681250 0.789062 0.692187 0.796875 0.698438 0.820312 0.707812 0.828125 0.900000 0.835938 0.939063 0.832812 0.943750 0.825000 0.939063 0.631250 0.950000 0.554688 0.960938 0.515625 0.959375 0.495312 0.940625 0.471875
4 0.177961 0.128125 0.034375 0.128125 0.026562 0.168750 0.021875 0.271875 0.015625 0.273438 0.015625 0.476562 0.073438 0.512500 0.100000 0.518750 0.153125 0.518750 0.162500 0.520312 0.164062 0.526563 0.275000 0.526563 0.276562 0.520312 0.279687 0.526563 0.287500 0.526563 0.289062 0.520312 0.340625 0.514062 0.359375 0.501563 0.370312 0.471875 0.370312 0.450000 0.350000 0.371875 0.303125 0.270313 0.275000 0.223438 0.226562 0.157812 0.190625 0.137500 0.185938 0.128125
6 0.695312 0.140625 0.685937 0.156250 0.623437 0.326562 0.606189 0.388430 0.635938 0.420312 0.676562 0.432812 0.906250 0.429688 0.937500 0.415625 0.939603 0.220466 0.946875 0.176563 0.928125 0.162500 0.893750 0.150000
1 0.078125 0.565625 0.038308 0.598956 0.039930 0.855056 0.068595 0.869648 0.231392 0.870730 0.251403 0.840466 0.278125 0.776563 0.285938 0.770312 0.331250 0.639062 0.339062 0.634375 0.339062 0.610938 0.332813 0.609375 0.328125 0.592187 0.312500 0.571875 0.284375 0.565625
