0 0.851500 0.003125 0.465625 0.003125 0.447987 0.026872 0.440625 0.043750 0.443145 0.279223 0.446875 0.282813 0.462500 0.315625 0.492188 0.335938 0.545312 0.334375 0.709469 0.250184 0.717187 0.250000 0.746875 0.231250 0.857812 0.181250 0.870313 0.168750 0.876563 0.151562 0.873437 0.051562 0.876872 0.006131
7 0.227813 0.003125 0.195312 0.003125 0.195312 0.007812 0.160938 0.037500 0.134375 0.082812 0.128125 0.084375 0.128125 0.151562 0.132812 0.151562 0.162500 0.185938 0.175000 0.210938 0.220312 0.248438 0.245312 0.259375 0.307812 0.275000 0.340625 0.289062 0.342187 0.295312 0.378125 0.295312 0.381250 0.287500 0.406250 0.270313 0.414062 0.243750 0.412500 0.214062 0.406250 0.198437 0.414062 0.126562 0.410938 0.090625 0.401562 0.081250 0.375000 0.126562 0.365625 0.135937 0.359375 0.135937 0.345313 0.125000 0.310937 0.081250 0.256250 0.054688 0.235937 0.003125
1 0.591180 0.034313 0.500559 0.037078 0.465625 0.039062 0.457813 0.053125 0.460439 0.288737 0.468750 0.312500 0.496875 0.331250 0.535937 0.331250 0.739062 0.223438 0.832812 0.184375 0.874797 0.164291 0.870313 0.079687 0.856250 0.039062 0.840625 0.023438 0.823438 0.015625 0.748206 0.021177
4 0.685417 0.578125 0.593750 0.578125 0.565625 0.614062 0.559375 0.615625 0.559375 0.831250 0.565625 0.832812 0.567187 0.868750 0.579688 0.920312 0.589063 0.928125 0.632812 0.932813 0.639062 0.937500 0.640625 0.971875 0.660937 0.998437 0.876563 0.998437 0.876563 0.643750 0.834375 0.635938 0.807813 0.620313 0.696875 0.585938 0.693750 0.578125
0 0.855469 0.215625 0.795312 0.221875 0.782813 0.231250 0.653125 0.295312 0.559375 0.353125 0.559375 0.500000 0.600000 0.528125 0.828125 0.610938 0.835938 0.620313 0.876563 0.620313 0.876563 0.228125 0.871875 0.228125 0.864062 0.215625
0 0.392003 0.003125 0.128125 0.003125 0.128125 0.229687 0.218750 0.253125 0.339062 0.292187 0.379688 0.292187 0.406250 0.276562 0.421875 0.248438 0.432812 0.206250 0.432812 0.168750 0.432812 0.134375 0.432812 0.053125 0.418750 0.029687 0.400000 0.003125
0 0.630194 0.563217 0.587500 0.571875 0.570312 0.596875 0.559375 0.615625 0.563784 0.875545 0.565625 0.898438 0.571875 0.928125 0.581250 0.982812 0.589063 0.998437 0.876563 0.998437 0.876563 0.643750 0.839063 0.635938 0.804688 0.620313 0.679688 0.579688
1 0.818766 0.239058 0.775184 0.255652 0.691483 0.305430 0.632812 0.326562 0.591180 0.354517 0.565584 0.381481 0.566277 0.496711 0.609166 0.521600 0.845313 0.614062 0.876563 0.610938 0.876563 0.250000 0.868750 0.246875 0.842284 0.236294
0 0.151500 0.257598 0.125214 0.270734 0.128125 0.998437 0.534375 0.998437 0.545312 0.971875 0.543750 0.906250 0.528125 0.431250 0.520312 0.398438 0.501563 0.375000 0.468750 0.359375 0.367188 0.321875 0.232813 0.285938 0.217188 0.279687
5 0.243750 0.340625 0.201563 0.354687 0.164062 0.395313 0.131250 0.442188 0.121875 0.446875 0.121875 0.803125 0.137500 0.809375 0.160938 0.851562 0.185938 0.876563 0.217188 0.895312 0.225000 0.892188 0.226562 0.884375 0.228125 0.645312 0.225000 0.609375 0.207813 0.546875 0.206250 0.468750 0.210938 0.425000 0.217188 0.414062 0.232813 0.406250 0.257812 0.412500 0.257812 0.340625
5 0.346875 0.320312 0.315625 0.334375 0.253125 0.339062 0.253125 0.528125 0.265625 0.528125 0.267188 0.545312 0.260937 0.579688 0.253125 0.584375 0.253125 0.795312 0.259375 0.796875 0.264062 0.828125 0.271875 0.825000 0.282813 0.834375 0.300000 0.865625 0.300000 0.878125 0.292187 0.884375 0.287500 0.900000 0.301563 0.914062 0.328125 0.917188 0.339062 0.925000 0.364063 0.931250 0.382812 0.953125 0.385937 0.964063 0.404687 0.964063 0.393750 0.942187 0.396875 0.934375 0.417187 0.942187 0.432812 0.932813 0.445312 0.935937 0.475000 0.925000 0.520312 0.926562 0.532813 0.920312 0.532813 0.903125 0.525000 0.896875 0.515625 0.848437 0.518750 0.778125 0.496875 0.526563 0.470313 0.476562 0.415625 0.348438 0.407813 0.340625 0.381250 0.335938 0.356250 0.320312
