1 0.576302 0.621875 0.535937 0.621875 0.535937 0.628125 0.507812 0.657813 0.503125 0.657813 0.503125 0.870313 0.509375 0.871875 0.515625 0.896875 0.540625 0.921875 0.565625 0.923438 0.575000 0.926562 0.576562 0.932813 0.598437 0.932813 0.600000 0.926562 0.643750 0.926562 0.645312 0.932813 0.701562 0.932813 0.703125 0.926562 0.723437 0.926562 0.725000 0.932813 0.778125 0.932813 0.781250 0.925000 0.800000 0.915625 0.820312 0.887500 0.826562 0.885938 0.826562 0.828125 0.820312 0.826562 0.818750 0.817187 0.815625 0.743750 0.803125 0.712500 0.787500 0.695312 0.767188 0.684375 0.589063 0.629687 0.584375 0.621875
0 0.430358 0.578125 0.378125 0.578125 0.375000 0.585938 0.306250 0.617188 0.226562 0.667188 0.128125 0.712500 0.128125 0.959375 0.185938 0.964063 0.190625 0.970313 0.193750 0.962500 0.206250 0.956250 0.221875 0.962500 0.240625 0.962500 0.353125 0.954688 0.446875 0.931250 0.464062 0.915625 0.475000 0.884375 0.476562 0.864062 0.482812 0.862500 0.482812 0.721875 0.476562 0.720313 0.470313 0.623437 0.459375 0.600000 0.439063 0.582812 0.439063 0.578125
2 0.146484 0.340625 0.121875 0.340625 0.121875 0.695312 0.131250 0.695312 0.135937 0.685937 0.198437 0.651563 0.225000 0.629687 0.264062 0.615625 0.339062 0.576562 0.359375 0.559375 0.370312 0.535937 0.376563 0.534375 0.376563 0.446875 0.370312 0.445312 0.354687 0.420312 0.332813 0.409375 0.226562 0.378125 0.157812 0.348438 0.154688 0.340625
4 0.422187 0.584375 0.385937 0.584375 0.384375 0.590625 0.315625 0.612500 0.287500 0.631250 0.251563 0.665625 0.206250 0.689063 0.173437 0.698438 0.128125 0.723437 0.128125 0.917188 0.148438 0.926562 0.251563 0.928125 0.262500 0.923438 0.309375 0.923438 0.359375 0.926562 0.376563 0.932813 0.428125 0.915625 0.439063 0.906250 0.467187 0.867188 0.468750 0.792188 0.476562 0.789062 0.476562 0.734375 0.470313 0.732812 0.460938 0.664062 0.460938 0.615625 0.445312 0.595313 0.431250 0.589063 0.431250 0.584375
5 0.439063 0.065625 0.415625 0.065625 0.415625 0.278125 0.423438 0.284375 0.450000 0.415625 0.457813 0.423438 0.468750 0.423438 0.493750 0.403125 0.546875 0.385937 0.559375 0.385937 0.581250 0.398438 0.595313 0.396875 0.595313 0.378125 0.587500 0.373437 0.556250 0.214062 0.525000 0.173437 0.512500 0.142187 0.510938 0.082812 0.504687 0.076563 0.450000 0.073438 0.446875 0.065625
1 0.352969 0.071875 0.121875 0.071875 0.121875 0.306250 0.293750 0.362500 0.296875 0.370312 0.334375 0.370312 0.337500 0.362500 0.348438 0.357812 0.365625 0.339062 0.373437 0.318750 0.373437 0.179688 0.368750 0.153125 0.368750 0.093750 0.360938 0.071875
0 0.346659 0.028125 0.121875 0.028125 0.121875 0.310937 0.298438 0.368750 0.303125 0.376563 0.329688 0.376563 0.332813 0.368750 0.353125 0.362500 0.367188 0.350000 0.381250 0.310937 0.378125 0.075000 0.371875 0.054688 0.354687 0.034375 0.354687 0.028125
0 0.588867 0.615625 0.532813 0.615625 0.532813 0.623437 0.510938 0.646875 0.503125 0.670312 0.496875 0.671875 0.496875 0.879687 0.503125 0.881250 0.507812 0.896875 0.525000 0.920312 0.543750 0.931250 0.607812 0.932813 0.609375 0.939063 0.628125 0.939063 0.629687 0.932813 0.639062 0.931250 0.656250 0.932813 0.657813 0.939063 0.675000 0.939063 0.676562 0.932813 0.679688 0.939063 0.721875 0.939063 0.723437 0.932813 0.765625 0.932813 0.785937 0.928125 0.839063 0.893750 0.839063 0.753125 0.832812 0.751563 0.828125 0.729688 0.814063 0.707812 0.781250 0.682813 0.604688 0.625000 0.596875 0.615625
5 0.720313 0.221875 0.717187 0.242188 0.701562 0.271875 0.657813 0.325000 0.634375 0.335938 0.634375 0.367188 0.642188 0.370312 0.653125 0.414062 0.662500 0.423438 0.690625 0.426563 0.692187 0.432812 0.707812 0.432812 0.709375 0.426563 0.739062 0.425000 0.751563 0.420312 0.751563 0.331250 0.746875 0.331250 0.743750 0.323437 0.737500 0.251563 0.731250 0.221875
5 0.735417 0.046875 0.668750 0.046875 0.667188 0.053125 0.643750 0.060937 0.590625 0.067187 0.590625 0.087500 0.598437 0.089063 0.609375 0.125000 0.609375 0.145313 0.596875 0.201563 0.621875 0.301563 0.635938 0.339062 0.642188 0.339062 0.642188 0.332813 0.671875 0.307812 0.707812 0.259375 0.720313 0.232813 0.750000 0.093750 0.750000 0.067187 0.743750 0.046875
0 0.740586 0.015625 0.434375 0.015625 0.431250 0.023438 0.396875 0.048438 0.396875 0.501563 0.404687 0.504687 0.414062 0.525000 0.431250 0.540625 0.693750 0.631250 0.698438 0.639062 0.789062 0.639062 0.806250 0.614062 0.814063 0.612500 0.814063 0.473438 0.807813 0.471875 0.803125 0.440625 0.778125 0.068750 0.770312 0.042188 0.748437 0.021875 0.748437 0.015625
7 0.588672 0.415625 0.498437 0.415625 0.496875 0.421875 0.475000 0.432812 0.454688 0.456250 0.448437 0.500000 0.440625 0.514062 0.434375 0.515625 0.434375 0.531250 0.570312 0.575000 0.582812 0.578125 0.601562 0.576562 0.618750 0.551562 0.620313 0.540625 0.615625 0.523438 0.601562 0.504687 0.596875 0.490625 0.604688 0.456250 0.596875 0.415625
0 0.148828 0.334375 0.121875 0.334375 0.121875 0.696875 0.184375 0.668750 0.332813 0.587500 0.364063 0.560937 0.376563 0.526563 0.382812 0.525000 0.382812 0.453125 0.376563 0.451562 0.371875 0.432812 0.357812 0.414062 0.329688 0.398438 0.189062 0.353125 0.159375 0.340625 0.157812 0.334375
0 0.150000 0.334375 0.121875 0.334375 0.121875 0.696875 0.198437 0.660937 0.337500 0.584375 0.364063 0.560937 0.376563 0.525000 0.382812 0.523438 0.382812 0.454688 0.376563 0.453125 0.370312 0.431250 0.351562 0.409375 0.303125 0.389062 0.193750 0.354687 0.162500 0.342187 0.159375 0.334375
