4 0.641406 0.065625 0.631250 0.065625 0.631250 0.076563 0.623437 0.081250 0.585938 0.081250 0.571875 0.075000 0.557813 0.078125 0.539062 0.092188 0.492188 0.098437 0.471875 0.114062 0.457813 0.168750 0.446875 0.176563 0.446875 0.196875 0.454688 0.200000 0.460938 0.217188 0.462500 0.321875 0.478125 0.346875 0.490625 0.356250 0.501563 0.360938 0.532813 0.360938 0.612500 0.321875 0.739062 0.250000 0.770312 0.243750 0.775000 0.234375 0.782813 0.231250 0.782813 0.092188 0.767188 0.084375 0.743750 0.082812 0.725000 0.073438 0.670312 0.079687 0.654687 0.073438 0.651563 0.065625
7 0.395983 0.121875 0.343750 0.121875 0.343750 0.128125 0.312500 0.151562 0.289062 0.179688 0.245312 0.170313 0.221875 0.184375 0.221875 0.234375 0.226562 0.234375 0.243750 0.254688 0.259375 0.262500 0.281250 0.289062 0.325000 0.309375 0.373437 0.325000 0.376563 0.332813 0.409375 0.332813 0.412500 0.325000 0.429688 0.314063 0.437500 0.298438 0.432812 0.245312 0.426563 0.232813 0.404687 0.214062 0.426563 0.176563 0.417187 0.142187 0.404687 0.121875
6 0.608437 0.546875 0.573438 0.546875 0.554688 0.571875 0.546875 0.573438 0.546875 0.625000 0.553125 0.626563 0.554688 0.635938 0.554688 0.660937 0.553125 0.667188 0.546875 0.668750 0.546875 0.717187 0.554688 0.721875 0.554688 0.746875 0.546875 0.753125 0.546875 0.806250 0.554688 0.809375 0.581250 0.843750 0.617188 0.860938 0.670312 0.856250 0.695312 0.867188 0.715625 0.862500 0.768750 0.864062 0.782813 0.853125 0.782813 0.614062 0.715625 0.584375 0.620313 0.554688 0.617188 0.546875
0 0.624375 0.071875 0.548438 0.071875 0.542188 0.079687 0.493750 0.084375 0.479687 0.090625 0.462500 0.112500 0.454688 0.167187 0.440625 0.179688 0.440625 0.193750 0.454688 0.201563 0.460938 0.332813 0.468750 0.346875 0.489063 0.364063 0.517188 0.368750 0.537500 0.362500 0.782813 0.232813 0.782813 0.085938 0.767188 0.079687 0.764062 0.071875 0.645312 0.071875 0.643750 0.078125 0.634375 0.078125 0.632812 0.071875
0 0.266517 0.309375 0.215625 0.309375 0.215625 0.873437 0.220312 0.873437 0.225000 0.882812 0.498437 0.882812 0.498437 0.878125 0.526563 0.851562 0.532813 0.817187 0.539062 0.815625 0.539062 0.787500 0.532813 0.785937 0.532813 0.754687 0.539062 0.753125 0.532813 0.750000 0.532813 0.742188 0.539062 0.740625 0.532813 0.737500 0.532813 0.712500 0.539062 0.710938 0.539062 0.704688 0.532813 0.703125 0.531250 0.676562 0.523438 0.417187 0.509375 0.396875 0.490625 0.384375 0.278125 0.317188 0.275000 0.309375
0 0.622545 0.540625 0.570312 0.540625 0.556250 0.560937 0.546875 0.565625 0.546875 0.850000 0.551562 0.850000 0.567187 0.870313 0.598437 0.882812 0.600000 0.889062 0.782813 0.889062 0.782813 0.606250 0.634375 0.548438 0.631250 0.540625
0 0.773750 0.265625 0.737500 0.265625 0.725000 0.279687 0.593750 0.345313 0.540625 0.382812 0.540625 0.478125 0.568750 0.501563 0.603125 0.520312 0.701562 0.560937 0.748437 0.575000 0.751563 0.582812 0.782813 0.582812 0.782813 0.265625
0 0.415625 0.090625 0.228125 0.090625 0.228125 0.095312 0.215625 0.103125 0.215625 0.278125 0.326562 0.318750 0.375000 0.331250 0.379688 0.339062 0.409375 0.339062 0.409375 0.334375 0.432812 0.315625 0.445312 0.292187 0.451562 0.290625 0.451562 0.242188 0.445312 0.240625 0.445312 0.235937 0.451562 0.234375 0.445312 0.232813 0.445312 0.223438 0.451562 0.220312 0.445312 0.218750 0.440625 0.176563 0.443750 0.128125 0.423438 0.090625
2 0.766250 0.278125 0.731250 0.278125 0.728125 0.285938 0.706250 0.298438 0.546875 0.381250 0.546875 0.479687 0.581250 0.504687 0.751563 0.568750 0.754687 0.576562 0.775000 0.576562 0.775000 0.570312 0.782813 0.567187 0.782813 0.289062 0.775000 0.285938 0.775000 0.278125
5 0.482812 0.496875 0.467187 0.496875 0.457813 0.546875 0.435937 0.609375 0.401562 0.671875 0.375000 0.662500 0.359375 0.650000 0.348438 0.662500 0.340625 0.664062 0.298438 0.628125 0.257812 0.576562 0.246875 0.584375 0.246875 0.654687 0.254688 0.659375 0.265625 0.696875 0.282813 0.729688 0.314063 0.770312 0.340625 0.793750 0.387500 0.820312 0.410938 0.826562 0.412500 0.832812 0.464062 0.832812 0.467187 0.821875 0.471875 0.787500 0.473438 0.671875 0.490625 0.550000 0.490625 0.496875
5 0.315625 0.359375 0.268750 0.359375 0.265625 0.367188 0.246875 0.376563 0.246875 0.490625 0.253125 0.492188 0.260937 0.517188 0.264062 0.565625 0.271875 0.579688 0.278125 0.581250 0.289062 0.571875 0.298438 0.582812 0.292187 0.592187 0.278125 0.589063 0.278125 0.595313 0.307812 0.639062 0.420312 0.639062 0.456250 0.551562 0.465625 0.503125 0.493750 0.423438 0.481250 0.415625 0.346875 0.375000 0.326562 0.367188 0.323437 0.359375
