0 0.904631 0.159375 0.710895 0.154320 0.683586 0.171117 0.662500 0.231250 0.634375 0.312500 0.617188 0.348438 0.607259 0.399970 0.619164 0.419566 0.648438 0.440625 0.693750 0.445312 0.701562 0.445312 0.753125 0.445312 0.775000 0.443750 0.940625 0.440625 0.956250 0.434375 0.976562 0.414062 0.982812 0.414062 0.979787 0.350980 0.975000 0.328125 0.959375 0.210938 0.948438 0.190625 0.930770 0.166919 0.912500 0.159375
2 0.340745 0.189314 0.305733 0.210309 0.319037 0.250902 0.394664 0.395072 0.414062 0.426563 0.446875 0.437500 0.517188 0.437500 0.534375 0.432812 0.551562 0.418750 0.625000 0.232813 0.626563 0.206250 0.618750 0.190625 0.574625 0.190714
5 0.966992 0.515625 0.910937 0.515625 0.903125 0.545312 0.882812 0.565625 0.750000 0.639062 0.590625 0.735938 0.570312 0.771875 0.589063 0.784375 0.596875 0.807813 0.590625 0.817187 0.553125 0.832812 0.553125 0.859375 0.629687 0.873437 0.732812 0.873437 0.789062 0.856250 0.851562 0.815625 0.893750 0.778125 0.934375 0.706250 0.971875 0.671875 0.985938 0.635938 0.998437 0.620313 0.998437 0.600000 0.984375 0.585938 0.995313 0.532813 0.992188 0.526563 0.976562 0.521875 0.975000 0.515625
4 0.209375 0.171875 0.185938 0.171875 0.165625 0.196875 0.151562 0.203125 0.118750 0.203125 0.098437 0.209375 0.076563 0.237500 0.059375 0.270313 0.046875 0.335938 0.048438 0.376563 0.042188 0.426563 0.034375 0.431250 0.034375 0.473438 0.048438 0.476562 0.064062 0.495312 0.070312 0.514062 0.093750 0.529687 0.250000 0.532813 0.335938 0.526563 0.362500 0.512500 0.379688 0.487500 0.378125 0.453125 0.298438 0.298438 0.268750 0.251563 0.254688 0.195312 0.232813 0.179688 0.218750 0.178125 0.217188 0.171875
0 0.931223 0.459375 0.468750 0.459375 0.468750 0.464062 0.434375 0.493750 0.425000 0.509375 0.400000 0.573438 0.375000 0.621875 0.335938 0.739062 0.329688 0.806250 0.343750 0.857812 0.353125 0.865625 0.351562 0.870313 0.384375 0.868750 0.420312 0.875000 0.715625 0.876563 0.717187 0.882812 0.732812 0.882812 0.734375 0.876563 0.764062 0.875000 0.998437 0.873437 0.998437 0.517188 0.970313 0.479687 0.942187 0.467187 0.939063 0.459375
0 0.115967 0.138127 0.076563 0.165625 0.064062 0.190625 0.043750 0.362500 0.041041 0.368378 0.024936 0.462859 0.034375 0.510938 0.073438 0.531250 0.091458 0.536344 0.329541 0.538444 0.351248 0.530745 0.365625 0.521875 0.391161 0.504150 0.400966 0.482455 0.395313 0.443750 0.387661 0.431366 0.362452 0.385175 0.298030 0.256402 0.252514 0.167520 0.227305 0.139525
1 0.796325 0.191413 0.708794 0.193513 0.688488 0.197713 0.626866 0.356580 0.616362 0.408369 0.642188 0.434375 0.664062 0.439063 0.734375 0.439063 0.781250 0.435937 0.903125 0.439063 0.928125 0.434375 0.945312 0.420312 0.943750 0.379688 0.929688 0.296875 0.925000 0.235937 0.917188 0.215625 0.901563 0.198437 0.887500 0.192188
5 0.682813 0.484375 0.635938 0.484375 0.617188 0.525000 0.607812 0.534375 0.600000 0.556250 0.596875 0.612500 0.590625 0.614062 0.590625 0.671875 0.612500 0.664062 0.745313 0.582812 0.845313 0.515625 0.773438 0.498437 0.695312 0.492188 0.690625 0.484375
0 0.592100 0.153125 0.346347 0.146622 0.306433 0.162719 0.291728 0.193513 0.310937 0.245312 0.390625 0.404687 0.409375 0.428125 0.429688 0.440625 0.528125 0.439063 0.556250 0.426563 0.573438 0.403125 0.631250 0.250000 0.639062 0.234375 0.648852 0.200511 0.632745 0.169017 0.600000 0.153125
0 0.287339 0.553125 0.071431 0.556170 0.056025 0.565267 0.032813 0.584375 0.017188 0.618750 0.009375 0.682813 0.006308 0.699641 0.003125 0.875000 0.148438 0.876563 0.150558 0.876703 0.215625 0.876563 0.252092 0.878803 0.248438 0.868750 0.280803 0.801819 0.306250 0.742188 0.338222 0.647850 0.345313 0.632812 0.345313 0.607812 0.346625 0.599561 0.325619 0.565967 0.295312 0.553125
7 0.510938 0.490625 0.464062 0.490625 0.446875 0.557813 0.448437 0.585938 0.443750 0.601562 0.398438 0.637500 0.373437 0.678125 0.365625 0.681250 0.365625 0.776563 0.407813 0.776563 0.431250 0.746875 0.464062 0.718750 0.495312 0.698438 0.525000 0.689063 0.529687 0.684375 0.526563 0.668750 0.548438 0.653125 0.559375 0.632812 0.532813 0.621875 0.542188 0.617188 0.548438 0.606250 0.559375 0.610938 0.582812 0.606250 0.582812 0.565625 0.567187 0.560937 0.529687 0.560937 0.520312 0.553125 0.525000 0.526563 0.518750 0.490625
1 0.042188 0.667188 0.032813 0.834375 0.039062 0.864062 0.054688 0.873437 0.226562 0.873437 0.240625 0.867188 0.256250 0.834375 0.246875 0.821875 0.254688 0.789062 0.268750 0.789062 0.285938 0.762500 0.326562 0.657813 0.332813 0.610938 0.318750 0.584375 0.290625 0.570312 0.100000 0.573438 0.073438 0.584375 0.059375 0.598437 0.048438 0.621875
