4 0.679688 0.046875 0.656250 0.046875 0.656250 0.053125 0.645312 0.064062 0.612500 0.078125 0.593750 0.078125 0.570312 0.070312 0.551562 0.071875 0.523438 0.103125 0.518750 0.135937 0.515625 0.143750 0.509375 0.145313 0.509375 0.225000 0.515625 0.226562 0.515625 0.234375 0.509375 0.235937 0.509375 0.326562 0.514062 0.326562 0.534375 0.351562 0.571875 0.351562 0.575000 0.343750 0.642188 0.318750 0.703125 0.298438 0.746875 0.292187 0.810937 0.256250 0.876563 0.234375 0.876563 0.121875 0.870313 0.121875 0.837500 0.096875 0.809375 0.089063 0.785937 0.075000 0.743750 0.079687 0.715625 0.076563 0.692187 0.059375 0.687500 0.046875
1 0.638020 0.578125 0.593750 0.578125 0.570312 0.615625 0.540625 0.796875 0.539062 0.884375 0.535937 0.893750 0.528125 0.896875 0.528125 0.921875 0.567187 0.935937 0.571875 0.951562 0.559375 0.964063 0.559375 0.970313 0.567187 0.979688 0.579688 0.984375 0.640625 0.987500 0.662500 0.981250 0.693750 0.982812 0.718750 0.973437 0.745313 0.985938 0.750000 0.990625 0.745313 0.998437 0.815625 0.998437 0.842187 0.968750 0.862500 0.921875 0.864062 0.876563 0.870313 0.843750 0.876563 0.842187 0.876563 0.709375 0.835938 0.676562 0.795312 0.662500 0.762500 0.640625 0.695312 0.610938 0.650000 0.585938 0.646875 0.578125
2 0.868577 0.296875 0.804688 0.296875 0.804688 0.301563 0.792188 0.309375 0.756250 0.320312 0.687500 0.351562 0.629687 0.368750 0.607812 0.381250 0.592187 0.401562 0.584375 0.404687 0.584375 0.504687 0.590625 0.504687 0.620313 0.526563 0.823438 0.625000 0.843750 0.625000 0.864062 0.615625 0.876563 0.606250 0.876563 0.296875
0 0.863716 0.278125 0.798438 0.278125 0.795312 0.285938 0.751563 0.304688 0.610938 0.351562 0.590625 0.365625 0.576562 0.389062 0.573438 0.404687 0.565625 0.407813 0.565625 0.493750 0.570312 0.493750 0.589063 0.515625 0.834375 0.637500 0.837500 0.645312 0.862500 0.645312 0.862500 0.640625 0.870313 0.637500 0.873437 0.625000 0.876563 0.314063 0.871875 0.278125
0 0.646181 0.565625 0.578125 0.565625 0.560937 0.596875 0.534375 0.807813 0.523438 0.870313 0.515625 0.875000 0.515625 0.892188 0.521875 0.893750 0.515625 0.898438 0.515625 0.951562 0.523438 0.954688 0.534375 0.979688 0.554688 0.998437 0.876563 0.998437 0.876563 0.684375 0.757812 0.621875 0.671875 0.582812 0.659375 0.575000 0.654687 0.565625
0 0.453055 0.053125 0.287500 0.053125 0.284375 0.060937 0.257812 0.078125 0.240625 0.103125 0.231250 0.143750 0.221875 0.150000 0.221875 0.215625 0.228125 0.215625 0.248438 0.235937 0.284375 0.254688 0.395313 0.300000 0.428125 0.307812 0.454688 0.296875 0.473438 0.279687 0.485938 0.251563 0.498437 0.146875 0.498437 0.095312 0.492188 0.081250 0.476562 0.065625 0.464062 0.060937 0.460938 0.053125
0 0.599244 0.061698 0.559375 0.062500 0.542188 0.073438 0.523438 0.103125 0.510938 0.173437 0.509375 0.234375 0.503125 0.235937 0.503125 0.326562 0.540625 0.351562 0.542188 0.357812 0.562500 0.357812 0.564063 0.351562 0.642188 0.328125 0.876563 0.239063 0.876563 0.078125 0.843750 0.070312 0.792188 0.070312 0.682597 0.058920 0.625639 0.063087
5 0.197656 0.446875 0.171875 0.446875 0.171875 0.598437 0.195312 0.615625 0.192188 0.692187 0.201563 0.745313 0.217188 0.782813 0.257812 0.843750 0.312500 0.871875 0.354687 0.871875 0.384375 0.845313 0.398438 0.820312 0.431250 0.731250 0.467187 0.664062 0.493750 0.587500 0.512500 0.553125 0.520312 0.550000 0.520312 0.512500 0.479687 0.498437 0.442188 0.500000 0.387500 0.492188 0.323437 0.473438 0.315625 0.465625 0.325000 0.459375 0.376563 0.464062 0.393750 0.457813 0.398438 0.446875 0.217188 0.446875 0.215625 0.453125 0.207813 0.453125 0.206250 0.446875
0 0.283855 0.271875 0.217188 0.271875 0.189062 0.325000 0.160938 0.403125 0.142187 0.496875 0.129688 0.504687 0.129688 0.560937 0.121875 0.565625 0.121875 0.928125 0.189062 0.943750 0.215625 0.943750 0.367188 0.968750 0.373437 0.976562 0.459375 0.976562 0.459375 0.970313 0.476562 0.953125 0.484375 0.935937 0.501563 0.848437 0.543750 0.500000 0.551562 0.451562 0.557813 0.450000 0.557813 0.409375 0.550000 0.406250 0.542188 0.389062 0.528125 0.376563 0.295312 0.279687 0.292187 0.271875
7 0.385937 0.096875 0.362500 0.096875 0.360938 0.104688 0.300000 0.143750 0.292187 0.173437 0.284375 0.178125 0.284375 0.232813 0.292187 0.235937 0.304688 0.254688 0.340625 0.273438 0.404687 0.293750 0.407813 0.301563 0.431250 0.301563 0.434375 0.293750 0.457813 0.284375 0.470313 0.265625 0.471875 0.231250 0.482812 0.203125 0.487500 0.168750 0.484375 0.159375 0.476562 0.154688 0.429688 0.142187 0.425000 0.137500 0.423438 0.123438 0.406250 0.115625 0.393750 0.103125 0.393750 0.096875
