1 0.602902 0.596875 0.554688 0.596875 0.531250 0.637500 0.528125 0.689063 0.521875 0.690625 0.521875 0.695312 0.528125 0.696875 0.528125 0.717187 0.521875 0.718750 0.521875 0.920312 0.534375 0.928125 0.534375 0.934375 0.531250 0.942187 0.521875 0.946875 0.521875 0.968750 0.534375 0.975000 0.545312 0.998437 0.832812 0.998437 0.851562 0.939063 0.850000 0.881250 0.856250 0.815625 0.853125 0.723437 0.831250 0.698438 0.812500 0.687500 0.689063 0.632812 0.634375 0.614062 0.614062 0.604688 0.610938 0.596875
2 0.818403 0.284375 0.753125 0.284375 0.753125 0.289062 0.740625 0.296875 0.678125 0.321875 0.557813 0.381250 0.542188 0.407813 0.534375 0.410938 0.534375 0.515625 0.573438 0.542188 0.701562 0.598437 0.782813 0.628125 0.809375 0.628125 0.820312 0.623437 0.842187 0.595313 0.850000 0.568750 0.857812 0.565625 0.857812 0.485938 0.851562 0.484375 0.843750 0.459375 0.837500 0.314063 0.826562 0.284375
7 0.246875 0.090625 0.231250 0.090625 0.179688 0.162500 0.171875 0.165625 0.171875 0.246875 0.235937 0.260937 0.248438 0.276562 0.276562 0.292187 0.350000 0.312500 0.367188 0.307812 0.384375 0.292187 0.395313 0.265625 0.401562 0.159375 0.393750 0.129688 0.359375 0.090625 0.321875 0.090625 0.320312 0.096875 0.285938 0.103125 0.265625 0.118750 0.259375 0.115625 0.254688 0.090625
0 0.381083 0.040625 0.165625 0.040625 0.165625 0.045312 0.143750 0.064062 0.135937 0.081250 0.128125 0.084375 0.128125 0.242188 0.160938 0.257812 0.321875 0.312500 0.326562 0.320312 0.370312 0.320312 0.370312 0.315625 0.384375 0.307812 0.401562 0.289062 0.414062 0.251563 0.418750 0.092188 0.409375 0.067187 0.389062 0.040625
0 0.821702 0.259375 0.753447 0.269050 0.532561 0.398147 0.531170 0.496703 0.546875 0.539062 0.579688 0.554688 0.765625 0.629687 0.793750 0.643750 0.835938 0.645312 0.859375 0.628125 0.871875 0.604688 0.870313 0.343750 0.865975 0.289872 0.829688 0.259375
0 0.684375 0.015625 0.590625 0.015625 0.584375 0.028125 0.575000 0.029687 0.493750 0.031250 0.462500 0.045312 0.446875 0.060937 0.437500 0.089063 0.434375 0.137500 0.428125 0.139063 0.428125 0.285938 0.435937 0.290625 0.446875 0.337500 0.457813 0.351562 0.481250 0.364063 0.482812 0.370312 0.504687 0.370312 0.506250 0.364063 0.550000 0.348438 0.814063 0.223438 0.843750 0.203125 0.851562 0.192188 0.857812 0.171875 0.864062 0.170313 0.864062 0.068750 0.856250 0.067187 0.815625 0.032813 0.742188 0.028125 0.707812 0.031250 0.695312 0.025000 0.692187 0.015625
0 0.615313 0.590625 0.542188 0.590625 0.520312 0.628125 0.518750 0.737500 0.515625 0.762500 0.509375 0.764062 0.509375 0.990625 0.515625 0.990625 0.520312 0.998437 0.875000 0.998437 0.870313 0.720313 0.842187 0.690625 0.665625 0.620313 0.625000 0.598437 0.623437 0.590625
5 0.293750 0.390625 0.231250 0.390625 0.228125 0.398438 0.221875 0.398438 0.221875 0.460938 0.228125 0.462500 0.231250 0.476562 0.229687 0.514062 0.228125 0.520312 0.221875 0.521875 0.221875 0.564063 0.229687 0.570312 0.292187 0.839063 0.309375 0.882812 0.351562 0.842187 0.395313 0.773438 0.467187 0.689063 0.475000 0.673438 0.482812 0.670312 0.482812 0.659375 0.476562 0.657813 0.456250 0.607812 0.395313 0.518750 0.356250 0.442188 0.334375 0.418750 0.303125 0.398438 0.301563 0.390625
4 0.688581 0.015625 0.589063 0.015625 0.587500 0.025000 0.565625 0.042188 0.509375 0.037500 0.484375 0.042188 0.467187 0.053125 0.442188 0.104688 0.435937 0.167187 0.434375 0.173437 0.428125 0.175000 0.428125 0.221875 0.435937 0.225000 0.439063 0.237500 0.437500 0.270313 0.450000 0.332813 0.459375 0.346875 0.478125 0.359375 0.478125 0.364063 0.509375 0.364063 0.512500 0.356250 0.601562 0.318750 0.787500 0.228125 0.818750 0.207813 0.837500 0.185938 0.845313 0.167187 0.851562 0.165625 0.851562 0.110937 0.817187 0.085938 0.806250 0.059375 0.756250 0.046875 0.734375 0.035937 0.709375 0.034375 0.698438 0.025000 0.696875 0.015625
0 0.199653 0.296875 0.134375 0.296875 0.129688 0.309375 0.121875 0.312500 0.121875 0.998437 0.465625 0.998437 0.479687 0.965625 0.501563 0.475000 0.498437 0.431250 0.484375 0.407813 0.446875 0.385937 0.214062 0.306250 0.207813 0.296875
5 0.157812 0.518750 0.151562 0.521875 0.135937 0.571875 0.128125 0.575000 0.128125 0.734375 0.135937 0.737500 0.179688 0.828125 0.189062 0.860938 0.204687 0.887500 0.242188 0.921875 0.242188 0.926562 0.257812 0.926562 0.257812 0.887500 0.250000 0.882812 0.225000 0.754687 0.204687 0.681250 0.184375 0.551562 0.160938 0.521875
