0 0.423295 0.115625 0.256250 0.115625 0.256250 0.120313 0.242188 0.128125 0.221875 0.153125 0.215625 0.153125 0.215625 0.270313 0.243750 0.290625 0.385937 0.337500 0.389062 0.345313 0.428125 0.345313 0.428125 0.340625 0.457813 0.315625 0.457813 0.148438 0.450000 0.145313 0.431250 0.121875 0.431250 0.115625
7 0.284375 0.128125 0.273438 0.128125 0.271875 0.153125 0.293750 0.184375 0.295312 0.196875 0.243750 0.242188 0.234375 0.243750 0.234375 0.281250 0.267188 0.296875 0.342187 0.312500 0.389062 0.334375 0.410938 0.334375 0.418750 0.303125 0.443750 0.267188 0.450000 0.250000 0.448437 0.165625 0.435937 0.157812 0.395313 0.164062 0.376563 0.150000 0.323437 0.148438 0.296875 0.134375 0.295312 0.128125
0 0.596464 0.538347 0.562500 0.546875 0.547842 0.581380 0.553125 0.834375 0.575000 0.850000 0.596875 0.857812 0.598437 0.864062 0.770312 0.864062 0.773438 0.856250 0.814063 0.825000 0.814063 0.634375 0.782813 0.609375 0.639062 0.556250
4 0.677902 0.115625 0.573438 0.115625 0.570312 0.123438 0.517188 0.131250 0.489063 0.160938 0.471875 0.165625 0.471875 0.279687 0.476562 0.279687 0.479687 0.287500 0.482812 0.334375 0.495312 0.357812 0.504687 0.365625 0.526563 0.370312 0.556250 0.359375 0.768750 0.250000 0.801562 0.221875 0.801562 0.200000 0.795312 0.198437 0.790625 0.178125 0.756250 0.142187 0.732812 0.125000 0.687500 0.121875 0.685937 0.115625
2 0.761458 0.303125 0.717187 0.303125 0.714063 0.310937 0.631250 0.354687 0.578125 0.370312 0.553125 0.384375 0.553125 0.490625 0.579688 0.506250 0.737500 0.565625 0.756250 0.568750 0.773438 0.562500 0.787500 0.543750 0.795312 0.540625 0.795312 0.481250 0.789062 0.479687 0.782813 0.332813 0.770312 0.303125
1 0.617188 0.546875 0.570312 0.546875 0.560937 0.565625 0.553125 0.568750 0.553125 0.812500 0.557813 0.812500 0.578125 0.837500 0.598437 0.845313 0.600000 0.851562 0.742188 0.851562 0.743750 0.845313 0.767188 0.840625 0.779687 0.832812 0.795312 0.810937 0.801562 0.754687 0.807813 0.753125 0.807813 0.709375 0.801562 0.707812 0.800000 0.700000 0.798438 0.646875 0.785937 0.623437 0.767188 0.609375 0.634375 0.557813 0.625000 0.546875
0 0.765491 0.109375 0.495312 0.109375 0.473438 0.137500 0.465625 0.140625 0.465625 0.339062 0.473438 0.342187 0.490625 0.365625 0.504687 0.373437 0.537500 0.373437 0.732812 0.273438 0.784375 0.242188 0.803125 0.220312 0.807813 0.220312 0.807813 0.160938 0.801562 0.159375 0.793750 0.132812 0.773438 0.109375
0 0.753447 0.277380 0.718750 0.292187 0.693750 0.307812 0.576562 0.364063 0.546875 0.384375 0.546875 0.492188 0.553125 0.492188 0.579688 0.512500 0.739062 0.571875 0.756250 0.576562 0.776563 0.571875 0.801562 0.546875 0.807813 0.529687 0.806250 0.431250 0.803125 0.328125 0.796875 0.309375 0.781250 0.293750
0 0.235937 0.321875 0.215625 0.354687 0.209375 0.832812 0.239063 0.850000 0.326562 0.857812 0.328125 0.864062 0.492188 0.864062 0.492188 0.859375 0.518750 0.834375 0.528125 0.787500 0.529687 0.548438 0.532813 0.507812 0.539062 0.506250 0.539062 0.495312 0.534375 0.495312 0.531250 0.487500 0.525000 0.420312 0.498437 0.396875 0.337500 0.346875 0.295312 0.329688
5 0.525000 0.496875 0.501563 0.496875 0.490625 0.509375 0.479687 0.573438 0.470313 0.596875 0.437500 0.626563 0.401562 0.645312 0.393750 0.653125 0.390625 0.665625 0.370312 0.679688 0.357812 0.678125 0.307812 0.640625 0.248438 0.570312 0.239063 0.550000 0.232813 0.562500 0.231250 0.589063 0.243750 0.625000 0.320312 0.728125 0.378125 0.795312 0.398438 0.795312 0.398438 0.790625 0.443750 0.745313 0.464062 0.720313 0.503125 0.651563 0.526563 0.568750 0.532813 0.496875
5 0.350781 0.371875 0.325000 0.371875 0.323437 0.379688 0.307812 0.385937 0.251563 0.387500 0.237500 0.392188 0.232813 0.457813 0.221875 0.467187 0.221875 0.521875 0.231250 0.525000 0.242188 0.551562 0.271875 0.595313 0.303125 0.632812 0.351562 0.676562 0.367188 0.695312 0.367188 0.701562 0.390625 0.701562 0.410938 0.665625 0.475000 0.593750 0.489063 0.515625 0.495312 0.506250 0.514062 0.498437 0.518750 0.471875 0.526563 0.467187 0.526563 0.443750 0.490625 0.429688 0.464062 0.400000 0.437500 0.387500 0.409375 0.379688 0.365625 0.381250 0.359375 0.371875
5 0.244531 0.634375 0.234375 0.634375 0.234375 0.703125 0.242188 0.706250 0.256250 0.735938 0.282813 0.770312 0.360938 0.835938 0.370312 0.835938 0.396875 0.820312 0.434375 0.814063 0.496875 0.754687 0.521875 0.718750 0.529687 0.682813 0.515625 0.651563 0.507812 0.646875 0.468750 0.714063 0.410938 0.779687 0.398438 0.789062 0.378125 0.787500 0.357812 0.773438 0.321875 0.732812 0.254688 0.640625 0.254688 0.634375
