0 0.207422 0.296875 0.171880 0.292783 0.150000 0.303125 0.128125 0.325000 0.124698 0.654908 0.159375 0.656250 0.379688 0.560937 0.412500 0.532813 0.421875 0.510938 0.426563 0.476562 0.426563 0.418750 0.407813 0.389062 0.226562 0.309375 0.215625 0.303125
0 0.406142 0.000000 0.184375 0.000000 0.156250 0.040625 0.146875 0.115625 0.142187 0.135937 0.134375 0.140625 0.134375 0.165625 0.142187 0.168750 0.145313 0.185938 0.142187 0.221875 0.171875 0.260937 0.345313 0.340625 0.354687 0.345313 0.356250 0.351562 0.396875 0.351562 0.400000 0.343750 0.410938 0.340625 0.428125 0.325000 0.439063 0.296875 0.443750 0.182812 0.450000 0.100000 0.451562 0.092188 0.457813 0.090625 0.457813 0.045312 0.450000 0.042188 0.439063 0.023438 0.414062 0.000000
7 0.604531 0.378125 0.532813 0.378125 0.531250 0.384375 0.520312 0.389062 0.509375 0.400000 0.498437 0.423438 0.490625 0.425000 0.490625 0.485938 0.495312 0.485938 0.537500 0.521875 0.560937 0.531250 0.564063 0.539062 0.603125 0.539062 0.606250 0.531250 0.635938 0.515625 0.642188 0.506250 0.648438 0.476562 0.650000 0.439063 0.640625 0.414062 0.629687 0.398438 0.612500 0.384375 0.612500 0.378125
1 0.605730 0.615625 0.564063 0.615625 0.564063 0.621875 0.539062 0.648438 0.534375 0.648438 0.534375 0.887500 0.539062 0.887500 0.559375 0.910937 0.601562 0.926562 0.629687 0.929688 0.656250 0.939063 0.735938 0.937500 0.829688 0.921875 0.842187 0.901563 0.851562 0.896875 0.851562 0.846875 0.843750 0.843750 0.839063 0.828125 0.835938 0.751563 0.826562 0.721875 0.809375 0.701562 0.718750 0.662500 0.642188 0.635938 0.615625 0.621875 0.614062 0.615625
2 0.205730 0.309375 0.164062 0.309375 0.146875 0.332813 0.124217 0.632352 0.140625 0.645312 0.168750 0.643750 0.392188 0.546875 0.404687 0.532813 0.417187 0.493750 0.413559 0.447681 0.401562 0.396875 0.248438 0.332813 0.217188 0.317188
1 0.210938 0.034375 0.207813 0.042188 0.178620 0.142320 0.159375 0.235937 0.176563 0.259375 0.362500 0.343750 0.395313 0.340625 0.421875 0.320312 0.431250 0.301563 0.437500 0.264062 0.443750 0.070312 0.431250 0.048438 0.420312 0.042188 0.395313 0.040625
7 0.716406 0.384375 0.706250 0.384375 0.703125 0.404687 0.698438 0.506250 0.696875 0.512500 0.690625 0.514062 0.690625 0.601562 0.754687 0.601562 0.756250 0.595313 0.760938 0.595313 0.762500 0.601562 0.771875 0.601562 0.773438 0.595313 0.784375 0.593750 0.790625 0.584375 0.789062 0.534375 0.792188 0.507812 0.784375 0.489063 0.793750 0.465625 0.793750 0.440625 0.787500 0.423438 0.770312 0.404687 0.756250 0.396875 0.728125 0.390625 0.726562 0.384375
0 0.475000 0.559375 0.443409 0.557253 0.409375 0.567187 0.376563 0.584375 0.271875 0.626563 0.164062 0.681250 0.121875 0.695312 0.123255 0.906898 0.232813 0.906250 0.315625 0.917188 0.325000 0.920312 0.326562 0.926562 0.445312 0.926562 0.476562 0.909375 0.489063 0.895312 0.500000 0.865625 0.507812 0.781250 0.507812 0.684375 0.512500 0.637500 0.507812 0.596875 0.482812 0.565625
4 0.452930 0.584375 0.396875 0.584375 0.396875 0.589063 0.379688 0.603125 0.293750 0.631250 0.256250 0.650000 0.231250 0.650000 0.210938 0.657813 0.134375 0.706250 0.121875 0.709375 0.121875 0.896875 0.212500 0.898438 0.290625 0.910937 0.379688 0.910937 0.403125 0.914062 0.404687 0.920312 0.429688 0.920312 0.431250 0.914062 0.450000 0.904687 0.470313 0.871875 0.489063 0.853125 0.493750 0.789062 0.501563 0.765625 0.507812 0.764062 0.507812 0.726562 0.500000 0.723437 0.496875 0.712500 0.495312 0.678125 0.475000 0.632812 0.460938 0.584375
0 0.568750 0.603125 0.539062 0.632812 0.534375 0.643750 0.529914 0.875998 0.559375 0.928125 0.687500 0.943750 0.693750 0.945312 0.789062 0.943750 0.832812 0.932813 0.856250 0.906250 0.868750 0.859375 0.864062 0.759375 0.851562 0.720313 0.818750 0.690625 0.640625 0.620313 0.620313 0.610938
5 0.796094 0.246875 0.787500 0.246875 0.787500 0.254688 0.782813 0.262500 0.728125 0.320312 0.707812 0.332813 0.703125 0.332813 0.703125 0.376563 0.742188 0.387500 0.745313 0.395313 0.753125 0.395313 0.753125 0.390625 0.757812 0.387500 0.795312 0.382812 0.803125 0.378125 0.809375 0.368750 0.814063 0.368750 0.814063 0.295312 0.807813 0.293750 0.804688 0.246875
0 0.501563 0.015625 0.479687 0.042188 0.473438 0.070312 0.447186 0.495136 0.485864 0.530563 0.564063 0.564063 0.598437 0.584375 0.642188 0.596875 0.776563 0.656250 0.806250 0.656250 0.826562 0.648438 0.842187 0.635938 0.854688 0.612500 0.862500 0.576562 0.854688 0.306250 0.864062 0.137500 0.862500 0.100000 0.854688 0.065625 0.832812 0.039062 0.798438 0.023438
5 0.487500 0.201563 0.487500 0.351562 0.493750 0.378125 0.603125 0.370312 0.650000 0.356250 0.657813 0.339062 0.706250 0.342187 0.707812 0.354687 0.753125 0.359375 0.768750 0.376563 0.768750 0.367188 0.782813 0.356250 0.789062 0.362500 0.798438 0.359375 0.806250 0.217188 0.851562 0.142187 0.857812 0.110937 0.853125 0.068750 0.842187 0.059375 0.687500 0.050000 0.529687 0.028125 0.506250 0.032813 0.500000 0.050000
