4 0.468527 0.634375 0.420312 0.634375 0.420312 0.640625 0.404687 0.650000 0.382812 0.654687 0.332813 0.684375 0.281250 0.701562 0.251563 0.723437 0.206250 0.745313 0.162500 0.778125 0.128125 0.793750 0.128125 0.956250 0.143750 0.965625 0.159375 0.965625 0.167187 0.957812 0.167187 0.950000 0.182812 0.943750 0.187500 0.954688 0.175000 0.959375 0.178125 0.965625 0.190625 0.967187 0.226562 0.989062 0.264062 0.989062 0.293750 0.973437 0.323437 0.965625 0.314063 0.954688 0.315625 0.939063 0.323437 0.932813 0.339062 0.935937 0.343750 0.964063 0.356250 0.965625 0.371875 0.954688 0.387500 0.954688 0.403125 0.931250 0.415625 0.932813 0.425000 0.926562 0.446875 0.929688 0.478125 0.915625 0.487500 0.901563 0.512500 0.825000 0.512500 0.767188 0.509375 0.712500 0.501563 0.671875 0.476562 0.634375
0 0.188867 0.378125 0.132812 0.378125 0.132812 0.384375 0.121875 0.390625 0.121875 0.745313 0.178125 0.745313 0.181250 0.737500 0.203125 0.725000 0.289062 0.682813 0.370312 0.635938 0.384375 0.626563 0.403125 0.603125 0.414062 0.548438 0.420312 0.546875 0.420312 0.517188 0.414062 0.515625 0.409375 0.485938 0.389062 0.457813 0.370312 0.446875 0.212500 0.392188 0.200000 0.385937 0.196875 0.378125
2 0.188170 0.390625 0.135937 0.390625 0.134375 0.400000 0.121875 0.407813 0.121875 0.715625 0.159375 0.731250 0.173437 0.729688 0.215625 0.709375 0.376563 0.620313 0.392188 0.607812 0.404687 0.571875 0.404687 0.496875 0.387500 0.470313 0.368750 0.459375 0.309375 0.440625 0.251563 0.415625 0.218750 0.407813 0.200000 0.398438 0.196875 0.390625
0 0.471702 0.628125 0.407813 0.628125 0.403125 0.637500 0.360938 0.665625 0.292187 0.696875 0.279687 0.698438 0.240625 0.723437 0.220312 0.728125 0.215625 0.735938 0.170313 0.765625 0.121875 0.792188 0.121875 0.998437 0.201563 0.998437 0.207813 0.993750 0.218750 0.998437 0.453125 0.998437 0.490625 0.976562 0.506250 0.946875 0.514062 0.909375 0.520312 0.907813 0.520312 0.745313 0.514062 0.743750 0.504687 0.665625 0.479687 0.628125
7 0.598125 0.440625 0.484375 0.440625 0.479687 0.450000 0.465625 0.456250 0.465625 0.540625 0.475000 0.546875 0.485938 0.576562 0.503125 0.587500 0.679688 0.645312 0.695312 0.645312 0.745313 0.625000 0.756250 0.610938 0.753125 0.575000 0.746875 0.557813 0.714063 0.542188 0.695312 0.521875 0.665625 0.507812 0.653125 0.451562 0.639062 0.446875 0.615625 0.453125 0.606250 0.440625
0 0.366947 0.065625 0.165625 0.065625 0.164062 0.071875 0.143750 0.079687 0.129688 0.092188 0.121875 0.092188 0.121875 0.326562 0.128125 0.326562 0.142187 0.342187 0.162500 0.354687 0.235937 0.381250 0.276562 0.401562 0.335938 0.418750 0.362500 0.418750 0.392188 0.403125 0.406250 0.379688 0.414062 0.376563 0.414062 0.182812 0.407813 0.181250 0.404687 0.106250 0.375000 0.065625
6 0.604375 0.665625 0.571875 0.665625 0.553125 0.687500 0.546875 0.703125 0.540625 0.704688 0.540625 0.914062 0.546875 0.914062 0.578125 0.935937 0.593750 0.931250 0.626563 0.932813 0.640625 0.943750 0.648438 0.962500 0.671875 0.979688 0.729688 0.993750 0.732812 0.998437 0.765625 0.998437 0.831250 0.982812 0.842187 0.959375 0.845313 0.918750 0.864062 0.867188 0.870313 0.864062 0.862500 0.860938 0.829688 0.820312 0.828125 0.803125 0.839063 0.779687 0.839063 0.765625 0.829688 0.745313 0.810937 0.731250 0.729688 0.703125 0.675000 0.693750 0.615625 0.673438 0.612500 0.665625
0 0.729688 0.040625 0.728125 0.046875 0.703125 0.050000 0.609375 0.051562 0.521875 0.060937 0.509375 0.060937 0.495312 0.051562 0.462500 0.064062 0.440625 0.084375 0.434375 0.084375 0.434375 0.531250 0.440625 0.532813 0.454688 0.570312 0.476562 0.587500 0.589063 0.620313 0.725000 0.676562 0.784375 0.693750 0.787500 0.701562 0.801562 0.701562 0.803125 0.695312 0.820312 0.687500 0.842187 0.665625 0.851562 0.642188 0.857812 0.640625 0.857812 0.596875 0.851562 0.595313 0.831250 0.407813 0.812500 0.109375 0.806250 0.084375 0.795312 0.070312 0.762500 0.050000 0.737500 0.046875 0.735938 0.040625
6 0.266016 0.078125 0.239063 0.078125 0.232813 0.087500 0.176563 0.092188 0.137500 0.103125 0.129688 0.123438 0.128125 0.157812 0.121875 0.159375 0.121875 0.317188 0.128125 0.317188 0.170313 0.348438 0.228125 0.368750 0.278125 0.395313 0.345313 0.412500 0.364063 0.410938 0.385937 0.393750 0.400000 0.365625 0.407813 0.362500 0.407813 0.175000 0.401562 0.173437 0.392188 0.148438 0.376563 0.131250 0.323437 0.100000 0.278125 0.085938 0.275000 0.078125
5 0.754687 0.248438 0.753125 0.276562 0.742188 0.296875 0.743750 0.310937 0.771875 0.406250 0.778125 0.409375 0.803125 0.378125 0.806250 0.343750 0.790625 0.317188 0.793750 0.304688 0.785937 0.273438 0.771875 0.256250
5 0.437500 0.095312 0.434375 0.134375 0.453125 0.295312 0.460938 0.442188 0.712500 0.431250 0.714063 0.401562 0.693750 0.320312 0.643750 0.243750 0.643750 0.185938 0.653125 0.168750 0.654687 0.146875 0.535937 0.065625 0.509375 0.054688 0.489063 0.054688 0.467187 0.082812 0.448437 0.079687
