4 0.868750 0.003125 0.446875 0.003125 0.434375 0.040625 0.434375 0.093750 0.442188 0.123438 0.442188 0.146875 0.435937 0.165625 0.428125 0.168750 0.428125 0.260937 0.435937 0.264062 0.435937 0.281250 0.428125 0.285938 0.428125 0.296875 0.434375 0.298438 0.453125 0.323437 0.487500 0.343750 0.490625 0.351562 0.504687 0.351562 0.506250 0.345313 0.592187 0.309375 0.846875 0.182812 0.870313 0.164062 0.876563 0.164062 0.876563 0.003125
0 0.830208 0.228125 0.785937 0.228125 0.785937 0.232813 0.771875 0.242188 0.565625 0.346875 0.545312 0.370312 0.540625 0.370312 0.540625 0.504687 0.546875 0.504687 0.568750 0.528125 0.614062 0.553125 0.810937 0.631250 0.826562 0.631250 0.848437 0.621875 0.865625 0.601562 0.871875 0.584375 0.871875 0.287500 0.865625 0.264062 0.839063 0.234375 0.839063 0.228125
2 0.823125 0.228125 0.787500 0.235937 0.709375 0.276562 0.665625 0.306250 0.579688 0.346875 0.556250 0.365625 0.548438 0.384375 0.543077 0.404931 0.542270 0.472223 0.541059 0.497216 0.560937 0.520312 0.634247 0.551183 0.785119 0.611242 0.823845 0.614870 0.856925 0.585848 0.862500 0.509375 0.862500 0.467187 0.864062 0.456250 0.864062 0.396875 0.864062 0.368750 0.864062 0.310937 0.856250 0.260937 0.831250 0.228125
0 0.868722 0.003125 0.445312 0.003125 0.440625 0.020313 0.434375 0.021875 0.434375 0.306250 0.439063 0.306250 0.460938 0.332813 0.479687 0.343750 0.482812 0.351562 0.514062 0.351562 0.515625 0.345313 0.567187 0.325000 0.851562 0.182812 0.876563 0.162500 0.876563 0.003125
5 0.249219 0.353125 0.223438 0.353125 0.223438 0.359375 0.206250 0.378125 0.182812 0.421875 0.157812 0.503125 0.153125 0.557813 0.135937 0.609375 0.128125 0.614062 0.128125 0.760938 0.135937 0.767188 0.145313 0.835938 0.168750 0.868750 0.220312 0.846875 0.342187 0.757812 0.398438 0.726562 0.429688 0.703125 0.456250 0.690625 0.481250 0.685937 0.501563 0.671875 0.501563 0.662500 0.495312 0.660937 0.484375 0.632812 0.460938 0.601562 0.423438 0.535937 0.379688 0.476562 0.342187 0.403125 0.307812 0.364063 0.296875 0.359375 0.296875 0.353125 0.290625 0.365625 0.278125 0.365625 0.271875 0.359375 0.259375 0.360938 0.257812 0.353125
0 0.610417 0.578125 0.568750 0.578125 0.568750 0.584375 0.553125 0.596875 0.542188 0.618750 0.534375 0.621875 0.534375 0.954688 0.564063 0.975000 0.565625 0.982812 0.832812 0.982812 0.834375 0.973437 0.859375 0.934375 0.864062 0.876563 0.870313 0.875000 0.870313 0.700000 0.829688 0.664062 0.778125 0.640625 0.634375 0.590625 0.620313 0.584375 0.618750 0.578125
1 0.599956 0.578570 0.570312 0.582812 0.553125 0.596875 0.542188 0.620313 0.540625 0.637500 0.540625 0.656250 0.542188 0.667188 0.540625 0.803125 0.534375 0.804688 0.534375 0.906250 0.545497 0.924280 0.583417 0.958139 0.662500 0.960938 0.704688 0.964063 0.751563 0.964063 0.789062 0.962500 0.817187 0.953125 0.840625 0.931250 0.848437 0.914062 0.851562 0.778125 0.850000 0.692187 0.837500 0.676562 0.815625 0.664062 0.623437 0.585938
0 0.171428 0.265625 0.121875 0.265625 0.121875 0.965625 0.175000 0.975000 0.246875 0.973437 0.273438 0.976562 0.275000 0.982812 0.465625 0.982812 0.498437 0.942187 0.506250 0.909375 0.510938 0.484375 0.506250 0.420312 0.498437 0.406250 0.467187 0.381250 0.351562 0.348438 0.290625 0.325000 0.250000 0.303125 0.226562 0.296875 0.210938 0.284375 0.182812 0.273438 0.179688 0.265625
5 0.457813 0.696875 0.434375 0.696875 0.431250 0.704688 0.351562 0.753125 0.207813 0.853125 0.170313 0.867188 0.153125 0.851562 0.145313 0.850000 0.134375 0.857812 0.134375 0.926562 0.212500 0.926562 0.214062 0.920312 0.240625 0.918750 0.282813 0.906250 0.321875 0.903125 0.415625 0.882812 0.473438 0.881250 0.489063 0.876563 0.489063 0.779687 0.481250 0.775000 0.465625 0.696875
0 0.371827 0.000000 0.128125 0.000000 0.128125 0.198437 0.187500 0.239063 0.329688 0.292187 0.337500 0.301563 0.367188 0.301563 0.367188 0.296875 0.396875 0.271875 0.407813 0.245312 0.414062 0.243750 0.414062 0.056250 0.407813 0.054688 0.403125 0.034375 0.379688 0.000000
5 0.296875 0.351562 0.304688 0.356250 0.342187 0.404687 0.395313 0.495312 0.423438 0.523438 0.439063 0.554688 0.446875 0.556250 0.459375 0.528125 0.471875 0.515625 0.489063 0.460938 0.487500 0.448437 0.450000 0.431250 0.365625 0.378125 0.304688 0.351562
5 0.190938 0.303125 0.154688 0.303125 0.154688 0.309375 0.129688 0.340625 0.121875 0.343750 0.121875 0.526563 0.128125 0.528125 0.145313 0.570312 0.167187 0.457813 0.201563 0.382812 0.225000 0.356250 0.240625 0.350000 0.264062 0.357812 0.273438 0.346875 0.273438 0.340625 0.267188 0.335938 0.204687 0.310937 0.200000 0.303125
3 0.291406 0.015625 0.281250 0.015625 0.278125 0.023438 0.240625 0.029687 0.232813 0.035937 0.178125 0.043750 0.143750 0.064062 0.139063 0.073438 0.128125 0.079687 0.128125 0.171875 0.139063 0.176563 0.143750 0.204687 0.164062 0.228125 0.337500 0.293750 0.340625 0.301563 0.359375 0.301563 0.360938 0.295312 0.375000 0.290625 0.393750 0.275000 0.404687 0.253125 0.403125 0.059375 0.396875 0.050000 0.375000 0.042188 0.354687 0.023438 0.339062 0.021875 0.326562 0.032813 0.315625 0.021875 0.303125 0.021875 0.301563 0.015625
