5 0.400000 0.371875 0.376563 0.371875 0.375000 0.379688 0.314063 0.421875 0.287500 0.450000 0.225000 0.487500 0.146875 0.496875 0.146875 0.535937 0.154688 0.539062 0.162500 0.564063 0.168750 0.612500 0.234375 0.764062 0.284375 0.864062 0.320312 0.910937 0.339062 0.920312 0.340625 0.926562 0.342187 0.920312 0.401562 0.884375 0.443750 0.839063 0.489063 0.757812 0.500000 0.707812 0.507812 0.701562 0.507812 0.562500 0.501563 0.560937 0.500000 0.551562 0.498437 0.471875 0.493750 0.453125 0.484375 0.435937 0.464062 0.439063 0.415625 0.387500 0.407813 0.371875
1 0.720269 0.296495 0.698509 0.310472 0.536353 0.409805 0.539062 0.490625 0.554688 0.509375 0.575000 0.520312 0.725000 0.565625 0.748437 0.575000 0.787500 0.575000 0.814558 0.549116 0.812500 0.495312 0.807813 0.473438 0.798438 0.381250 0.790625 0.362500 0.785937 0.323437 0.761197 0.303744
7 0.355469 0.184375 0.312500 0.184375 0.295312 0.212500 0.285938 0.210938 0.268750 0.196875 0.248438 0.198437 0.232813 0.214062 0.223438 0.242188 0.209375 0.254688 0.190625 0.260937 0.190625 0.285938 0.228125 0.307812 0.309375 0.328125 0.356250 0.346875 0.387500 0.348438 0.403125 0.342187 0.412500 0.332813 0.414062 0.307812 0.420312 0.306250 0.420312 0.231250 0.414062 0.231250 0.403125 0.220312 0.382812 0.210938 0.364063 0.190625 0.364063 0.184375
4 0.593750 0.121875 0.546875 0.121875 0.535937 0.135937 0.468750 0.154688 0.440625 0.171875 0.440625 0.271875 0.446875 0.273438 0.448437 0.282813 0.451562 0.345313 0.459375 0.362500 0.470313 0.371875 0.487500 0.376563 0.489063 0.382812 0.503125 0.382812 0.504687 0.376563 0.537500 0.365625 0.682813 0.292187 0.740625 0.257812 0.753125 0.239063 0.751563 0.195312 0.735938 0.171875 0.671875 0.139063 0.607812 0.131250 0.601562 0.128125 0.601562 0.121875
0 0.587211 0.550077 0.564063 0.560937 0.546875 0.573438 0.553125 0.825000 0.557813 0.875000 0.565625 0.893750 0.582812 0.912500 0.596781 0.923670 0.707812 0.920312 0.782813 0.915625 0.818750 0.906250 0.853112 0.887980 0.864317 0.856839 0.851562 0.768750 0.835938 0.685937 0.823438 0.639062 0.787500 0.610938 0.635938 0.562500
0 0.241406 0.334375 0.218600 0.331216 0.198437 0.340625 0.173437 0.370312 0.165625 0.396875 0.159375 0.485938 0.157873 0.564730 0.153125 0.595313 0.140714 0.903258 0.178625 0.940847 0.318750 0.942187 0.415625 0.939063 0.492188 0.926562 0.526563 0.900000 0.526563 0.746875 0.519062 0.590383 0.513109 0.465177 0.501563 0.437500 0.479687 0.410938 0.423438 0.389062 0.329688 0.365625 0.250000 0.334375
0 0.756250 0.290625 0.701562 0.290625 0.698438 0.298438 0.668750 0.318750 0.606250 0.348438 0.553125 0.378125 0.540625 0.390625 0.528381 0.415813 0.534375 0.493750 0.589063 0.526563 0.770312 0.582812 0.792188 0.578125 0.820312 0.554688 0.814063 0.484375 0.809375 0.464062 0.789062 0.328125 0.764062 0.290625
0 0.535937 0.132812 0.473438 0.139063 0.449869 0.151508 0.440625 0.159375 0.446875 0.337500 0.454688 0.359375 0.476562 0.378125 0.494920 0.379894 0.518750 0.376563 0.723437 0.273438 0.743750 0.259375 0.757812 0.245312 0.764062 0.229687 0.765625 0.217188 0.762500 0.209375 0.756250 0.165625 0.734375 0.139063 0.714063 0.131250 0.606250 0.131250
2 0.614955 0.559375 0.571583 0.561969 0.547752 0.594064 0.553125 0.723437 0.554688 0.735938 0.559148 0.856402 0.581944 0.898333 0.597486 0.908167 0.804688 0.900000 0.821875 0.892188 0.839063 0.873437 0.845313 0.834375 0.843750 0.825000 0.820312 0.639062 0.789062 0.614062 0.670312 0.582812 0.631250 0.568750
0 0.384152 0.140625 0.230506 0.144095 0.220312 0.148438 0.201563 0.159375 0.178125 0.184375 0.174509 0.270722 0.186416 0.293816 0.218750 0.307812 0.357812 0.348438 0.390625 0.350000 0.409375 0.340625 0.426563 0.326562 0.426563 0.229687 0.426563 0.223438 0.426563 0.196875 0.424505 0.174458 0.400342 0.147866
