4 0.625000 0.514062 0.626563 0.559375 0.712500 0.726562 0.710938 0.753125 0.742188 0.785937 0.765625 0.832812 0.790625 0.851562 0.868750 0.851562 0.906250 0.839063 0.914062 0.831250 0.925000 0.775000 0.923438 0.629687 0.920312 0.598437 0.909375 0.579688 0.910937 0.528125 0.892188 0.485938 0.882812 0.476562 0.853125 0.471875 0.665625 0.478125 0.639062 0.490625
7 0.681250 0.332813 0.671875 0.376563 0.684375 0.431250 0.709375 0.442188 0.753125 0.440625 0.789062 0.459375 0.810937 0.456250 0.853125 0.417187 0.860938 0.376563 0.895312 0.348438 0.907813 0.326562 0.914062 0.278125 0.901563 0.232813 0.884375 0.207813 0.856250 0.189062 0.823438 0.182812 0.793750 0.185938 0.753125 0.217188 0.740625 0.234375 0.726562 0.231250 0.721875 0.251563 0.712500 0.260937 0.714063 0.285938
1 0.398438 0.764062 0.396875 0.775000 0.410938 0.776563 0.423438 0.800000 0.414062 0.809375 0.414062 0.821875 0.403125 0.825000 0.414062 0.846875 0.421875 0.848437 0.537500 0.835938 0.546875 0.846875 0.559375 0.848437 0.682813 0.851562 0.703125 0.834375 0.715625 0.804688 0.712500 0.771875 0.620313 0.601562 0.604688 0.578125 0.587500 0.565625 0.493750 0.564063 0.465625 0.584375
6 0.070312 0.629687 0.071875 0.650000 0.085938 0.656250 0.092188 0.670312 0.079687 0.735938 0.081250 0.778125 0.095312 0.790625 0.110937 0.818750 0.095312 0.834375 0.131250 0.837500 0.150000 0.832812 0.200000 0.776563 0.220312 0.781250 0.243750 0.776563 0.254688 0.784375 0.279687 0.776563 0.289062 0.785937 0.309375 0.775000 0.334375 0.807813 0.376563 0.717187 0.404687 0.643750 0.412500 0.604688 0.401562 0.578125 0.379688 0.567187 0.153125 0.565625 0.092188 0.576562 0.078125 0.593750
5 0.275000 0.175000 0.267188 0.300000 0.271875 0.348438 0.462500 0.337500 0.487500 0.315625 0.525000 0.301563 0.562500 0.304688 0.590625 0.317188 0.606250 0.335938 0.650000 0.260937 0.643750 0.229687 0.618750 0.215625 0.592187 0.215625 0.550000 0.203125 0.376563 0.175000 0.312500 0.175000 0.287500 0.168750 0.278125 0.168750
5 0.278125 0.404687 0.271875 0.410938 0.275000 0.431250 0.284375 0.445312 0.281250 0.460938 0.290625 0.504687 0.289062 0.531250 0.303125 0.539062 0.342187 0.535937 0.368750 0.525000 0.428125 0.525000 0.476562 0.514062 0.546875 0.445312 0.578125 0.393750 0.507812 0.400000 0.459375 0.381250
5 0.209375 0.212500 0.203125 0.223438 0.210938 0.315625 0.207813 0.348438 0.271875 0.348438 0.273438 0.217188 0.257812 0.206250 0.226562 0.206250
5 0.206250 0.414062 0.209375 0.431250 0.203125 0.465625 0.209375 0.496875 0.242188 0.506250 0.253125 0.526563 0.262500 0.521875 0.267188 0.501563 0.282813 0.512500 0.268750 0.410938 0.250000 0.406250
5 0.115625 0.214062 0.117188 0.357812 0.203125 0.351562 0.212500 0.331250 0.203125 0.212500
5 0.110937 0.418750 0.103125 0.501563 0.107813 0.518750 0.134375 0.517188 0.153125 0.532813 0.167187 0.534375 0.234375 0.521875 0.234375 0.501563 0.215625 0.503125 0.201563 0.484375 0.203125 0.412500
0 0.767188 0.160938 0.765625 0.162500 0.759375 0.162500 0.757812 0.164062 0.754687 0.164062 0.751563 0.167187 0.750000 0.167187 0.746875 0.170313 0.745313 0.170313 0.732812 0.182812 0.732812 0.184375 0.731250 0.185938 0.731250 0.187500 0.728125 0.190625 0.728125 0.193750 0.726562 0.195312 0.726562 0.196875 0.725000 0.198437 0.725000 0.200000 0.723437 0.201563 0.723437 0.204687 0.721875 0.206250 0.721875 0.207813 0.720313 0.209375 0.720313 0.210938 0.718750 0.212500 0.718750 0.214062 0.717187 0.215625 0.717187 0.218750 0.715625 0.220312 0.715625 0.221875 0.714063 0.223438 0.714063 0.231250 0.712500 0.232813 0.712500 0.235937 0.710938 0.237500 0.710938 0.240625 0.709375 0.242188 0.709375 0.245312 0.707812 0.246875 0.707812 0.248438 0.706250 0.250000 0.706250 0.253125 0.704688 0.254688 0.704688 0.259375 0.703125 0.260937 0.703125 0.264062 0.701562 0.265625 0.701562 0.268750 0.700000 0.270313 0.700000 0.273438 0.698438 0.275000 0.698438 0.276562 0.696875 0.278125 0.696875 0.282813 0.695312 0.284375 0.695312 0.287500 0.693750 0.289062 0.693750 0.290625 0.692187 0.292187 0.692187 0.293750 0.690625 0.295312 0.690625 0.298438 0.689063 0.300000 0.689063 0.303125 0.687500 0.304688 0.687500 0.306250 0.685937 0.307812 0.685937 0.314063 0.684375 0.315625 0.684375 0.317188 0.681250 0.320312 0.681250 0.323437 0.679688 0.325000 0.679688 0.328125 0.678125 0.329688 0.678125 0.335938 0.676562 0.337500 0.676562 0.339062 0.675000 0.340625 0.675000 0.343750 0.673438 0.345313 0.673438 0.348438 0.671875 0.350000 0.671875 0.353125 0.670312 0.354687 0.670312 0.356250 0.668750 0.357812 0.668750 0.360938 0.667188 0.362500 0.667188 0.365625 0.665625 0.367188 0.665625 0.370312 0.664062 0.371875 0.664062 0.373437 0.662500 0.375000 0.662500 0.378125 0.660937 0.379688 0.660937 0.382812 0.659375 0.384375 0.659375 0.410938 0.660937 0.412500 0.660937 0.417187 0.662500 0.418750 0.662500 0.420312 0.664062 0.421875 0.664062 0.423438 0.668750 0.428125 0.668750 0.429688 0.673438 0.434375 0.673438 0.435937 0.681250 0.443750 0.682813 0.443750 0.685937 0.446875 0.687500 0.446875 0.690625 0.450000 0.693750 0.450000 0.695312 0.451562 0.698438 0.451562 0.700000 0.453125 0.754687 0.453125 0.756250 0.451562 0.784375 0.451562 0.785937 0.453125 0.823438 0.453125 0.825000 0.451562 0.834375 0.451562 0.835938 0.453125 0.857812 0.453125 0.859375 0.451562 0.860938 0.451562 0.862500 0.453125 0.875000 0.453125 0.876563 0.451562 0.887500 0.451562 0.889062 0.450000 0.893750 0.450000 0.895312 0.448437 0.896875 0.448437 0.898438 0.446875 0.900000 0.446875 0.901563 0.445312 0.903125 0.445312 0.914062 0.434375 0.915625 0.434375 0.917188 0.432812 0.917188 0.431250 0.921875 0.426563 0.921875 0.425000 0.925000 0.421875 0.925000 0.420312 0.926562 0.418750 0.926562 0.415625 0.928125 0.414062 0.928125 0.409375 0.929688 0.407813 0.929688 0.406250 0.931250 0.404687 0.931250 0.403125 0.932813 0.401562 0.932813 0.389062 0.934375 0.387500 0.934375 0.378125 0.932813 0.376563 0.932813 0.371875 0.931250 0.370312 0.931250 0.354687 0.932813 0.353125 0.932813 0.318750 0.931250 0.317188 0.931250 0.306250 0.932813 0.304688 0.932813 0.300000 0.934375 0.298438 0.934375 0.278125 0.932813 0.276562 0.932813 0.246875 0.931250 0.245312 0.931250 0.201563 0.929688 0.200000 0.929688 0.196875 0.928125 0.195312 0.928125 0.190625 0.926562 0.189062 0.926562 0.187500 0.925000 0.185938 0.925000 0.184375 0.915625 0.175000 0.914062 0.175000 0.910937 0.171875 0.909375 0.171875 0.907813 0.170313 0.904687 0.170313 0.903125 0.168750 0.901563 0.168750 0.900000 0.167187 0.898438 0.167187 0.896875 0.165625 0.895312 0.165625 0.893750 0.164062 0.887500 0.164062 0.885938 0.162500 0.856250 0.162500 0.854688 0.160938 0.790625 0.160938 0.789062 0.162500 0.776563 0.162500 0.775000 0.160938
0 0.667188 0.470313 0.665625 0.471875 0.660937 0.471875 0.659375 0.473438 0.656250 0.473438 0.654687 0.475000 0.651563 0.475000 0.650000 0.476562 0.646875 0.476562 0.643750 0.479687 0.642188 0.479687 0.639062 0.482812 0.637500 0.482812 0.635938 0.484375 0.634375 0.484375 0.631250 0.487500 0.629687 0.487500 0.626563 0.490625 0.626563 0.492188 0.623437 0.495312 0.623437 0.496875 0.621875 0.498437 0.621875 0.501563 0.620313 0.503125 0.620313 0.514062 0.618750 0.515625 0.618750 0.518750 0.617188 0.520312 0.617188 0.532813 0.618750 0.534375 0.618750 0.539062 0.620313 0.540625 0.620313 0.546875 0.621875 0.548438 0.621875 0.553125 0.623437 0.554688 0.623437 0.556250 0.625000 0.557813 0.625000 0.562500 0.626563 0.564063 0.626563 0.565625 0.628125 0.567187 0.628125 0.568750 0.631250 0.571875 0.631250 0.573438 0.635938 0.578125 0.635938 0.579688 0.637500 0.581250 0.637500 0.582812 0.639062 0.584375 0.639062 0.585938 0.640625 0.587500 0.640625 0.590625 0.642188 0.592187 0.642188 0.595313 0.643750 0.596875 0.643750 0.598437 0.645312 0.600000 0.645312 0.601562 0.646875 0.603125 0.646875 0.604688 0.648438 0.606250 0.648438 0.607812 0.651563 0.610938 0.651563 0.612500 0.654687 0.615625 0.654687 0.618750 0.656250 0.620313 0.656250 0.621875 0.657813 0.623437 0.657813 0.625000 0.659375 0.626563 0.659375 0.628125 0.660937 0.629687 0.660937 0.631250 0.662500 0.632812 0.662500 0.634375 0.664062 0.635938 0.664062 0.639062 0.665625 0.640625 0.665625 0.642188 0.668750 0.645312 0.668750 0.646875 0.673438 0.651563 0.673438 0.653125 0.675000 0.654687 0.675000 0.659375 0.676562 0.660937 0.676562 0.662500 0.678125 0.664062 0.678125 0.665625 0.679688 0.667188 0.679688 0.668750 0.681250 0.670312 0.681250 0.671875 0.682813 0.673438 0.682813 0.675000 0.684375 0.676562 0.684375 0.678125 0.685937 0.679688 0.685937 0.681250 0.689063 0.684375 0.689063 0.685937 0.692187 0.689063 0.692187 0.690625 0.695312 0.693750 0.695312 0.695312 0.698438 0.698438 0.698438 0.700000 0.700000 0.701562 0.700000 0.704688 0.701562 0.706250 0.701562 0.707812 0.703125 0.709375 0.703125 0.710938 0.704688 0.712500 0.704688 0.714063 0.706250 0.715625 0.706250 0.717187 0.707812 0.718750 0.707812 0.720313 0.710938 0.723437 0.710938 0.725000 0.714063 0.728125 0.714063 0.729688 0.715625 0.731250 0.715625 0.732812 0.717187 0.734375 0.717187 0.737500 0.718750 0.739062 0.718750 0.740625 0.720313 0.742188 0.720313 0.743750 0.721875 0.745313 0.721875 0.746875 0.725000 0.750000 0.725000 0.753125 0.726562 0.754687 0.726562 0.756250 0.729688 0.759375 0.729688 0.760938 0.731250 0.762500 0.731250 0.764062 0.732812 0.765625 0.732812 0.767188 0.740625 0.775000 0.742188 0.775000 0.743750 0.776563 0.743750 0.790625 0.745313 0.792188 0.745313 0.795312 0.746875 0.796875 0.746875 0.798438 0.748437 0.800000 0.748437 0.804688 0.750000 0.806250 0.750000 0.809375 0.751563 0.810937 0.751563 0.812500 0.754687 0.815625 0.754687 0.817187 0.757812 0.820312 0.757812 0.821875 0.762500 0.826562 0.762500 0.828125 0.764062 0.829688 0.764062 0.831250 0.765625 0.832812 0.765625 0.834375 0.767188 0.835938 0.767188 0.837500 0.768750 0.839063 0.768750 0.840625 0.770312 0.842187 0.773438 0.842187 0.775000 0.843750 0.778125 0.843750 0.781250 0.846875 0.782813 0.846875 0.787500 0.851562 0.789062 0.851562 0.795312 0.857812 0.842187 0.857812 0.843750 0.856250 0.848437 0.856250 0.850000 0.854688 0.859375 0.854688 0.860938 0.853125 0.868750 0.853125 0.870313 0.851562 0.881250 0.851562 0.882812 0.850000 0.885938 0.850000 0.887500 0.848437 0.892188 0.848437 0.893750 0.846875 0.896875 0.846875 0.898438 0.845313 0.900000 0.845313 0.901563 0.843750 0.903125 0.843750 0.904687 0.842187 0.906250 0.842187 0.920312 0.828125 0.920312 0.826562 0.921875 0.825000 0.921875 0.823438 0.923438 0.821875 0.923438 0.818750 0.925000 0.817187 0.925000 0.810937 0.926562 0.809375 0.926562 0.804688 0.928125 0.803125 0.928125 0.789062 0.926562 0.787500 0.926562 0.737500 0.928125 0.735938 0.928125 0.676562 0.929688 0.675000 0.929688 0.654687 0.928125 0.653125 0.928125 0.598437 0.929688 0.596875 0.929688 0.578125 0.928125 0.576562 0.928125 0.567187 0.929688 0.565625 0.929688 0.546875 0.928125 0.545312 0.928125 0.532813 0.926562 0.531250 0.928125 0.529687 0.928125 0.526563 0.929688 0.525000 0.929688 0.510938 0.928125 0.509375 0.928125 0.506250 0.926562 0.504687 0.926562 0.503125 0.925000 0.501563 0.925000 0.500000 0.921875 0.496875 0.921875 0.493750 0.918750 0.490625 0.918750 0.489063 0.909375 0.479687 0.907813 0.479687 0.904687 0.476562 0.903125 0.476562 0.901563 0.475000 0.898438 0.475000 0.896875 0.473438 0.893750 0.473438 0.892188 0.471875 0.887500 0.471875 0.885938 0.470313 0.867188 0.470313 0.865625 0.471875 0.859375 0.471875 0.857812 0.470313 0.842187 0.470313 0.840625 0.471875 0.818750 0.471875 0.817187 0.470313 0.790625 0.470313 0.789062 0.471875 0.778125 0.471875 0.776563 0.470313 0.701562 0.470313 0.700000 0.471875 0.693750 0.471875 0.692187 0.470313
0 0.510938 0.559375 0.509375 0.560937 0.507812 0.560937 0.506250 0.562500 0.498437 0.562500 0.496875 0.564063 0.492188 0.564063 0.490625 0.565625 0.489063 0.565625 0.487500 0.567187 0.485938 0.567187 0.484375 0.568750 0.478125 0.568750 0.476562 0.570312 0.473438 0.570312 0.471875 0.571875 0.470313 0.571875 0.462500 0.579688 0.462500 0.581250 0.460938 0.582812 0.460938 0.584375 0.459375 0.585938 0.459375 0.587500 0.457813 0.589063 0.457813 0.590625 0.456250 0.592187 0.456250 0.595313 0.454688 0.596875 0.454688 0.600000 0.453125 0.601562 0.453125 0.606250 0.451562 0.607812 0.451562 0.609375 0.450000 0.610938 0.450000 0.612500 0.448437 0.614062 0.448437 0.615625 0.446875 0.617188 0.446875 0.621875 0.445312 0.623437 0.445312 0.628125 0.442188 0.631250 0.442188 0.632812 0.440625 0.634375 0.440625 0.635938 0.439063 0.637500 0.439063 0.639062 0.437500 0.640625 0.437500 0.643750 0.435937 0.645312 0.435937 0.651563 0.434375 0.653125 0.434375 0.656250 0.432812 0.657813 0.432812 0.659375 0.429688 0.662500 0.429688 0.665625 0.428125 0.667188 0.428125 0.668750 0.426563 0.670312 0.426563 0.671875 0.425000 0.673438 0.425000 0.675000 0.423438 0.676562 0.423438 0.679688 0.421875 0.681250 0.421875 0.682813 0.420312 0.684375 0.420312 0.685937 0.418750 0.687500 0.418750 0.690625 0.417187 0.692187 0.417187 0.695312 0.415625 0.696875 0.415625 0.700000 0.414062 0.701562 0.414062 0.706250 0.412500 0.707812 0.412500 0.709375 0.410938 0.710938 0.410938 0.712500 0.409375 0.714063 0.409375 0.717187 0.407813 0.718750 0.407813 0.720313 0.406250 0.721875 0.406250 0.723437 0.404687 0.725000 0.404687 0.728125 0.403125 0.729688 0.403125 0.731250 0.401562 0.732812 0.401562 0.735938 0.400000 0.737500 0.400000 0.739062 0.398438 0.740625 0.398438 0.742188 0.396875 0.743750 0.396875 0.746875 0.395313 0.748437 0.395313 0.751563 0.393750 0.753125 0.393750 0.754687 0.392188 0.756250 0.392188 0.759375 0.390625 0.760938 0.390625 0.767188 0.389062 0.768750 0.389062 0.771875 0.387500 0.773438 0.387500 0.776563 0.385937 0.778125 0.385937 0.781250 0.384375 0.782813 0.384375 0.785937 0.382812 0.787500 0.382812 0.795312 0.381250 0.796875 0.381250 0.801562 0.379688 0.803125 0.379688 0.820312 0.381250 0.821875 0.381250 0.828125 0.382812 0.829688 0.382812 0.832812 0.384375 0.834375 0.384375 0.835938 0.385937 0.837500 0.385937 0.839063 0.387500 0.840625 0.387500 0.842187 0.389062 0.843750 0.389062 0.845313 0.398438 0.854688 0.400000 0.854688 0.401562 0.856250 0.403125 0.856250 0.404687 0.857812 0.406250 0.857812 0.407813 0.859375 0.410938 0.859375 0.412500 0.860938 0.415625 0.860938 0.417187 0.862500 0.420312 0.862500 0.421875 0.864062 0.425000 0.864062 0.426563 0.865625 0.484375 0.865625 0.485938 0.864062 0.490625 0.864062 0.492188 0.862500 0.498437 0.862500 0.500000 0.864062 0.514062 0.864062 0.515625 0.862500 0.517188 0.862500 0.518750 0.860938 0.604688 0.860938 0.606250 0.859375 0.665625 0.859375 0.667188 0.857812 0.673438 0.857812 0.675000 0.856250 0.678125 0.856250 0.679688 0.854688 0.681250 0.854688 0.682813 0.853125 0.685937 0.853125 0.687500 0.851562 0.689063 0.851562 0.690625 0.850000 0.692187 0.850000 0.695312 0.846875 0.696875 0.846875 0.700000 0.843750 0.701562 0.843750 0.704688 0.840625 0.704688 0.839063 0.709375 0.834375 0.709375 0.832812 0.712500 0.829688 0.712500 0.828125 0.714063 0.826562 0.714063 0.825000 0.715625 0.823438 0.715625 0.820312 0.717187 0.818750 0.717187 0.814063 0.718750 0.812500 0.718750 0.807813 0.720313 0.806250 0.720313 0.803125 0.721875 0.801562 0.721875 0.784375 0.720313 0.782813 0.720313 0.779687 0.718750 0.778125 0.718750 0.776563 0.717187 0.775000 0.717187 0.771875 0.715625 0.770312 0.715625 0.768750 0.714063 0.767188 0.714063 0.765625 0.712500 0.764062 0.712500 0.760938 0.709375 0.757812 0.709375 0.756250 0.707812 0.754687 0.707812 0.753125 0.704688 0.750000 0.704688 0.746875 0.701562 0.743750 0.701562 0.740625 0.700000 0.739062 0.700000 0.737500 0.698438 0.735938 0.698438 0.732812 0.696875 0.731250 0.696875 0.729688 0.695312 0.728125 0.695312 0.726562 0.693750 0.725000 0.693750 0.723437 0.692187 0.721875 0.692187 0.720313 0.689063 0.717187 0.689063 0.714063 0.685937 0.710938 0.685937 0.709375 0.684375 0.707812 0.684375 0.706250 0.681250 0.703125 0.681250 0.701562 0.678125 0.698438 0.678125 0.695312 0.676562 0.693750 0.676562 0.692187 0.675000 0.690625 0.675000 0.687500 0.673438 0.685937 0.673438 0.684375 0.670312 0.681250 0.670312 0.679688 0.665625 0.675000 0.665625 0.673438 0.662500 0.670312 0.662500 0.668750 0.660937 0.667188 0.660937 0.665625 0.659375 0.664062 0.659375 0.660937 0.657813 0.659375 0.657813 0.656250 0.656250 0.654687 0.656250 0.653125 0.654687 0.651563 0.654687 0.650000 0.653125 0.648438 0.653125 0.645312 0.651563 0.643750 0.651563 0.642188 0.648438 0.639062 0.648438 0.637500 0.646875 0.635938 0.646875 0.634375 0.643750 0.631250 0.643750 0.629687 0.642188 0.628125 0.642188 0.625000 0.640625 0.623437 0.640625 0.621875 0.639062 0.620313 0.639062 0.618750 0.634375 0.614062 0.634375 0.612500 0.632812 0.610938 0.632812 0.609375 0.631250 0.607812 0.631250 0.606250 0.628125 0.603125 0.628125 0.601562 0.620313 0.593750 0.620313 0.592187 0.618750 0.590625 0.618750 0.587500 0.617188 0.585938 0.617188 0.584375 0.615625 0.582812 0.615625 0.581250 0.601562 0.567187 0.600000 0.567187 0.598437 0.565625 0.596875 0.565625 0.595313 0.564063 0.592187 0.564063 0.590625 0.562500 0.559375 0.562500 0.557813 0.560937 0.535937 0.560937 0.534375 0.562500 0.532813 0.562500 0.531250 0.560937 0.525000 0.560937 0.523438 0.559375
0 0.345313 0.559375 0.343750 0.560937 0.325000 0.560937 0.323437 0.562500 0.268750 0.562500 0.267188 0.564063 0.248438 0.564063 0.246875 0.565625 0.195312 0.565625 0.193750 0.567187 0.146875 0.567187 0.145313 0.565625 0.121875 0.565625 0.120313 0.564063 0.104688 0.564063 0.103125 0.565625 0.098437 0.565625 0.096875 0.567187 0.092188 0.567187 0.090625 0.568750 0.085938 0.568750 0.084375 0.570312 0.081250 0.570312 0.079687 0.571875 0.076563 0.571875 0.075000 0.573438 0.073438 0.573438 0.070312 0.576562 0.068750 0.576562 0.065625 0.579688 0.064062 0.579688 0.059375 0.584375 0.057813 0.584375 0.057813 0.585938 0.053125 0.590625 0.053125 0.593750 0.051562 0.595313 0.051562 0.596875 0.050000 0.598437 0.050000 0.601562 0.048438 0.603125 0.048438 0.607812 0.046875 0.609375 0.046875 0.629687 0.048438 0.631250 0.048438 0.776563 0.050000 0.778125 0.050000 0.820312 0.051562 0.821875 0.051562 0.829688 0.053125 0.831250 0.053125 0.834375 0.054688 0.835938 0.054688 0.839063 0.057813 0.842187 0.057813 0.843750 0.059375 0.845313 0.059375 0.846875 0.068750 0.856250 0.068750 0.857812 0.075000 0.864062 0.076563 0.864062 0.078125 0.865625 0.079687 0.865625 0.081250 0.867188 0.082812 0.867188 0.084375 0.868750 0.089063 0.868750 0.090625 0.870313 0.103125 0.870313 0.104688 0.868750 0.118750 0.868750 0.120313 0.870313 0.165625 0.870313 0.167187 0.871875 0.217188 0.871875 0.218750 0.870313 0.237500 0.870313 0.239063 0.871875 0.278125 0.871875 0.279687 0.870313 0.301563 0.870313 0.303125 0.868750 0.307812 0.868750 0.309375 0.867188 0.310937 0.867188 0.312500 0.865625 0.314063 0.865625 0.315625 0.864062 0.317188 0.864062 0.320312 0.860938 0.321875 0.860938 0.323437 0.859375 0.325000 0.859375 0.326562 0.857812 0.328125 0.857812 0.337500 0.848437 0.337500 0.846875 0.345313 0.839063 0.345313 0.837500 0.346875 0.835938 0.346875 0.834375 0.350000 0.831250 0.350000 0.829688 0.351562 0.828125 0.351562 0.826562 0.353125 0.825000 0.353125 0.823438 0.354687 0.821875 0.354687 0.818750 0.356250 0.817187 0.356250 0.810937 0.357812 0.809375 0.357812 0.804688 0.359375 0.803125 0.359375 0.798438 0.360938 0.796875 0.360938 0.795312 0.362500 0.793750 0.362500 0.792188 0.364063 0.790625 0.364063 0.789062 0.365625 0.787500 0.365625 0.785937 0.367188 0.784375 0.367188 0.781250 0.368750 0.779687 0.368750 0.775000 0.370312 0.773438 0.370312 0.771875 0.371875 0.770312 0.371875 0.767188 0.373437 0.765625 0.373437 0.762500 0.375000 0.760938 0.375000 0.757812 0.376563 0.756250 0.376563 0.753125 0.378125 0.751563 0.378125 0.746875 0.379688 0.745313 0.379688 0.743750 0.381250 0.742188 0.381250 0.739062 0.382812 0.737500 0.382812 0.734375 0.384375 0.732812 0.384375 0.729688 0.385937 0.728125 0.385937 0.723437 0.387500 0.721875 0.387500 0.720313 0.389062 0.718750 0.389062 0.717187 0.390625 0.715625 0.390625 0.712500 0.392188 0.710938 0.392188 0.709375 0.393750 0.707812 0.393750 0.706250 0.395313 0.704688 0.395313 0.703125 0.398438 0.700000 0.398438 0.698438 0.400000 0.696875 0.400000 0.695312 0.401562 0.693750 0.401562 0.692187 0.403125 0.690625 0.403125 0.689063 0.404687 0.687500 0.404687 0.684375 0.407813 0.681250 0.407813 0.678125 0.409375 0.676562 0.409375 0.673438 0.410938 0.671875 0.410938 0.668750 0.412500 0.667188 0.412500 0.665625 0.414062 0.664062 0.414062 0.660937 0.415625 0.659375 0.415625 0.656250 0.417187 0.654687 0.417187 0.651563 0.418750 0.650000 0.418750 0.645312 0.420312 0.643750 0.420312 0.640625 0.421875 0.639062 0.421875 0.631250 0.423438 0.629687 0.423438 0.625000 0.425000 0.623437 0.425000 0.600000 0.423438 0.598437 0.423438 0.595313 0.421875 0.593750 0.421875 0.592187 0.420312 0.590625 0.420312 0.589063 0.418750 0.587500 0.418750 0.585938 0.410938 0.578125 0.410938 0.576562 0.407813 0.573438 0.407813 0.571875 0.403125 0.567187 0.401562 0.567187 0.400000 0.565625 0.398438 0.565625 0.396875 0.564063 0.395313 0.564063 0.393750 0.562500 0.390625 0.562500 0.389062 0.560937 0.376563 0.560937 0.375000 0.559375
0 0.085938 0.148438 0.084375 0.150000 0.079687 0.150000 0.078125 0.151562 0.076563 0.151562 0.075000 0.153125 0.071875 0.153125 0.070312 0.154688 0.067187 0.154688 0.065625 0.156250 0.064062 0.156250 0.062500 0.157812 0.060937 0.157812 0.056250 0.162500 0.054688 0.162500 0.051562 0.165625 0.051562 0.167187 0.048438 0.170313 0.048438 0.171875 0.045312 0.175000 0.045312 0.178125 0.043750 0.179688 0.043750 0.182812 0.042188 0.184375 0.042188 0.192188 0.040625 0.193750 0.040625 0.201563 0.039062 0.203125 0.039062 0.257812 0.040625 0.259375 0.040625 0.359375 0.042188 0.360938 0.042188 0.412500 0.040625 0.414062 0.040625 0.445312 0.042188 0.446875 0.042188 0.490625 0.043750 0.492188 0.043750 0.500000 0.045312 0.501563 0.045312 0.504687 0.046875 0.506250 0.046875 0.507812 0.048438 0.509375 0.048438 0.510938 0.050000 0.512500 0.050000 0.514062 0.053125 0.517188 0.053125 0.518750 0.059375 0.525000 0.060937 0.525000 0.068750 0.532813 0.070312 0.532813 0.071875 0.534375 0.073438 0.534375 0.075000 0.535937 0.076563 0.535937 0.078125 0.537500 0.081250 0.537500 0.082812 0.539062 0.087500 0.539062 0.089063 0.540625 0.092188 0.540625 0.093750 0.542188 0.118750 0.542188 0.120313 0.540625 0.126562 0.540625 0.128125 0.542188 0.207813 0.542188 0.209375 0.543750 0.242188 0.543750 0.243750 0.542188 0.250000 0.542188 0.251563 0.543750 0.257812 0.543750 0.259375 0.545312 0.287500 0.545312 0.289062 0.543750 0.317188 0.543750 0.318750 0.542188 0.325000 0.542188 0.326562 0.540625 0.335938 0.540625 0.337500 0.542188 0.373437 0.542188 0.375000 0.540625 0.410938 0.540625 0.412500 0.542188 0.418750 0.542188 0.420312 0.540625 0.429688 0.540625 0.431250 0.542188 0.454688 0.542188 0.456250 0.543750 0.462500 0.543750 0.464062 0.545312 0.487500 0.545312 0.489063 0.543750 0.496875 0.543750 0.498437 0.542188 0.518750 0.542188 0.520312 0.540625 0.551562 0.540625 0.553125 0.539062 0.557813 0.539062 0.559375 0.537500 0.562500 0.537500 0.564063 0.535937 0.565625 0.535937 0.567187 0.534375 0.568750 0.534375 0.570312 0.532813 0.571875 0.532813 0.584375 0.520312 0.584375 0.518750 0.587500 0.515625 0.587500 0.514062 0.590625 0.510938 0.590625 0.509375 0.592187 0.507812 0.592187 0.506250 0.593750 0.504687 0.593750 0.503125 0.595313 0.501563 0.595313 0.500000 0.596875 0.498437 0.596875 0.496875 0.598437 0.495312 0.598437 0.493750 0.600000 0.492188 0.600000 0.484375 0.601562 0.482812 0.601562 0.478125 0.603125 0.476562 0.603125 0.473438 0.604688 0.471875 0.604688 0.468750 0.606250 0.467187 0.606250 0.464062 0.607812 0.462500 0.607812 0.459375 0.609375 0.457813 0.609375 0.456250 0.610938 0.454688 0.610938 0.451562 0.612500 0.450000 0.612500 0.448437 0.614062 0.446875 0.614062 0.443750 0.615625 0.442188 0.615625 0.439063 0.617188 0.437500 0.617188 0.435937 0.618750 0.434375 0.618750 0.432812 0.620313 0.431250 0.620313 0.428125 0.621875 0.426563 0.621875 0.423438 0.623437 0.421875 0.623437 0.420312 0.625000 0.418750 0.625000 0.417187 0.626563 0.415625 0.626563 0.412500 0.628125 0.410938 0.628125 0.406250 0.629687 0.404687 0.629687 0.401562 0.631250 0.400000 0.631250 0.396875 0.632812 0.395313 0.632812 0.392188 0.634375 0.390625 0.634375 0.387500 0.635938 0.385937 0.635938 0.382812 0.637500 0.381250 0.637500 0.378125 0.639062 0.376563 0.639062 0.373437 0.640625 0.371875 0.640625 0.367188 0.642188 0.365625 0.642188 0.360938 0.643750 0.359375 0.643750 0.354687 0.645312 0.353125 0.645312 0.348438 0.646875 0.346875 0.646875 0.345313 0.648438 0.343750 0.648438 0.342187 0.651563 0.339062 0.651563 0.337500 0.653125 0.335938 0.653125 0.334375 0.654687 0.332813 0.654687 0.329688 0.656250 0.328125 0.656250 0.323437 0.657813 0.321875 0.657813 0.315625 0.659375 0.314063 0.659375 0.312500 0.660937 0.310937 0.660937 0.307812 0.662500 0.306250 0.662500 0.304688 0.664062 0.303125 0.664062 0.301563 0.665625 0.300000 0.665625 0.295312 0.667188 0.293750 0.667188 0.289062 0.668750 0.287500 0.668750 0.285938 0.670312 0.284375 0.670312 0.282813 0.671875 0.281250 0.671875 0.279687 0.673438 0.278125 0.673438 0.276562 0.675000 0.275000 0.675000 0.273438 0.676562 0.271875 0.676562 0.270313 0.678125 0.268750 0.678125 0.267188 0.679688 0.265625 0.679688 0.262500 0.681250 0.260937 0.681250 0.257812 0.682813 0.256250 0.682813 0.253125 0.684375 0.251563 0.684375 0.246875 0.685937 0.245312 0.685937 0.235937 0.687500 0.234375 0.687500 0.231250 0.689063 0.229687 0.689063 0.226562 0.690625 0.225000 0.690625 0.201563 0.689063 0.200000 0.689063 0.195312 0.687500 0.193750 0.687500 0.192188 0.685937 0.190625 0.685937 0.189062 0.684375 0.187500 0.684375 0.185938 0.679688 0.181250 0.679688 0.179688 0.668750 0.168750 0.667188 0.168750 0.665625 0.167187 0.664062 0.167187 0.662500 0.165625 0.660937 0.165625 0.659375 0.164062 0.656250 0.164062 0.654687 0.162500 0.645312 0.162500 0.643750 0.160938 0.629687 0.160938 0.628125 0.159375 0.621875 0.159375 0.620313 0.157812 0.582812 0.157812 0.581250 0.156250 0.540625 0.156250 0.539062 0.154688 0.520312 0.154688 0.518750 0.156250 0.426563 0.156250 0.425000 0.154688 0.401562 0.154688 0.400000 0.156250 0.365625 0.156250 0.364063 0.154688 0.314063 0.154688 0.312500 0.153125 0.296875 0.153125 0.295312 0.151562 0.220312 0.151562 0.218750 0.150000 0.143750 0.150000 0.142187 0.148438 0.118750 0.148438 0.117188 0.150000 0.107813 0.150000 0.106250 0.148438
