0 0.434375 0.000000 0.121875 0.000000 0.121875 0.215625 0.353125 0.289062 0.354687 0.295312 0.392188 0.295312 0.395313 0.287500 0.414062 0.278125 0.437500 0.253125 0.445312 0.221875 0.451562 0.220312 0.445312 0.218750 0.451562 0.214062 0.451562 0.012500 0.445312 0.010937 0.442188 0.000000
2 0.867188 0.215625 0.857812 0.215625 0.853125 0.225000 0.809375 0.250000 0.639062 0.334375 0.617188 0.350000 0.598437 0.379688 0.590625 0.382812 0.590625 0.492188 0.596875 0.493750 0.620313 0.529687 0.679688 0.556250 0.814063 0.604688 0.860938 0.628125 0.867188 0.639062 0.876563 0.639062 0.876563 0.215625
0 0.868628 0.003125 0.471875 0.003125 0.471875 0.296875 0.476562 0.296875 0.498437 0.321875 0.517188 0.331250 0.520312 0.339062 0.570312 0.339062 0.573438 0.331250 0.625000 0.303125 0.876563 0.176563 0.876563 0.003125
4 0.705556 0.596875 0.637500 0.596875 0.637500 0.601562 0.614062 0.620313 0.601562 0.646875 0.595313 0.737500 0.579688 0.779687 0.571875 0.782813 0.571875 0.821875 0.585938 0.829688 0.590625 0.845313 0.590625 0.918750 0.593750 0.926562 0.606250 0.934375 0.612500 0.950000 0.610938 0.959375 0.595313 0.971875 0.593750 0.998437 0.876563 0.998437 0.876563 0.667188 0.806250 0.637500 0.759375 0.628125 0.717187 0.604688 0.714063 0.596875
6 0.868636 0.000000 0.551562 0.000000 0.542188 0.017188 0.485938 0.032813 0.478125 0.053125 0.471875 0.054688 0.471875 0.275000 0.478125 0.276562 0.496875 0.312500 0.509375 0.325000 0.525000 0.331250 0.528125 0.339062 0.554688 0.339062 0.557813 0.331250 0.684375 0.271875 0.737500 0.239063 0.876563 0.171875 0.876563 0.000000
0 0.693555 0.590625 0.637500 0.590625 0.610938 0.617188 0.601562 0.637500 0.593750 0.714063 0.589063 0.848437 0.592187 0.981250 0.587500 0.998437 0.876563 0.998437 0.876563 0.659375 0.865625 0.659375 0.800000 0.631250 0.715625 0.604688
0 0.150523 0.262188 0.124128 0.288562 0.122739 0.992030 0.568680 0.989253 0.562500 0.951562 0.557813 0.726562 0.557813 0.450000 0.551562 0.417187 0.523438 0.376563 0.493750 0.360938 0.376563 0.332813 0.213037 0.277458
0 0.865625 0.203125 0.854688 0.203125 0.850000 0.212500 0.635938 0.321875 0.615625 0.337500 0.595313 0.362500 0.590625 0.362500 0.590625 0.506250 0.595313 0.506250 0.607812 0.525000 0.628125 0.542188 0.735938 0.589063 0.865625 0.637500 0.868750 0.645312 0.876563 0.645312 0.876563 0.203125
5 0.422545 0.359375 0.370312 0.359375 0.370312 0.364063 0.362500 0.370312 0.317188 0.390625 0.303125 0.401562 0.296875 0.401562 0.296875 0.440625 0.415625 0.490625 0.468750 0.506250 0.471875 0.514062 0.501563 0.514062 0.501563 0.495312 0.493750 0.490625 0.476562 0.426563 0.454688 0.385937 0.431250 0.365625 0.431250 0.359375
5 0.315625 0.446875 0.296875 0.446875 0.289062 0.485938 0.285938 0.493750 0.278125 0.496875 0.278125 0.573438 0.285938 0.578125 0.321875 0.703125 0.328125 0.706250 0.421875 0.615625 0.464062 0.582812 0.473438 0.587500 0.487500 0.610938 0.507812 0.679688 0.515625 0.693750 0.526563 0.695312 0.526563 0.595313 0.517188 0.590625 0.518750 0.576562 0.526563 0.571875 0.526563 0.535937 0.495312 0.517188 0.350000 0.464062 0.326562 0.453125 0.325000 0.446875
5 0.369619 0.434375 0.301563 0.434375 0.287500 0.489063 0.265625 0.540625 0.285938 0.585938 0.300000 0.646875 0.382812 0.921875 0.389062 0.926562 0.412500 0.921875 0.440625 0.928125 0.515625 0.921875 0.535937 0.910937 0.565625 0.875000 0.551562 0.809375 0.525000 0.740625 0.528125 0.615625 0.520312 0.578125 0.521875 0.537500 0.510938 0.523438 0.431250 0.496875 0.346875 0.457813 0.350000 0.450000 0.375000 0.442188 0.378125 0.434375
7 0.190625 0.000000 0.162500 0.000000 0.146875 0.040625 0.140625 0.075000 0.132812 0.084375 0.121875 0.084375 0.121875 0.157812 0.128125 0.157812 0.159375 0.181250 0.185938 0.217188 0.204687 0.232813 0.246875 0.242188 0.289062 0.265625 0.348438 0.281250 0.351562 0.289062 0.381250 0.289062 0.381250 0.282813 0.390625 0.275000 0.406250 0.275000 0.421875 0.267188 0.434375 0.245312 0.437500 0.218750 0.435937 0.076563 0.364063 0.023438 0.342187 0.000000 0.290625 0.000000 0.281250 0.017188 0.248438 0.018750 0.215625 0.032813 0.206250 0.025000 0.200000 0.000000
