4 0.482466 0.153125 0.343750 0.153125 0.340625 0.160938 0.306250 0.175000 0.285938 0.201563 0.278125 0.204687 0.278125 0.250000 0.282813 0.250000 0.287500 0.259375 0.287500 0.295312 0.278125 0.303125 0.278125 0.310937 0.289062 0.310937 0.296875 0.317188 0.298438 0.351562 0.318750 0.395313 0.331250 0.407813 0.350000 0.414062 0.370312 0.414062 0.371875 0.420312 0.525000 0.420312 0.526563 0.414062 0.534375 0.412500 0.639062 0.403125 0.656250 0.396875 0.690625 0.351562 0.700000 0.320312 0.707812 0.315625 0.707812 0.262500 0.701562 0.260937 0.696875 0.246875 0.690625 0.200000 0.675000 0.176563 0.662500 0.168750 0.642188 0.165625 0.520312 0.165625 0.492188 0.159375 0.490625 0.153125
0 0.220312 0.165625 0.118750 0.165625 0.115625 0.173437 0.085938 0.182812 0.057813 0.204687 0.042188 0.231250 0.034375 0.234375 0.034375 0.357812 0.065625 0.381250 0.087500 0.389062 0.089063 0.395313 0.131250 0.395313 0.132812 0.389062 0.142187 0.387500 0.198437 0.384375 0.225000 0.378125 0.245312 0.365625 0.257812 0.351562 0.264062 0.334375 0.270313 0.332813 0.270313 0.304688 0.264062 0.303125 0.256250 0.203125 0.228125 0.165625
0 0.851145 0.165625 0.735938 0.165625 0.735938 0.171875 0.728125 0.179688 0.721875 0.179688 0.721875 0.343750 0.728125 0.343750 0.743750 0.359375 0.754687 0.364063 0.798438 0.364063 0.800000 0.370312 0.871875 0.370312 0.873437 0.364063 0.903125 0.354687 0.918750 0.332813 0.923438 0.300000 0.912500 0.225000 0.896875 0.198437 0.864062 0.175000 0.859375 0.165625
0 0.274938 0.621875 0.085938 0.621875 0.084375 0.628125 0.059375 0.637500 0.034375 0.659375 0.034375 0.803125 0.042188 0.806250 0.053125 0.839063 0.078125 0.867188 0.079687 0.876563 0.300000 0.876563 0.300000 0.871875 0.323437 0.851562 0.334375 0.831250 0.334375 0.812500 0.323437 0.781250 0.303125 0.654687 0.282813 0.621875
2 0.271813 0.403125 0.082812 0.403125 0.081250 0.409375 0.046875 0.435937 0.046875 0.575000 0.051562 0.575000 0.070312 0.596875 0.087500 0.601562 0.089063 0.607812 0.103125 0.607812 0.104688 0.601562 0.270313 0.595313 0.296875 0.584375 0.310937 0.570312 0.320312 0.540625 0.326562 0.539062 0.326562 0.504687 0.320312 0.503125 0.304688 0.440625 0.279687 0.409375 0.279687 0.403125
0 0.618577 0.421875 0.482812 0.421875 0.481250 0.428125 0.375000 0.434375 0.346875 0.457813 0.337500 0.482812 0.337500 0.570312 0.334375 0.581250 0.328125 0.582812 0.328125 0.726562 0.335938 0.731250 0.357812 0.806250 0.390625 0.857812 0.426563 0.870313 0.614062 0.871875 0.662500 0.848437 0.673438 0.837500 0.682813 0.779687 0.682813 0.750000 0.693750 0.706250 0.701562 0.703125 0.701562 0.634375 0.693750 0.631250 0.690625 0.593750 0.675000 0.539062 0.665625 0.468750 0.654687 0.450000 0.626563 0.428125 0.626563 0.421875
0 0.920170 0.590625 0.753125 0.590625 0.751563 0.596875 0.723437 0.615625 0.715625 0.643750 0.710938 0.732812 0.703125 0.739062 0.703125 0.821875 0.720313 0.835938 0.759375 0.850000 0.842187 0.845313 0.889062 0.834375 0.914062 0.820312 0.940625 0.796875 0.951562 0.775000 0.957812 0.746875 0.964063 0.745313 0.964063 0.682813 0.957812 0.681250 0.948438 0.620313 0.928125 0.590625
8 0.806250 0.271875 0.735938 0.271875 0.735938 0.276562 0.726562 0.285938 0.721875 0.285938 0.721875 0.337500 0.726562 0.337500 0.746875 0.359375 0.759375 0.364063 0.760938 0.370312 0.792188 0.370312 0.793750 0.364063 0.809375 0.356250 0.815625 0.343750 0.820312 0.339062 0.825000 0.326562 0.825000 0.289062 0.821875 0.282813 0.814063 0.276562 0.814063 0.271875
7 0.187344 0.196875 0.115625 0.196875 0.112500 0.204687 0.095312 0.212500 0.078125 0.228125 0.071875 0.228125 0.071875 0.289062 0.076563 0.289062 0.089063 0.304688 0.087500 0.314063 0.076563 0.326562 0.071875 0.326562 0.071875 0.362500 0.078125 0.362500 0.089063 0.373437 0.106250 0.381250 0.109375 0.389062 0.164062 0.389062 0.165625 0.382812 0.239063 0.368750 0.259375 0.350000 0.264062 0.350000 0.264062 0.304688 0.257812 0.303125 0.253125 0.271875 0.239063 0.240625 0.235937 0.220312 0.221875 0.209375 0.196875 0.203125 0.195312 0.196875
0 0.271634 0.403125 0.070312 0.403125 0.046875 0.429688 0.040625 0.429688 0.040625 0.581250 0.070312 0.600000 0.073438 0.607812 0.179688 0.607812 0.181250 0.601562 0.250000 0.600000 0.281250 0.593750 0.303125 0.581250 0.317188 0.559375 0.320312 0.543750 0.326562 0.542188 0.326562 0.493750 0.320312 0.492188 0.315625 0.465625 0.301563 0.432812 0.279687 0.403125
5 0.538170 0.528125 0.485938 0.528125 0.481250 0.554688 0.496875 0.554688 0.512500 0.543750 0.521875 0.543750 0.525000 0.551562 0.415625 0.656250 0.409375 0.660937 0.403125 0.654687 0.389062 0.657813 0.382812 0.673438 0.392188 0.675000 0.392188 0.682813 0.360938 0.725000 0.353125 0.726562 0.353125 0.767188 0.382812 0.781250 0.401562 0.779687 0.414062 0.789062 0.434375 0.793750 0.439063 0.801562 0.439063 0.820312 0.423438 0.826562 0.457813 0.843750 0.531250 0.862500 0.537500 0.870313 0.646875 0.870313 0.650000 0.862500 0.664062 0.857812 0.670312 0.850000 0.673438 0.828125 0.646875 0.810937 0.637500 0.796875 0.646875 0.787500 0.673438 0.787500 0.682813 0.781250 0.695312 0.745313 0.698438 0.718750 0.682813 0.692187 0.659375 0.665625 0.651563 0.643750 0.626563 0.609375 0.596875 0.578125 0.559375 0.548438 0.546875 0.534375 0.546875 0.528125
6 0.271733 0.621875 0.104688 0.621875 0.103125 0.628125 0.070312 0.632812 0.040625 0.654687 0.034375 0.654687 0.034375 0.703125 0.042188 0.706250 0.065625 0.754687 0.062500 0.771875 0.071875 0.790625 0.070312 0.807813 0.081250 0.826562 0.071875 0.848437 0.089063 0.870313 0.089063 0.876563 0.295312 0.876563 0.295312 0.871875 0.314063 0.856250 0.321875 0.840625 0.320312 0.831250 0.293750 0.814063 0.300000 0.785937 0.317188 0.771875 0.315625 0.750000 0.301563 0.659375 0.279687 0.628125 0.279687 0.621875
0 0.895312 0.384375 0.731250 0.384375 0.729688 0.390625 0.715625 0.398438 0.703125 0.412500 0.698438 0.426563 0.690625 0.429688 0.690625 0.537500 0.698438 0.540625 0.706250 0.557813 0.723437 0.568750 0.726562 0.576562 0.792188 0.576562 0.793750 0.570312 0.896875 0.565625 0.939063 0.539062 0.939063 0.434375 0.932813 0.432812 0.925000 0.410938 0.903125 0.384375
5 0.591406 0.415625 0.582812 0.415625 0.578125 0.425000 0.553125 0.440625 0.545312 0.437500 0.539062 0.426563 0.506250 0.425000 0.457813 0.432812 0.425000 0.445312 0.421875 0.453125 0.435937 0.465625 0.431250 0.471875 0.431250 0.493750 0.409375 0.504687 0.368750 0.507812 0.384375 0.528125 0.403125 0.534375 0.384375 0.556250 0.384375 0.570312 0.346875 0.595313 0.346875 0.626563 0.367188 0.637500 0.378125 0.634375 0.451562 0.559375 0.451562 0.554688 0.440625 0.556250 0.423438 0.573438 0.407813 0.576562 0.403125 0.570312 0.407813 0.554688 0.417187 0.546875 0.418750 0.531250 0.465625 0.517188 0.485938 0.521875 0.498437 0.509375 0.517188 0.503125 0.615625 0.592187 0.653125 0.634375 0.665625 0.642188 0.679688 0.639062 0.682813 0.626563 0.675000 0.609375 0.662500 0.550000 0.609375 0.448437 0.607812 0.429688 0.600000 0.415625
1 0.915483 0.590625 0.748437 0.590625 0.746875 0.596875 0.725000 0.612500 0.715625 0.631250 0.714063 0.707812 0.709375 0.726562 0.703125 0.728125 0.703125 0.814063 0.721355 0.827605 0.728125 0.839063 0.781250 0.839063 0.784375 0.831250 0.795312 0.829688 0.862500 0.829688 0.889062 0.823438 0.901563 0.812500 0.923438 0.776563 0.935937 0.721875 0.934375 0.607812 0.923438 0.596875 0.923438 0.590625
2 0.915483 0.590625 0.748437 0.590625 0.746875 0.596875 0.723437 0.614062 0.715625 0.631250 0.714063 0.707812 0.709375 0.726562 0.703125 0.728125 0.703125 0.815625 0.707812 0.815625 0.726562 0.839063 0.828125 0.839063 0.829688 0.832812 0.887500 0.825000 0.901563 0.814063 0.923438 0.779687 0.937500 0.721875 0.937500 0.614062 0.923438 0.590625
2 0.871030 0.387475 0.727014 0.392384 0.706441 0.403430 0.697536 0.429203 0.693850 0.517569 0.698438 0.543750 0.720566 0.566355 0.770311 0.570344 0.804688 0.570312 0.812500 0.568750 0.889062 0.564063 0.910937 0.556250 0.925000 0.531250 0.923438 0.465625 0.918750 0.410938 0.907813 0.390625
