2 0.543516 0.009375 0.390625 0.009375 0.390625 0.120313 0.395313 0.120313 0.398438 0.128125 0.407813 0.229687 0.421875 0.259375 0.446875 0.278125 0.484375 0.282813 0.539062 0.273438 0.576562 0.259375 0.614062 0.226562 0.614062 0.190625 0.606250 0.184375 0.587500 0.057813 0.581250 0.042188 0.551562 0.014063 0.551562 0.009375
0 0.327930 0.000000 0.143750 0.000000 0.121875 0.014063 0.121875 0.318750 0.159375 0.331250 0.182812 0.328125 0.273438 0.293750 0.346875 0.276562 0.376563 0.254688 0.385937 0.234375 0.387500 0.215625 0.373437 0.104688 0.357812 0.028125 0.335938 0.000000
1 0.319619 0.000000 0.251563 0.000000 0.237500 0.009375 0.170313 0.015625 0.128125 0.034375 0.128125 0.318750 0.148438 0.325000 0.151562 0.332813 0.179688 0.332813 0.182812 0.325000 0.242188 0.300000 0.351562 0.273438 0.389062 0.240625 0.389062 0.207813 0.381250 0.201563 0.359375 0.042188 0.348438 0.020313 0.328125 0.000000
4 0.810456 0.215625 0.710938 0.215625 0.700000 0.229687 0.651563 0.245312 0.635938 0.253125 0.621875 0.271875 0.615625 0.271875 0.615625 0.379688 0.620313 0.379688 0.623437 0.387500 0.643750 0.550000 0.664062 0.643750 0.682813 0.667188 0.696875 0.675000 0.775000 0.689063 0.776563 0.695312 0.787500 0.695312 0.793750 0.687500 0.829688 0.684375 0.876563 0.671875 0.876563 0.331250 0.870313 0.329688 0.854688 0.254688 0.845313 0.239063 0.820312 0.221875 0.818750 0.215625
5 0.509278 0.346875 0.264062 0.346875 0.262500 0.353125 0.201563 0.360938 0.176563 0.370312 0.168750 0.381250 0.167187 0.406250 0.140625 0.418750 0.140625 0.459375 0.148438 0.462500 0.170313 0.528125 0.201563 0.554688 0.223438 0.565625 0.276562 0.617188 0.295312 0.626563 0.367188 0.696875 0.401562 0.701562 0.429688 0.698438 0.443750 0.692187 0.462500 0.665625 0.495312 0.662500 0.581250 0.631250 0.589063 0.623437 0.596875 0.600000 0.607812 0.596875 0.607812 0.498437 0.598437 0.493750 0.579688 0.435937 0.559375 0.403125 0.559375 0.378125 0.532813 0.367188 0.518750 0.354687 0.517188 0.346875
7 0.731770 0.000000 0.687500 0.000000 0.671875 0.014063 0.650000 0.012500 0.621875 0.020313 0.621875 0.129688 0.628125 0.131250 0.640625 0.173437 0.671875 0.203125 0.671875 0.207813 0.692187 0.207813 0.696875 0.198437 0.721875 0.189062 0.746875 0.192188 0.795312 0.187500 0.804688 0.179688 0.815625 0.150000 0.820312 0.115625 0.826562 0.114062 0.826562 0.106250 0.820312 0.104688 0.818750 0.092188 0.801562 0.059375 0.762500 0.017188 0.740625 0.000000
0 0.271875 0.728125 0.217188 0.728125 0.214062 0.735938 0.201563 0.742188 0.178125 0.765625 0.171875 0.765625 0.171875 0.865625 0.179688 0.871875 0.182812 0.945312 0.200000 0.998437 0.476562 0.998437 0.487500 0.975000 0.495312 0.971875 0.495312 0.932813 0.489063 0.931250 0.484375 0.910937 0.468750 0.789062 0.451562 0.753125 0.428125 0.735938 0.425000 0.728125 0.371875 0.728125 0.370312 0.734375 0.360938 0.735938 0.292187 0.735938 0.281250 0.734375 0.279687 0.728125
3 0.640384 0.684375 0.543750 0.684375 0.542188 0.690625 0.510938 0.701562 0.484375 0.723437 0.484375 0.815625 0.492188 0.820312 0.500000 0.856250 0.504687 0.920312 0.532813 0.935937 0.535937 0.953125 0.529687 0.971875 0.539062 0.984375 0.551562 0.990625 0.551562 0.995313 0.609375 0.995313 0.614062 0.987500 0.675000 0.970313 0.687500 0.957812 0.700000 0.932813 0.706250 0.906250 0.714063 0.901563 0.696875 0.848437 0.684375 0.723437 0.673438 0.704688 0.651563 0.692187 0.648438 0.684375
0 0.813942 0.003125 0.615625 0.003125 0.615625 0.076563 0.621875 0.078125 0.632812 0.167187 0.642188 0.184375 0.671875 0.207813 0.673438 0.214062 0.700000 0.214062 0.706250 0.206250 0.757812 0.195312 0.815625 0.192188 0.857812 0.156250 0.857812 0.109375 0.850000 0.103125 0.840625 0.037500 0.821875 0.003125
0 0.643303 0.684375 0.535937 0.684375 0.534375 0.690625 0.509375 0.700000 0.490625 0.717187 0.484375 0.717187 0.484375 0.837500 0.492188 0.842187 0.501563 0.923438 0.515625 0.962500 0.546875 0.998437 0.601562 0.998437 0.685937 0.971875 0.704688 0.959375 0.715625 0.939063 0.718750 0.901563 0.695312 0.731250 0.684375 0.709375 0.654687 0.692187 0.651563 0.684375
0 0.554634 0.296875 0.334375 0.296875 0.331250 0.304688 0.310937 0.312500 0.220312 0.332813 0.168750 0.362500 0.142187 0.393750 0.134375 0.396875 0.134375 0.550000 0.140625 0.551562 0.148438 0.635938 0.153125 0.659375 0.162500 0.676562 0.189062 0.695312 0.300000 0.720313 0.301563 0.726562 0.371875 0.726562 0.378125 0.718750 0.459375 0.703125 0.514062 0.679688 0.592187 0.662500 0.614062 0.653125 0.632812 0.625000 0.639062 0.623437 0.639062 0.576562 0.631250 0.570312 0.598437 0.345313 0.590625 0.326562 0.562500 0.303125 0.562500 0.296875
8 0.868230 0.696875 0.826562 0.696875 0.821875 0.704688 0.759375 0.707812 0.743750 0.714063 0.723437 0.740625 0.715625 0.743750 0.715625 0.778125 0.720313 0.778125 0.725000 0.787500 0.739062 0.892188 0.751563 0.912500 0.760938 0.904687 0.784375 0.917188 0.781250 0.925000 0.767188 0.931250 0.778125 0.945312 0.790625 0.945312 0.790625 0.940625 0.798438 0.935937 0.832812 0.937500 0.876563 0.931250 0.876563 0.696875
6 0.301278 0.734375 0.220312 0.734375 0.220312 0.739062 0.190625 0.764062 0.190625 0.901563 0.196875 0.903125 0.201563 0.925000 0.217188 0.937500 0.212500 0.971875 0.225000 0.998437 0.454688 0.998437 0.478125 0.971875 0.478125 0.965625 0.459375 0.951562 0.459375 0.932813 0.464062 0.926562 0.482812 0.920312 0.470313 0.829688 0.456250 0.770312 0.423438 0.739062 0.423438 0.734375 0.335938 0.734375 0.334375 0.740625 0.310937 0.740625 0.309375 0.734375
0 0.829492 0.215625 0.709375 0.215625 0.704688 0.223438 0.645312 0.246875 0.621875 0.270313 0.615625 0.270313 0.615625 0.376563 0.621875 0.378125 0.653125 0.600000 0.671875 0.656250 0.684375 0.668750 0.714063 0.681250 0.823438 0.685937 0.876563 0.676562 0.876563 0.260937 0.868750 0.257812 0.862500 0.243750 0.837500 0.215625
0 0.867858 0.696875 0.815625 0.696875 0.809375 0.704688 0.762500 0.709375 0.742188 0.717187 0.721875 0.732812 0.721875 0.834375 0.729688 0.839063 0.743750 0.918750 0.770312 0.951562 0.821875 0.951562 0.828125 0.943750 0.876563 0.934375 0.876563 0.696875
0 0.579688 0.003125 0.384375 0.003125 0.384375 0.106250 0.392188 0.112500 0.406250 0.237500 0.418750 0.259375 0.440625 0.278125 0.456250 0.282813 0.457813 0.289062 0.507812 0.289062 0.512500 0.281250 0.556250 0.271875 0.592187 0.253125 0.612500 0.228125 0.617188 0.214062 0.612500 0.156250 0.601562 0.059375 0.587500 0.003125
