5 0.218750 0.384375 0.203125 0.384375 0.203125 0.415625 0.210938 0.420312 0.320312 0.725000 0.335938 0.748437 0.360938 0.762500 0.385937 0.784375 0.421875 0.837500 0.462500 0.695312 0.476562 0.584375 0.482812 0.564063 0.489063 0.562500 0.489063 0.515625 0.457813 0.492188 0.248438 0.401562 0.229687 0.392188 0.226562 0.384375
0 0.845089 0.140625 0.796875 0.140625 0.792188 0.150000 0.739062 0.179688 0.571875 0.264062 0.540625 0.290625 0.540625 0.435937 0.571875 0.460938 0.598437 0.473438 0.829688 0.557813 0.831250 0.564063 0.870313 0.564063 0.875000 0.517188 0.875000 0.176563 0.870313 0.160938 0.853125 0.146875 0.853125 0.140625
1 0.862386 0.000000 0.434375 0.000000 0.434375 0.232813 0.439063 0.232813 0.462500 0.260937 0.485938 0.268750 0.489063 0.276562 0.503125 0.276562 0.504687 0.270313 0.534375 0.260937 0.832812 0.107813 0.870313 0.081250 0.870313 0.000000
7 0.331019 0.003125 0.121875 0.003125 0.121875 0.167187 0.184375 0.189062 0.215625 0.189062 0.220312 0.193750 0.226562 0.189062 0.256250 0.207813 0.325000 0.228125 0.351562 0.228125 0.365625 0.221875 0.390625 0.175000 0.395313 0.154688 0.401562 0.153125 0.401562 0.020313 0.392188 0.015625 0.390625 0.003125 0.370312 0.003125 0.370312 0.007812 0.345313 0.028125 0.339062 0.003125
4 0.632812 0.515625 0.587500 0.518750 0.568750 0.525000 0.556250 0.543750 0.542188 0.598437 0.534375 0.603125 0.534375 0.657813 0.540625 0.659375 0.545312 0.682813 0.543750 0.746875 0.551562 0.809375 0.550000 0.839063 0.534375 0.860938 0.542188 0.864062 0.548438 0.876563 0.553125 0.914062 0.576562 0.931250 0.610938 0.928125 0.639062 0.932813 0.646875 0.959375 0.670312 0.970313 0.671875 0.976562 0.678125 0.976562 0.678125 0.970313 0.695312 0.957812 0.789062 0.951562 0.814063 0.945312 0.823438 0.937500 0.853125 0.935937 0.876563 0.928125 0.876563 0.593750 0.792188 0.554688 0.771875 0.557813 0.678125 0.521875 0.637500 0.515625
0 0.399822 0.003125 0.128125 0.003125 0.128125 0.171875 0.318750 0.231250 0.323437 0.239063 0.345313 0.239063 0.346875 0.232813 0.390625 0.214062 0.401562 0.190625 0.407813 0.189062 0.407813 0.003125
0 0.663672 0.509375 0.573438 0.509375 0.573438 0.515625 0.556250 0.534375 0.540625 0.592187 0.534375 0.593750 0.534375 0.651563 0.540625 0.653125 0.540625 0.665625 0.534375 0.667188 0.534375 0.693750 0.542188 0.700000 0.546875 0.903125 0.551562 0.928125 0.578125 0.976562 0.571875 0.989062 0.704688 0.989062 0.707812 0.981250 0.745313 0.975000 0.821875 0.976562 0.876563 0.964063 0.876563 0.590625 0.800000 0.556250 0.675000 0.517188 0.671875 0.509375
0 0.184180 0.209375 0.128125 0.209375 0.128125 0.995313 0.532813 0.995313 0.532813 0.967187 0.525000 0.967187 0.515625 0.953125 0.526563 0.935937 0.532813 0.934375 0.532813 0.784375 0.526563 0.782813 0.525000 0.771875 0.515625 0.389062 0.507812 0.339062 0.490625 0.315625 0.465625 0.301563 0.243750 0.234375 0.195312 0.217188 0.192188 0.209375
2 0.835491 0.165625 0.785937 0.165625 0.782813 0.173437 0.754687 0.190625 0.576562 0.284375 0.546875 0.309375 0.546875 0.432812 0.596875 0.465625 0.781250 0.526563 0.825000 0.545312 0.826562 0.551562 0.839063 0.551562 0.840625 0.545312 0.857812 0.543750 0.876563 0.531250 0.876563 0.264062 0.870313 0.262500 0.870313 0.256250 0.876563 0.254688 0.876563 0.240625 0.871875 0.240625 0.868750 0.232813 0.870313 0.217188 0.876563 0.214062 0.870313 0.212500 0.843750 0.165625
0 0.868695 0.003125 0.428125 0.003125 0.428125 0.234375 0.432812 0.234375 0.459375 0.265625 0.481250 0.275000 0.509375 0.275000 0.759375 0.151562 0.839063 0.109375 0.876563 0.079687 0.876563 0.003125
5 0.121875 0.403125 0.121875 0.734375 0.128125 0.734375 0.137500 0.743750 0.179688 0.825000 0.214062 0.873437 0.246875 0.903125 0.251563 0.918750 0.282813 0.920312 0.282813 0.843750 0.275000 0.840625 0.267188 0.823438 0.259375 0.762500 0.126562 0.403125
