0 0.604688 0.003125 0.440625 0.003125 0.423438 0.034375 0.415625 0.037500 0.415625 0.285938 0.421875 0.285938 0.446875 0.312500 0.482812 0.323437 0.553125 0.325000 0.604688 0.310937 0.620313 0.303125 0.639062 0.284375 0.648438 0.260937 0.651563 0.159375 0.657813 0.157812 0.657813 0.145313 0.651563 0.143750 0.651563 0.139063 0.657813 0.137500 0.657813 0.059375 0.651563 0.057813 0.639062 0.031250 0.612500 0.007812 0.612500 0.003125
8 0.718750 0.159375 0.679688 0.159375 0.678125 0.167187 0.671875 0.171875 0.665625 0.171875 0.665625 0.232813 0.670312 0.232813 0.673438 0.235937 0.679688 0.248438 0.689063 0.259375 0.707812 0.268750 0.731250 0.268750 0.742188 0.264062 0.753125 0.253125 0.762500 0.237500 0.765625 0.234375 0.770312 0.234375 0.770312 0.217188 0.764062 0.215625 0.760938 0.203125 0.754687 0.192188 0.748437 0.182812 0.726562 0.164062 0.726562 0.159375
2 0.465877 0.024741 0.428125 0.043750 0.421875 0.045312 0.421875 0.282813 0.428125 0.282813 0.432812 0.292187 0.456250 0.310937 0.518750 0.320312 0.520312 0.326562 0.592187 0.307812 0.623437 0.285938 0.637500 0.254688 0.637500 0.196875 0.639062 0.184375 0.645312 0.182812 0.645312 0.067187 0.639062 0.065625 0.615625 0.034375 0.593750 0.026562 0.551562 0.023438
1 0.360706 0.003125 0.151562 0.003125 0.151562 0.009375 0.126562 0.031250 0.104688 0.067187 0.096875 0.070312 0.096875 0.287500 0.103125 0.287500 0.121875 0.304688 0.148438 0.314063 0.150000 0.320312 0.165625 0.320312 0.167187 0.314063 0.237500 0.295312 0.342187 0.290625 0.364063 0.282813 0.378125 0.270313 0.392188 0.235937 0.395313 0.117188 0.401562 0.115625 0.395313 0.107813 0.401562 0.106250 0.401562 0.062500 0.395313 0.060937 0.390625 0.034375 0.368750 0.003125
7 0.791853 0.815625 0.685937 0.815625 0.684375 0.823438 0.653125 0.846875 0.653125 0.998437 0.835938 0.998437 0.839063 0.973437 0.848437 0.964063 0.864062 0.934375 0.870313 0.932813 0.870313 0.889062 0.864062 0.887500 0.846875 0.856250 0.817187 0.829688 0.803125 0.823438 0.800000 0.815625
0 0.846711 0.290625 0.703125 0.290625 0.700000 0.298438 0.651563 0.318750 0.631250 0.335938 0.620313 0.359375 0.615625 0.384375 0.609375 0.385937 0.609375 0.740625 0.614062 0.740625 0.635938 0.767188 0.664062 0.781250 0.725000 0.795312 0.801562 0.800000 0.867188 0.790625 0.878125 0.784375 0.896875 0.760938 0.904687 0.704688 0.907813 0.525000 0.914062 0.523438 0.914062 0.348438 0.907813 0.346875 0.885938 0.315625 0.859375 0.300000 0.854688 0.290625
4 0.831250 0.296875 0.706250 0.296875 0.704688 0.303125 0.659375 0.318750 0.639062 0.332813 0.625000 0.351562 0.615625 0.392188 0.609375 0.393750 0.609375 0.718750 0.617188 0.721875 0.632812 0.753125 0.645312 0.762500 0.720313 0.787500 0.789062 0.789062 0.840625 0.773438 0.870313 0.745313 0.887500 0.710938 0.900000 0.568750 0.900000 0.351562 0.885938 0.326562 0.868750 0.314063 0.840625 0.303125 0.839063 0.296875
0 0.818750 0.015625 0.693750 0.015625 0.693750 0.021875 0.671875 0.051562 0.665625 0.087500 0.659375 0.089063 0.659375 0.239063 0.665625 0.240625 0.679688 0.265625 0.721875 0.278125 0.803125 0.275000 0.854688 0.282813 0.884375 0.275000 0.898438 0.265625 0.912500 0.242188 0.920312 0.239063 0.920312 0.106250 0.912500 0.103125 0.903125 0.078125 0.882812 0.051562 0.859375 0.034375 0.829688 0.023438 0.826562 0.015625
0 0.557331 0.753125 0.457813 0.753125 0.454688 0.760938 0.429688 0.773438 0.415625 0.790625 0.403125 0.825000 0.396875 0.826562 0.396875 0.998437 0.634375 0.998437 0.632812 0.815625 0.620313 0.790625 0.606250 0.776563 0.567187 0.759375 0.565625 0.753125
0 0.168164 0.746875 0.109375 0.746875 0.081250 0.785937 0.071875 0.790625 0.071875 0.998437 0.389062 0.998437 0.389062 0.942187 0.382812 0.940625 0.389062 0.937500 0.389062 0.825000 0.382812 0.823438 0.367188 0.798438 0.343750 0.782813 0.231250 0.768750 0.179688 0.754687 0.176563 0.746875
2 0.563728 0.759375 0.457813 0.759375 0.454688 0.767188 0.437500 0.773438 0.423438 0.785937 0.410938 0.817187 0.403125 0.820312 0.403125 0.998437 0.621875 0.998437 0.620313 0.956250 0.601562 0.943750 0.600000 0.929688 0.578125 0.928125 0.576562 0.915625 0.584375 0.910937 0.620313 0.910937 0.626563 0.904687 0.628125 0.815625 0.617188 0.790625 0.601562 0.776563 0.573438 0.765625 0.571875 0.759375
0 0.399870 0.315625 0.217188 0.315625 0.214062 0.323437 0.115625 0.360938 0.103125 0.370312 0.085938 0.400000 0.078125 0.403125 0.078125 0.678125 0.084375 0.678125 0.109375 0.706250 0.156250 0.731250 0.231250 0.754687 0.287500 0.767188 0.340625 0.770312 0.417187 0.759375 0.468750 0.745313 0.546875 0.743750 0.567187 0.735938 0.579688 0.725000 0.593750 0.693750 0.598437 0.665625 0.600000 0.476562 0.601562 0.465625 0.607812 0.464062 0.607812 0.389062 0.600000 0.385937 0.587500 0.365625 0.557813 0.346875 0.465625 0.337500 0.412500 0.323437 0.407813 0.315625
1 0.156250 0.746875 0.125000 0.746875 0.093750 0.793750 0.092188 0.828125 0.084375 0.832812 0.084375 0.895312 0.100000 0.904687 0.100000 0.915625 0.092188 0.929688 0.084375 0.932813 0.084375 0.998437 0.376563 0.998437 0.371875 0.960938 0.346875 0.931250 0.353125 0.910937 0.382812 0.890625 0.382812 0.825000 0.376563 0.823438 0.365625 0.800000 0.342187 0.784375 0.279687 0.781250 0.204687 0.767188 0.168750 0.754687 0.164062 0.746875
0 0.854688 0.809375 0.682813 0.809375 0.654687 0.843750 0.646875 0.846875 0.646875 0.998437 0.892188 0.998437 0.900000 0.978125 0.907813 0.975000 0.907813 0.859375 0.900000 0.856250 0.893750 0.842187 0.862500 0.814063 0.862500 0.809375
5 0.435848 0.353125 0.167187 0.353125 0.157812 0.368750 0.150000 0.421875 0.131250 0.481250 0.121875 0.487500 0.121875 0.607812 0.146875 0.607812 0.148438 0.600000 0.392188 0.476562 0.415625 0.457813 0.431250 0.432812 0.451562 0.412500 0.478125 0.396875 0.501563 0.390625 0.501563 0.365625 0.445312 0.359375 0.443750 0.353125
5 0.540625 0.478125 0.531250 0.490625 0.498437 0.504687 0.439063 0.509375 0.420312 0.517188 0.160938 0.665625 0.145313 0.684375 0.140625 0.684375 0.140625 0.695312 0.156250 0.704688 0.182812 0.706250 0.246875 0.700000 0.279687 0.690625 0.317188 0.670312 0.342187 0.667188 0.378125 0.684375 0.426563 0.695312 0.495312 0.723437 0.518750 0.723437 0.540625 0.709375 0.564063 0.704688 0.576562 0.696875 0.576562 0.620313 0.570312 0.618750 0.568750 0.609375 0.564063 0.503125 0.554688 0.478125
8 0.076250 0.003125 0.003125 0.003125 0.003125 0.057813 0.007812 0.057813 0.007812 0.053125 0.009375 0.051562 0.015625 0.051562 0.017188 0.050000 0.034375 0.050000 0.035937 0.048438 0.051562 0.048438 0.053125 0.046875 0.060937 0.045312 0.065625 0.040625 0.075000 0.021875 0.082812 0.010937 0.084375 0.003125
0 0.373295 0.003125 0.118750 0.003125 0.098437 0.046875 0.090625 0.050000 0.090625 0.290625 0.114062 0.309375 0.143750 0.320312 0.145313 0.326562 0.165625 0.326562 0.167187 0.320312 0.220312 0.306250 0.342187 0.295312 0.371875 0.284375 0.385937 0.270313 0.395313 0.250000 0.401562 0.248438 0.401562 0.037500 0.395313 0.035937 0.381250 0.003125
