2 0.784375 0.278125 0.745313 0.278125 0.737500 0.289062 0.553125 0.384375 0.553125 0.501563 0.576562 0.518750 0.689063 0.557813 0.765625 0.590625 0.787500 0.592187 0.810937 0.579688 0.823438 0.559375 0.826562 0.537500 0.818750 0.318750 0.792188 0.278125
4 0.726228 0.046875 0.620313 0.046875 0.615625 0.054688 0.546875 0.071875 0.493750 0.075000 0.476562 0.082812 0.459375 0.101562 0.453125 0.101562 0.453125 0.326562 0.462500 0.331250 0.478125 0.353125 0.496875 0.362500 0.515625 0.364063 0.601562 0.332813 0.629687 0.314063 0.665625 0.301563 0.695312 0.279687 0.806250 0.223438 0.821875 0.209375 0.831250 0.185938 0.832812 0.100000 0.820312 0.071875 0.815625 0.065625 0.792188 0.056250 0.743750 0.057813 0.734375 0.046875
7 0.306055 0.084375 0.250000 0.084375 0.243750 0.095312 0.225000 0.104688 0.210938 0.135937 0.198437 0.153125 0.190625 0.156250 0.190625 0.253125 0.359375 0.318750 0.364063 0.326562 0.389062 0.326562 0.392188 0.318750 0.406250 0.314063 0.423438 0.298438 0.445312 0.231250 0.451562 0.229687 0.451562 0.207813 0.443750 0.203125 0.439063 0.148438 0.415625 0.109375 0.401562 0.104688 0.353125 0.103125 0.318750 0.092188 0.314063 0.084375
1 0.620833 0.565625 0.576562 0.565625 0.576562 0.571875 0.553125 0.589063 0.553125 0.868750 0.559375 0.870313 0.564063 0.882812 0.579688 0.900000 0.603125 0.906250 0.787500 0.904687 0.807813 0.896875 0.825000 0.879687 0.832812 0.854688 0.839063 0.853125 0.839063 0.781250 0.832812 0.779687 0.831250 0.739062 0.832812 0.721875 0.839063 0.720313 0.839063 0.703125 0.832812 0.701562 0.826562 0.664062 0.804688 0.639062 0.646875 0.579688 0.632812 0.573438 0.629687 0.565625
0 0.395205 0.053125 0.173437 0.053125 0.154688 0.081250 0.146875 0.082812 0.146875 0.239063 0.153125 0.239063 0.164062 0.253125 0.182812 0.264062 0.365625 0.326562 0.367188 0.332813 0.395313 0.332813 0.396875 0.326562 0.429688 0.304688 0.440625 0.282813 0.443750 0.262500 0.451562 0.259375 0.451562 0.156250 0.443750 0.151562 0.429688 0.090625 0.403125 0.059375 0.403125 0.053125
5 0.324912 0.809375 0.190625 0.809375 0.190625 0.873437 0.326562 0.875000 0.334375 0.870313 0.339062 0.870313 0.339062 0.829688 0.332813 0.828125 0.332813 0.809375
0 0.627930 0.559375 0.571875 0.559375 0.571875 0.565625 0.546875 0.587500 0.546875 0.873437 0.553125 0.875000 0.562500 0.903125 0.579688 0.926562 0.795312 0.926562 0.798438 0.918750 0.812500 0.914062 0.829688 0.898438 0.843750 0.871875 0.851562 0.868750 0.851562 0.676562 0.843750 0.673438 0.835938 0.656250 0.812500 0.634375 0.643750 0.570312 0.635938 0.565625 0.635938 0.559375
5 0.323070 0.715625 0.192188 0.715625 0.192188 0.720313 0.184375 0.723437 0.184375 0.814063 0.229687 0.814063 0.231250 0.807813 0.300000 0.807813 0.329688 0.806250 0.332813 0.803125 0.339062 0.803125 0.339062 0.742188 0.332813 0.740625 0.331250 0.715625
0 0.794270 0.271875 0.750000 0.271875 0.745313 0.284375 0.696875 0.312500 0.612500 0.353125 0.589063 0.359375 0.560937 0.375000 0.553125 0.384375 0.546875 0.384375 0.546875 0.504687 0.553125 0.504687 0.578125 0.525000 0.775000 0.598437 0.810406 0.600812 0.824298 0.593872 0.837500 0.570312 0.839063 0.385937 0.837500 0.378125 0.834375 0.315625 0.803125 0.271875
5 0.266406 0.353125 0.206250 0.353125 0.203125 0.365625 0.192188 0.473438 0.192188 0.521875 0.190625 0.532813 0.184375 0.534375 0.184375 0.726562 0.200000 0.718750 0.318750 0.712500 0.331250 0.704688 0.331250 0.551562 0.321875 0.518750 0.328125 0.514062 0.332813 0.490625 0.339062 0.489063 0.339062 0.410938 0.331250 0.409375 0.329688 0.395313 0.278125 0.360938 0.275000 0.353125
5 0.390625 0.434375 0.392188 0.478125 0.378125 0.514062 0.371875 0.515625 0.371875 0.665625 0.378125 0.667188 0.382812 0.696875 0.503125 0.690625 0.510938 0.681250 0.512500 0.668750 0.503125 0.595313 0.495312 0.570312 0.450000 0.490625 0.414062 0.451562 0.396875 0.440625 0.396875 0.434375
5 0.496652 0.690625 0.392188 0.690625 0.390625 0.696875 0.384375 0.696875 0.384375 0.812500 0.390625 0.812500 0.392188 0.820312 0.456250 0.820312 0.456250 0.815625 0.465625 0.810937 0.470313 0.804688 0.471875 0.781250 0.478125 0.770312 0.500000 0.770312 0.507812 0.765625 0.514062 0.765625 0.514062 0.701562 0.509375 0.701562 0.504687 0.696875 0.504687 0.690625
5 0.497266 0.778125 0.470313 0.778125 0.468750 0.800000 0.457813 0.810937 0.448437 0.814063 0.420312 0.814063 0.409375 0.807813 0.390625 0.803125 0.390625 0.879687 0.418750 0.879687 0.442188 0.882812 0.443750 0.889062 0.498437 0.889062 0.503125 0.873437 0.507812 0.825000 0.514062 0.823438 0.514062 0.796875 0.507812 0.795312 0.506250 0.778125
0 0.735736 0.046875 0.495312 0.046875 0.495312 0.053125 0.470313 0.073438 0.457813 0.092188 0.453125 0.092188 0.453125 0.332813 0.457813 0.332813 0.478125 0.356250 0.492188 0.362500 0.495312 0.370312 0.531250 0.370312 0.532813 0.364063 0.676562 0.296875 0.801562 0.226562 0.825000 0.206250 0.831250 0.192188 0.839063 0.189062 0.839063 0.096875 0.832812 0.095312 0.826562 0.078125 0.809375 0.062500 0.764062 0.053125 0.762500 0.046875 0.745313 0.053125 0.743750 0.046875
0 0.236980 0.296875 0.170313 0.296875 0.148438 0.328125 0.140625 0.331250 0.140625 0.900000 0.150000 0.904687 0.164062 0.932813 0.496875 0.932813 0.521875 0.904687 0.529687 0.879687 0.523438 0.651563 0.528125 0.445312 0.523438 0.420312 0.509375 0.400000 0.493750 0.389062 0.254688 0.307812 0.245312 0.296875
