2 0.903005 0.396875 0.704688 0.396875 0.687500 0.420312 0.678125 0.425000 0.678125 0.526563 0.685937 0.529687 0.700000 0.564063 0.714063 0.576562 0.732812 0.582812 0.734375 0.589063 0.839063 0.589063 0.840625 0.582812 0.893750 0.581250 0.918750 0.573438 0.937500 0.546875 0.945312 0.543750 0.945312 0.504687 0.939063 0.503125 0.935937 0.493750 0.934375 0.435937 0.925000 0.415625 0.910937 0.403125 0.910937 0.396875
6 0.188281 0.134375 0.162500 0.134375 0.154688 0.146875 0.135937 0.159375 0.092188 0.156250 0.067187 0.160938 0.050000 0.173437 0.042188 0.221875 0.034375 0.226562 0.034375 0.346875 0.096875 0.381250 0.100000 0.389062 0.240625 0.389062 0.242188 0.382812 0.270313 0.364063 0.278125 0.350000 0.285938 0.273438 0.298438 0.209375 0.260937 0.176563 0.221875 0.171875 0.196875 0.134375
7 0.889062 0.603125 0.779687 0.603125 0.778125 0.609375 0.757812 0.614062 0.734375 0.632812 0.734375 0.790625 0.740625 0.790625 0.757812 0.807813 0.796875 0.809375 0.829688 0.804688 0.848437 0.817187 0.884375 0.818750 0.909375 0.806250 0.934375 0.779687 0.948438 0.745313 0.939063 0.667188 0.925000 0.635938 0.896875 0.607812 0.896875 0.603125
8 0.193750 0.628125 0.131250 0.628125 0.131250 0.634375 0.110937 0.656250 0.096875 0.682813 0.084375 0.723437 0.078125 0.725000 0.078125 0.775000 0.101562 0.776563 0.107813 0.787500 0.110937 0.787500 0.121875 0.776563 0.168750 0.779687 0.195312 0.773438 0.226562 0.776563 0.237500 0.771875 0.239063 0.762500 0.231250 0.732812 0.225000 0.668750 0.214062 0.646875 0.201563 0.632812 0.201563 0.628125
0 0.915394 0.390625 0.706250 0.390625 0.706250 0.396875 0.678125 0.421875 0.678125 0.539062 0.685937 0.542188 0.698438 0.567187 0.725000 0.589063 0.726562 0.595313 0.896875 0.595313 0.898438 0.589063 0.929688 0.579688 0.945312 0.564063 0.951562 0.550000 0.957812 0.548438 0.957812 0.445312 0.951562 0.443750 0.943750 0.417187 0.923438 0.390625
4 0.648438 0.571875 0.398438 0.571875 0.396875 0.578125 0.326562 0.584375 0.304688 0.606250 0.285938 0.662500 0.278125 0.667188 0.278125 0.770312 0.312500 0.775000 0.325000 0.798438 0.342187 0.814063 0.345313 0.834375 0.373437 0.834375 0.385937 0.839063 0.387500 0.845313 0.446875 0.845313 0.446875 0.840625 0.457813 0.834375 0.503125 0.828125 0.504687 0.800000 0.515625 0.789062 0.539062 0.779687 0.556250 0.789062 0.564063 0.810937 0.570312 0.807813 0.575000 0.792188 0.581250 0.787500 0.628125 0.785937 0.651563 0.787500 0.664062 0.807813 0.673438 0.809375 0.693750 0.785937 0.710938 0.754687 0.720313 0.750000 0.720313 0.690625 0.714063 0.689063 0.707812 0.650000 0.695312 0.614062 0.656250 0.576562 0.656250 0.571875
1 0.719141 0.128125 0.692187 0.128125 0.689063 0.135937 0.665625 0.148438 0.665625 0.212500 0.673438 0.215625 0.676562 0.225000 0.687500 0.271875 0.693750 0.331250 0.703125 0.350000 0.731250 0.368750 0.734375 0.376563 0.789062 0.376563 0.790625 0.370312 0.801562 0.368750 0.895312 0.367188 0.915625 0.359375 0.931250 0.331250 0.939063 0.328125 0.939063 0.273438 0.931250 0.267188 0.928125 0.214062 0.915625 0.181250 0.896875 0.156250 0.882812 0.146875 0.857812 0.140625 0.792188 0.134375 0.732812 0.135937 0.728125 0.128125
0 0.923367 0.603125 0.757812 0.603125 0.735938 0.631250 0.728125 0.632812 0.728125 0.696875 0.734375 0.698438 0.737500 0.732812 0.735938 0.765625 0.728125 0.771875 0.728125 0.793750 0.734375 0.795312 0.748437 0.820312 0.771875 0.832812 0.773438 0.839063 0.867188 0.839063 0.868750 0.832812 0.890625 0.828125 0.917188 0.812500 0.940625 0.789062 0.951562 0.768750 0.956250 0.746875 0.957812 0.676562 0.953125 0.637500 0.931250 0.609375 0.931250 0.603125
0 0.267188 0.128125 0.103125 0.128125 0.100000 0.135937 0.065625 0.151562 0.043750 0.171875 0.029687 0.196875 0.021875 0.200000 0.021875 0.359375 0.026562 0.359375 0.040625 0.378125 0.060937 0.387500 0.064062 0.395313 0.160938 0.395313 0.162500 0.389062 0.243750 0.385937 0.275000 0.365625 0.282813 0.351562 0.287500 0.289062 0.298438 0.228125 0.306250 0.201563 0.314063 0.196875 0.314063 0.170313 0.307812 0.168750 0.303125 0.157812 0.275000 0.132812 0.275000 0.128125
3 0.270250 0.409375 0.081250 0.409375 0.079687 0.415625 0.056250 0.425000 0.040625 0.437500 0.040625 0.565625 0.045312 0.565625 0.060937 0.589063 0.070312 0.595313 0.115625 0.601562 0.117188 0.607812 0.190625 0.607812 0.192188 0.601562 0.251563 0.600000 0.265625 0.595313 0.282813 0.578125 0.290625 0.562500 0.300000 0.514062 0.307812 0.510938 0.307812 0.460938 0.301563 0.459375 0.295312 0.435937 0.278125 0.409375
0 0.870313 0.121875 0.690625 0.121875 0.687500 0.129688 0.659375 0.148438 0.659375 0.206250 0.667188 0.209375 0.679688 0.248438 0.693750 0.342187 0.703125 0.357812 0.720313 0.371875 0.739062 0.376563 0.898438 0.371875 0.923438 0.362500 0.939063 0.346875 0.945312 0.332813 0.951562 0.331250 0.951562 0.220312 0.943750 0.215625 0.940625 0.187500 0.921875 0.159375 0.901563 0.140625 0.882812 0.131250 0.878125 0.121875
0 0.607711 0.128125 0.370312 0.128125 0.370312 0.134375 0.359375 0.140625 0.340625 0.164062 0.310937 0.239063 0.303125 0.242188 0.303125 0.407813 0.310937 0.412500 0.317188 0.442188 0.325000 0.529687 0.334375 0.546875 0.346875 0.556250 0.364063 0.562500 0.478125 0.557813 0.598437 0.559375 0.631250 0.554688 0.651563 0.535937 0.659375 0.518750 0.662500 0.432812 0.675000 0.357812 0.675000 0.304688 0.653125 0.209375 0.620313 0.151562 0.615625 0.128125
0 0.226278 0.621875 0.056250 0.621875 0.056250 0.628125 0.035937 0.650000 0.028125 0.651563 0.028125 0.789062 0.037500 0.793750 0.050000 0.820312 0.070312 0.839063 0.103125 0.854688 0.182812 0.857812 0.215625 0.853125 0.243750 0.832812 0.256250 0.812500 0.253125 0.768750 0.257812 0.704688 0.264062 0.703125 0.264062 0.659375 0.256250 0.656250 0.246875 0.639062 0.234375 0.628125 0.234375 0.621875
0 0.260937 0.396875 0.112500 0.396875 0.110937 0.403125 0.064062 0.406250 0.048438 0.414062 0.021875 0.437500 0.021875 0.571875 0.026562 0.571875 0.045312 0.595313 0.065625 0.606250 0.068750 0.614062 0.217188 0.614062 0.218750 0.607812 0.253125 0.606250 0.270313 0.598437 0.289062 0.576562 0.296875 0.557813 0.306250 0.515625 0.307812 0.481250 0.295312 0.426563 0.268750 0.401562 0.268750 0.396875
5 0.504687 0.178125 0.465625 0.178125 0.460938 0.185938 0.415625 0.193750 0.340625 0.196875 0.328125 0.206250 0.328125 0.362500 0.334375 0.364063 0.337500 0.403125 0.360938 0.528125 0.375000 0.557813 0.407813 0.557813 0.414062 0.546875 0.401562 0.537500 0.390625 0.509375 0.457813 0.350000 0.496875 0.270313 0.506250 0.235937 0.512500 0.178125
5 0.603125 0.178125 0.600000 0.195312 0.587500 0.217188 0.537500 0.267188 0.429688 0.526563 0.418750 0.535937 0.404687 0.535937 0.384375 0.523438 0.384375 0.557813 0.454688 0.557813 0.456250 0.551562 0.478125 0.548438 0.620313 0.548438 0.645312 0.539062 0.645312 0.507812 0.639062 0.506250 0.639062 0.404687 0.645312 0.403125 0.645312 0.381250 0.639062 0.379688 0.637500 0.371875 0.614062 0.178125
0 0.662464 0.571875 0.332813 0.571875 0.331250 0.578125 0.310937 0.587500 0.296875 0.603125 0.284375 0.632812 0.271875 0.685937 0.265625 0.687500 0.265625 0.800000 0.273438 0.803125 0.278125 0.821875 0.292187 0.839063 0.320312 0.854688 0.651563 0.842187 0.682813 0.837500 0.701562 0.828125 0.718750 0.801562 0.726562 0.798438 0.726562 0.684375 0.718750 0.679688 0.701562 0.614062 0.670312 0.571875
