1 0.499739 0.665625 0.459375 0.665625 0.448437 0.678125 0.325000 0.737500 0.179688 0.818750 0.128125 0.839063 0.128125 0.998437 0.543750 0.998437 0.545312 0.975000 0.531250 0.953125 0.531250 0.934375 0.557813 0.921875 0.557813 0.895312 0.550000 0.890625 0.551562 0.870313 0.557813 0.868750 0.557813 0.846875 0.550000 0.843750 0.543750 0.821875 0.545312 0.715625 0.534375 0.690625 0.510938 0.673438 0.507812 0.665625
0 0.136719 0.346875 0.128125 0.346875 0.128125 0.814063 0.142187 0.814063 0.148438 0.803125 0.193750 0.778125 0.403125 0.671875 0.435937 0.634375 0.442188 0.581250 0.442188 0.535937 0.435937 0.503125 0.426563 0.479687 0.409375 0.457813 0.382812 0.442188 0.192188 0.375000 0.148438 0.354687 0.145313 0.346875
2 0.128125 0.353125 0.128125 0.787500 0.193750 0.762500 0.348438 0.679688 0.371875 0.662500 0.414062 0.642188 0.428125 0.628125 0.432812 0.615625 0.429688 0.506250 0.426563 0.493750 0.404687 0.465625 0.367188 0.445312 0.314063 0.432812 0.214062 0.395313 0.139063 0.360938 0.135937 0.353125
0 0.501116 0.665625 0.451562 0.665625 0.446875 0.675000 0.382812 0.709375 0.271875 0.762500 0.164062 0.821875 0.128125 0.835938 0.128125 0.998437 0.556250 0.998437 0.554688 0.959375 0.564063 0.926562 0.559375 0.915625 0.551562 0.735938 0.543750 0.706250 0.509375 0.665625
0 0.450000 0.003125 0.121875 0.003125 0.121875 0.318750 0.164062 0.339062 0.334375 0.400000 0.337500 0.407813 0.387500 0.407813 0.390625 0.400000 0.415625 0.390625 0.435937 0.356250 0.442188 0.328125 0.450000 0.085938 0.451562 0.075000 0.457813 0.073438 0.450000 0.064062 0.451562 0.050000 0.457813 0.048438 0.457813 0.003125
5 0.862327 0.003125 0.726562 0.003125 0.723437 0.010937 0.681250 0.023438 0.590625 0.071875 0.590625 0.096875 0.596875 0.096875 0.603125 0.107813 0.753125 0.429688 0.765625 0.443750 0.820312 0.476562 0.845313 0.506250 0.853125 0.496875 0.854688 0.465625 0.851562 0.275000 0.856250 0.131250 0.862500 0.068750 0.870313 0.062500 0.870313 0.003125
0 0.714063 0.721875 0.620313 0.721875 0.592187 0.760938 0.584375 0.764062 0.584375 0.998437 0.876563 0.998437 0.876563 0.776563 0.862500 0.776563 0.798438 0.751563 0.734375 0.734375 0.725000 0.729688 0.721875 0.721875
0 0.867095 0.003125 0.471875 0.003125 0.471875 0.560937 0.478125 0.562500 0.492188 0.603125 0.514062 0.621875 0.584375 0.643750 0.660937 0.679688 0.775000 0.718750 0.778125 0.726562 0.871531 0.761836 0.875000 0.003125
5 0.545312 0.178125 0.529687 0.225000 0.515625 0.314063 0.503125 0.345313 0.496875 0.346875 0.496875 0.440625 0.504687 0.443750 0.532813 0.493750 0.550000 0.509375 0.551562 0.523438 0.576562 0.565625 0.607812 0.603125 0.670312 0.640625 0.782813 0.679688 0.782813 0.660937 0.765625 0.656250 0.742188 0.637500 0.715625 0.607812 0.700000 0.578125 0.689063 0.539062 0.696875 0.476562 0.693750 0.456250 0.628125 0.320312 0.556250 0.185938 0.556250 0.178125
7 0.299063 0.000000 0.264062 0.000000 0.234375 0.026562 0.192188 0.042188 0.181250 0.051562 0.185938 0.087500 0.176563 0.120313 0.146875 0.157812 0.134375 0.165625 0.134375 0.251563 0.168750 0.276562 0.201563 0.281250 0.215625 0.271875 0.248438 0.232813 0.257812 0.231250 0.267188 0.293750 0.295312 0.339062 0.306250 0.345313 0.337500 0.350000 0.340625 0.357812 0.365625 0.357812 0.368750 0.350000 0.396875 0.328125 0.407813 0.307812 0.414062 0.257812 0.398438 0.198437 0.417187 0.164062 0.418750 0.101562 0.425000 0.087500 0.432812 0.084375 0.432812 0.043750 0.426563 0.045312 0.421875 0.056250 0.396875 0.028125 0.378125 0.025000 0.356250 0.010937 0.307812 0.000000
8 0.590625 0.796875 0.593750 0.907813 0.587500 0.928125 0.626563 0.931250 0.620313 0.962500 0.598437 0.967187 0.607812 0.998437 0.840625 0.998437 0.864062 0.987500 0.871875 0.976562 0.870313 0.775000 0.778125 0.742188 0.671875 0.714063 0.635938 0.723437 0.610938 0.740625 0.595313 0.765625
