1 0.833483 0.715625 0.781250 0.715625 0.779687 0.721875 0.757812 0.729688 0.650000 0.748437 0.632812 0.759375 0.617188 0.787500 0.609375 0.790625 0.609375 0.904687 0.639062 0.910937 0.648438 0.926562 0.646875 0.939063 0.620313 0.953125 0.617188 0.965625 0.626563 0.982812 0.645312 0.998437 0.778125 0.998437 0.846875 0.931250 0.854688 0.915625 0.857812 0.857812 0.864062 0.856250 0.864062 0.742188 0.856250 0.739062 0.842187 0.715625
0 0.260491 0.259375 0.153125 0.259375 0.150000 0.267188 0.134375 0.275000 0.107813 0.303125 0.103125 0.303125 0.103125 0.729688 0.129688 0.753125 0.154688 0.762500 0.200000 0.767188 0.260937 0.765625 0.326562 0.753125 0.368750 0.734375 0.389062 0.714063 0.401562 0.684375 0.406250 0.626563 0.406250 0.348438 0.393750 0.320312 0.365625 0.295312 0.298438 0.270313 0.270313 0.265625 0.268750 0.259375
4 0.256009 0.265625 0.159375 0.265625 0.157812 0.271875 0.129688 0.287500 0.115625 0.307812 0.109375 0.309375 0.109375 0.717187 0.142187 0.743750 0.182812 0.753125 0.214062 0.754687 0.225000 0.757812 0.226562 0.764062 0.265625 0.764062 0.268750 0.756250 0.285938 0.746875 0.339062 0.735938 0.365625 0.718750 0.395313 0.684375 0.401562 0.628125 0.407813 0.626563 0.407813 0.343750 0.401562 0.342187 0.385937 0.314063 0.364063 0.296875 0.343750 0.287500 0.270313 0.273438 0.264062 0.265625
0 0.327977 0.003125 0.168750 0.003125 0.120313 0.062500 0.109375 0.068750 0.109375 0.225000 0.162500 0.250000 0.248438 0.250000 0.285938 0.257812 0.287500 0.264062 0.320312 0.264062 0.321875 0.257812 0.342187 0.250000 0.354687 0.234375 0.368750 0.198437 0.370312 0.067187 0.359375 0.034375 0.335938 0.009375 0.335938 0.003125
2 0.543489 0.721875 0.454688 0.721875 0.453125 0.728125 0.407813 0.745313 0.389062 0.767188 0.384375 0.767188 0.384375 0.904687 0.389062 0.904687 0.412500 0.932813 0.407813 0.942187 0.384375 0.951562 0.384375 0.973437 0.415625 0.998437 0.553125 0.998437 0.575000 0.970313 0.564063 0.934375 0.570312 0.915625 0.582812 0.904687 0.587500 0.773438 0.576562 0.746875 0.554688 0.729688 0.551562 0.721875
8 0.255312 0.109375 0.220312 0.109375 0.217188 0.117188 0.200000 0.126562 0.182812 0.146875 0.178125 0.146875 0.178125 0.196875 0.182812 0.196875 0.201563 0.220312 0.220312 0.229687 0.234375 0.232813 0.235937 0.239063 0.268750 0.239063 0.268750 0.234375 0.292187 0.214062 0.300000 0.200000 0.301563 0.173437 0.296875 0.151562 0.284375 0.131250 0.264062 0.114062 0.264062 0.109375
0 0.544792 0.721875 0.453125 0.721875 0.445312 0.731250 0.407813 0.743750 0.384375 0.775000 0.378125 0.776563 0.378125 0.982812 0.400000 0.998437 0.573438 0.998437 0.589063 0.967187 0.595313 0.965625 0.595313 0.767188 0.587500 0.764062 0.578125 0.746875 0.557813 0.731250 0.553125 0.721875
5 0.748333 0.340625 0.637500 0.340625 0.635938 0.346875 0.592187 0.354687 0.476562 0.356250 0.451562 0.360938 0.434375 0.370312 0.434375 0.632812 0.450000 0.632812 0.456250 0.621875 0.517188 0.573438 0.682813 0.450000 0.717187 0.392188 0.764062 0.357812 0.764062 0.348438 0.757812 0.348438 0.756250 0.340625
0 0.835156 0.709375 0.792188 0.709375 0.785937 0.718750 0.746875 0.731250 0.654687 0.742188 0.632812 0.753125 0.617188 0.775000 0.609375 0.778125 0.609375 0.981250 0.614062 0.981250 0.626563 0.998437 0.806250 0.998437 0.832812 0.979688 0.853125 0.957812 0.871875 0.918750 0.876563 0.851562 0.882812 0.850000 0.882812 0.753125 0.876563 0.751563 0.864062 0.728125 0.848437 0.718750 0.843750 0.709375
6 0.782813 0.034375 0.665625 0.034375 0.662500 0.042188 0.651563 0.045312 0.621875 0.068750 0.621875 0.237500 0.631250 0.242188 0.645312 0.278125 0.657813 0.290625 0.743750 0.306250 0.809375 0.325000 0.812500 0.332813 0.828125 0.332813 0.851562 0.306250 0.868750 0.265625 0.876563 0.225000 0.882812 0.223438 0.882812 0.192188 0.876563 0.190625 0.875000 0.128125 0.850000 0.076563 0.829688 0.057813 0.793750 0.042188 0.790625 0.034375
3 0.538616 0.015625 0.431250 0.015625 0.431250 0.020313 0.407813 0.039062 0.398438 0.062500 0.390625 0.065625 0.390625 0.253125 0.396875 0.254688 0.412500 0.284375 0.448437 0.303125 0.476562 0.309375 0.535937 0.309375 0.559375 0.298438 0.585938 0.264062 0.592187 0.212500 0.595313 0.204687 0.601562 0.203125 0.601562 0.184375 0.593750 0.178125 0.590625 0.073438 0.578125 0.042188 0.564063 0.028125 0.548438 0.021875 0.546875 0.015625
5 0.812500 0.434375 0.810937 0.442188 0.775000 0.467187 0.710938 0.489063 0.601562 0.575000 0.528125 0.643750 0.503125 0.660937 0.490625 0.664062 0.490625 0.684375 0.670312 0.684375 0.707812 0.673438 0.775000 0.668750 0.828125 0.659375 0.832812 0.640625 0.839063 0.639062 0.839063 0.632812 0.832812 0.631250 0.831250 0.609375 0.832812 0.570312 0.839063 0.568750 0.839063 0.515625 0.832812 0.514062 0.826562 0.434375
0 0.802902 0.028125 0.642188 0.028125 0.629687 0.053125 0.621875 0.056250 0.621875 0.268750 0.626563 0.268750 0.648438 0.293750 0.673438 0.304688 0.767188 0.317188 0.814063 0.331250 0.818750 0.339062 0.835938 0.339062 0.837500 0.332813 0.864062 0.321875 0.876563 0.310937 0.889062 0.279687 0.895312 0.278125 0.895312 0.118750 0.887500 0.115625 0.867188 0.075000 0.842187 0.051562 0.812500 0.034375 0.810937 0.028125
0 0.319642 0.771875 0.268750 0.771875 0.268750 0.776563 0.260937 0.779687 0.167187 0.778125 0.146875 0.784375 0.109375 0.812500 0.109375 0.950000 0.121875 0.957812 0.140625 0.985938 0.143750 0.998437 0.345313 0.998437 0.357812 0.951562 0.356250 0.909375 0.357812 0.896875 0.364063 0.895312 0.364063 0.881250 0.357812 0.879687 0.357812 0.873437 0.364063 0.871875 0.364063 0.832812 0.357812 0.831250 0.350000 0.801562 0.328125 0.778125 0.328125 0.771875
0 0.749937 0.321875 0.560937 0.321875 0.559375 0.328125 0.548438 0.329688 0.493750 0.329688 0.460938 0.337500 0.431250 0.360938 0.421875 0.389062 0.415625 0.390625 0.415625 0.667188 0.423438 0.670312 0.442188 0.695312 0.481250 0.709375 0.578125 0.715625 0.639062 0.725000 0.645312 0.732812 0.685937 0.732812 0.692187 0.725000 0.745313 0.714063 0.796875 0.696875 0.840625 0.675000 0.864062 0.656250 0.879687 0.620313 0.881250 0.557813 0.882812 0.546875 0.889062 0.545312 0.889062 0.410938 0.881250 0.407813 0.868750 0.384375 0.842187 0.359375 0.762500 0.329688 0.757812 0.321875
0 0.543750 0.003125 0.418750 0.003125 0.390625 0.048438 0.384375 0.050000 0.384375 0.270313 0.418750 0.296875 0.460938 0.312500 0.465625 0.320312 0.562500 0.320312 0.564063 0.314063 0.584375 0.300000 0.601562 0.262500 0.607812 0.260937 0.607812 0.062500 0.601562 0.060937 0.590625 0.040625 0.564063 0.014063 0.553125 0.009375 0.551562 0.003125
7 0.137500 0.840625 0.123438 0.890625 0.159375 0.913020 0.162500 0.939063 0.159375 0.954688 0.137500 0.959375 0.132812 0.954688 0.125000 0.962500 0.137500 0.960938 0.148438 0.970313 0.150000 0.989062 0.181250 0.998437 0.310937 0.993750 0.320312 0.992188 0.342187 0.973437 0.343750 0.964063 0.348438 0.965625 0.353125 0.870313 0.348438 0.804688 0.337500 0.789062 0.309375 0.778125 0.256250 0.785937 0.170313 0.785937 0.165625 0.789062 0.179688 0.800000 0.151562 0.834375
