0 0.246875 0.728125 0.121875 0.728125 0.121875 0.998437 0.285938 0.998437 0.276562 0.984375 0.276562 0.959375 0.282813 0.935937 0.287500 0.787500 0.281250 0.765625 0.254688 0.728125
2 0.504403 0.671875 0.423438 0.671875 0.421875 0.678125 0.387500 0.685937 0.364063 0.696875 0.340625 0.718750 0.328125 0.751563 0.317188 0.892188 0.315625 0.898438 0.309375 0.900000 0.309375 0.998437 0.567187 0.998437 0.571875 0.953125 0.568750 0.939063 0.573438 0.925000 0.571875 0.731250 0.562500 0.704688 0.542188 0.685937 0.514062 0.678125 0.512500 0.671875
8 0.342077 0.000000 0.128125 0.000000 0.128125 0.159375 0.245312 0.162500 0.254688 0.164062 0.256250 0.170313 0.301563 0.170313 0.304688 0.162500 0.331250 0.146875 0.345313 0.121875 0.350000 0.078125 0.351562 0.071875 0.357812 0.070312 0.357812 0.004687 0.350000 0.000000
2 0.579625 0.003125 0.390625 0.003125 0.384375 0.040625 0.378125 0.042188 0.378125 0.192188 0.412500 0.209375 0.453125 0.218750 0.457813 0.226562 0.543750 0.226562 0.545312 0.220312 0.567187 0.209375 0.576562 0.200000 0.584375 0.178125 0.589063 0.059375 0.595313 0.057813 0.595313 0.031250 0.589063 0.029687 0.587500 0.003125
0 0.513958 0.671875 0.403125 0.671875 0.401562 0.678125 0.350000 0.700000 0.326562 0.725000 0.310937 0.876563 0.309375 0.885938 0.303125 0.887500 0.303125 0.998437 0.578125 0.998437 0.579688 0.839063 0.582812 0.793750 0.589063 0.792188 0.589063 0.754687 0.582812 0.753125 0.573438 0.717187 0.559375 0.696875 0.523438 0.678125 0.521875 0.671875
1 0.824769 0.000000 0.615625 0.000000 0.615625 0.178125 0.645312 0.201563 0.667188 0.207813 0.771875 0.220312 0.829688 0.237500 0.832812 0.245312 0.865625 0.245312 0.868750 0.237500 0.876563 0.237500 0.876563 0.039062 0.870313 0.039062 0.832812 0.000000
0 0.192188 0.173437 0.153125 0.181250 0.128125 0.178125 0.128125 0.710938 0.153125 0.714063 0.201563 0.712500 0.296875 0.689063 0.318750 0.678125 0.339062 0.656250 0.353125 0.609375 0.365625 0.514062 0.364063 0.389062 0.375000 0.348438 0.376563 0.321875 0.382812 0.320312 0.382812 0.240625 0.378125 0.240625 0.353125 0.212500 0.289062 0.190625 0.237500 0.184375 0.200000 0.173437
6 0.868750 0.678125 0.821875 0.678125 0.818750 0.685937 0.803125 0.693750 0.750000 0.704688 0.654687 0.706250 0.632812 0.717187 0.618750 0.732812 0.609375 0.759375 0.609375 0.810937 0.603125 0.812500 0.603125 0.931250 0.628125 0.932813 0.639062 0.940625 0.634375 0.956250 0.603125 0.964063 0.603125 0.998437 0.876563 0.998437 0.876563 0.678125
5 0.839063 0.265625 0.810937 0.265625 0.809375 0.271875 0.789062 0.279687 0.521875 0.365625 0.484375 0.370312 0.429688 0.385937 0.390625 0.387500 0.390625 0.526563 0.398438 0.531250 0.403125 0.557813 0.420312 0.589063 0.448437 0.612500 0.504687 0.637500 0.593750 0.656250 0.657813 0.656250 0.696875 0.648438 0.759375 0.628125 0.818750 0.595313 0.848437 0.570312 0.862500 0.551562 0.876563 0.548438 0.876563 0.323437 0.865625 0.315625 0.859375 0.282813 0.848437 0.271875 0.848437 0.265625
0 0.474480 0.234375 0.457813 0.234375 0.456250 0.240625 0.432812 0.248438 0.414062 0.267188 0.396875 0.296875 0.393750 0.342187 0.398438 0.371875 0.406250 0.384375 0.393750 0.401562 0.384375 0.406250 0.384375 0.623437 0.432812 0.648438 0.496875 0.653125 0.620313 0.679688 0.689063 0.682813 0.690625 0.689063 0.715625 0.689063 0.721875 0.681250 0.760938 0.678125 0.818750 0.664062 0.870313 0.642188 0.875000 0.565625 0.875000 0.328125 0.870313 0.293750 0.860938 0.281250 0.853125 0.273438 0.818750 0.259375 0.767188 0.245312 0.726562 0.242188 0.721875 0.234375 0.557813 0.234375 0.553125 0.242188 0.534375 0.243750 0.484375 0.240625 0.482812 0.234375
0 0.859375 0.671875 0.835938 0.671875 0.832812 0.679688 0.776563 0.696875 0.659375 0.704688 0.642188 0.709375 0.621875 0.723437 0.606250 0.754687 0.603125 0.781250 0.596875 0.782813 0.596875 0.998437 0.876563 0.998437 0.876563 0.679688 0.870313 0.679688 0.867188 0.671875
0 0.593694 0.003125 0.381250 0.003125 0.378125 0.021875 0.371875 0.023438 0.371875 0.184375 0.378125 0.184375 0.390625 0.201563 0.415625 0.214062 0.495312 0.226562 0.496875 0.232813 0.509375 0.232813 0.510938 0.226562 0.546875 0.223438 0.571875 0.210938 0.587500 0.193750 0.595313 0.171875 0.601562 0.170313 0.601562 0.003125
7 0.193403 0.740625 0.128125 0.740625 0.128125 0.957812 0.165625 0.979688 0.207813 0.985938 0.239063 0.962500 0.254688 0.928125 0.275000 0.914062 0.281250 0.829688 0.282813 0.823438 0.289062 0.821875 0.289062 0.779687 0.284375 0.779687 0.273438 0.762500 0.257812 0.751563 0.254688 0.740625 0.221875 0.740625 0.218750 0.748437 0.203125 0.746875 0.201563 0.740625
0 0.356198 0.003125 0.128125 0.003125 0.128125 0.159375 0.150000 0.164062 0.225000 0.162500 0.301563 0.167187 0.321875 0.157812 0.339062 0.143750 0.350000 0.126562 0.356250 0.043750 0.357812 0.034375 0.364063 0.032813 0.364063 0.003125
4 0.128125 0.171875 0.128125 0.700000 0.214062 0.704688 0.225000 0.714063 0.226562 0.707812 0.317188 0.667188 0.339062 0.637500 0.359375 0.554688 0.370312 0.400000 0.373437 0.390625 0.382812 0.385937 0.382812 0.375000 0.375000 0.371875 0.371875 0.360938 0.376563 0.309375 0.373437 0.270313 0.370312 0.259375 0.332813 0.221875 0.256250 0.195312 0.234375 0.181250 0.229687 0.171875 0.160938 0.171875 0.156250 0.179688 0.139063 0.178125 0.137500 0.171875
0 0.865625 0.003125 0.615625 0.003125 0.615625 0.181250 0.657813 0.207813 0.764062 0.221875 0.843750 0.245312 0.845313 0.251563 0.860938 0.251563 0.862500 0.245312 0.871875 0.242188 0.875000 0.232813 0.873437 0.003125
