8 0.308855 0.165625 0.242188 0.165625 0.240625 0.171875 0.203125 0.182812 0.203125 0.259375 0.207813 0.259375 0.210938 0.264062 0.218750 0.295312 0.231250 0.300000 0.259375 0.298438 0.345313 0.284375 0.345313 0.257812 0.339062 0.256250 0.317188 0.165625
0 0.795312 0.321875 0.693750 0.321875 0.690625 0.329688 0.632812 0.342187 0.612500 0.351562 0.592187 0.371875 0.584375 0.390625 0.578125 0.392188 0.578125 0.704688 0.584375 0.706250 0.601562 0.734375 0.645312 0.762500 0.706250 0.768750 0.779687 0.764062 0.814063 0.750000 0.834375 0.725000 0.840625 0.685937 0.843750 0.529687 0.845313 0.518750 0.851562 0.517188 0.851562 0.370312 0.846875 0.370312 0.832812 0.346875 0.806250 0.329688 0.803125 0.321875
4 0.776563 0.326562 0.762500 0.329688 0.771875 0.365625 0.765625 0.409375 0.750000 0.445312 0.726562 0.468750 0.720313 0.484375 0.685937 0.689063 0.678125 0.695312 0.678125 0.754687 0.696875 0.759375 0.732812 0.764062 0.796875 0.759375 0.821875 0.739062 0.834375 0.706250 0.837500 0.571875 0.839063 0.559375 0.845313 0.557813 0.845313 0.500000 0.839063 0.498437 0.837500 0.487500 0.837500 0.434375 0.839063 0.421875 0.845313 0.420312 0.845313 0.385937 0.839063 0.384375 0.834375 0.362500 0.825000 0.346875 0.790625 0.326562
1 0.559100 0.084375 0.429688 0.084375 0.425000 0.093750 0.403125 0.106250 0.403125 0.334375 0.409375 0.334375 0.423438 0.350000 0.440625 0.359375 0.490625 0.364063 0.551562 0.353125 0.573438 0.342187 0.595313 0.314063 0.601562 0.312500 0.601562 0.250000 0.595313 0.248438 0.595313 0.239063 0.601562 0.237500 0.601562 0.126562 0.595313 0.125000 0.584375 0.103125 0.567187 0.090625 0.567187 0.084375
7 0.253994 0.740625 0.185938 0.740625 0.178125 0.765625 0.171875 0.767188 0.171875 0.843750 0.179688 0.846875 0.198437 0.871875 0.204687 0.898438 0.220312 0.920312 0.245312 0.925000 0.250000 0.932813 0.257812 0.925000 0.339062 0.925000 0.346875 0.932813 0.348438 0.926562 0.365625 0.923438 0.390625 0.896875 0.395313 0.896875 0.395313 0.796875 0.389062 0.795312 0.378125 0.773438 0.359375 0.759375 0.295312 0.754687 0.265625 0.748437 0.262500 0.740625
0 0.567187 0.084375 0.418750 0.084375 0.418750 0.090625 0.396875 0.107813 0.396875 0.325000 0.435937 0.357812 0.465625 0.364063 0.467187 0.370312 0.506250 0.370312 0.507812 0.364063 0.537500 0.359375 0.565625 0.348438 0.593750 0.320312 0.600000 0.296875 0.601562 0.143750 0.595313 0.115625 0.575000 0.084375
1 0.535547 0.734375 0.445312 0.734375 0.442188 0.742188 0.415625 0.757812 0.415625 0.925000 0.445312 0.925000 0.453125 0.935937 0.464062 0.926562 0.484375 0.931250 0.507812 0.923438 0.520312 0.934375 0.534375 0.931250 0.545312 0.951562 0.553125 0.946875 0.559375 0.932813 0.601562 0.925000 0.601562 0.821875 0.595313 0.820312 0.595313 0.812500 0.601562 0.810937 0.601562 0.782813 0.595313 0.781250 0.582812 0.757812 0.545312 0.740625 0.543750 0.734375
0 0.235244 0.734375 0.182475 0.734073 0.153125 0.748437 0.153125 0.918750 0.160938 0.921875 0.173437 0.945312 0.190625 0.962500 0.250000 0.989062 0.251563 0.995313 0.337500 0.995313 0.339062 0.989062 0.353125 0.985938 0.378125 0.970313 0.392188 0.948438 0.395313 0.923438 0.401562 0.921875 0.401562 0.859375 0.395313 0.857812 0.387500 0.784375 0.365625 0.759375 0.260937 0.745313 0.208870 0.731297
5 0.202344 0.428125 0.176563 0.428125 0.170313 0.445312 0.159375 0.451562 0.159375 0.642188 0.204687 0.657813 0.246875 0.662500 0.253125 0.670312 0.256250 0.648438 0.264062 0.645312 0.264062 0.504687 0.257812 0.503125 0.264062 0.500000 0.264062 0.470313 0.257812 0.470313 0.242188 0.453125 0.212500 0.435937 0.210938 0.428125
0 0.534245 0.734375 0.446875 0.734375 0.445312 0.740625 0.432812 0.745313 0.414062 0.767188 0.409375 0.767188 0.409375 0.943750 0.417187 0.946875 0.434375 0.970313 0.453125 0.981250 0.456250 0.989062 0.559375 0.989062 0.562500 0.981250 0.587500 0.964063 0.601562 0.932813 0.607812 0.931250 0.607812 0.795312 0.601562 0.793750 0.593750 0.770312 0.582812 0.757812 0.543750 0.740625 0.542188 0.734375
0 0.802812 0.778125 0.648438 0.778125 0.625000 0.807813 0.615625 0.812500 0.615625 0.950000 0.620313 0.950000 0.626563 0.960938 0.648438 0.978125 0.648438 0.982812 0.751563 0.982812 0.756250 0.975000 0.787500 0.965625 0.812500 0.943750 0.826562 0.912500 0.832812 0.864062 0.839063 0.862500 0.839063 0.815625 0.831250 0.812500 0.825000 0.798438 0.810937 0.784375 0.810937 0.778125
0 0.388778 0.365625 0.307812 0.365625 0.303125 0.373437 0.259375 0.376563 0.218750 0.385937 0.171875 0.406250 0.134375 0.437500 0.134375 0.631250 0.140625 0.632812 0.145313 0.659375 0.154688 0.675000 0.182812 0.698438 0.237500 0.720313 0.273438 0.728125 0.318750 0.734375 0.373437 0.734375 0.520312 0.717187 0.543750 0.707812 0.556250 0.693750 0.564063 0.670312 0.570312 0.668750 0.570312 0.428125 0.564063 0.426563 0.553125 0.401562 0.535937 0.389062 0.443750 0.382812 0.401562 0.373437 0.396875 0.365625
0 0.340378 0.078125 0.195312 0.078125 0.189062 0.089063 0.170313 0.100000 0.132812 0.140625 0.128125 0.140625 0.128125 0.346875 0.134375 0.346875 0.140625 0.359375 0.164062 0.376563 0.165625 0.382812 0.196875 0.382812 0.201563 0.375000 0.273438 0.353125 0.348438 0.345313 0.371875 0.326562 0.382812 0.285938 0.381250 0.126562 0.370312 0.103125 0.348438 0.078125
0 0.775000 0.078125 0.650000 0.078125 0.650000 0.084375 0.629687 0.109375 0.621875 0.112500 0.621875 0.282813 0.648438 0.306250 0.664062 0.312500 0.721875 0.306250 0.801562 0.306250 0.817187 0.300000 0.839063 0.278125 0.845313 0.256250 0.851562 0.254688 0.851562 0.151562 0.843750 0.148438 0.832812 0.123438 0.807813 0.098437 0.785937 0.085938 0.782813 0.078125
4 0.693750 0.328125 0.685937 0.328125 0.681250 0.335938 0.625000 0.346875 0.606250 0.360938 0.590625 0.382812 0.584375 0.382812 0.584375 0.710938 0.620313 0.740625 0.628125 0.732812 0.634375 0.685937 0.678125 0.512500 0.684375 0.462500 0.675000 0.429688 0.675000 0.406250 0.684375 0.365625 0.693750 0.348438 0.701562 0.345313 0.701562 0.328125
5 0.518750 0.421875 0.409375 0.421875 0.409375 0.643750 0.459375 0.673438 0.464062 0.682813 0.485938 0.682813 0.487500 0.676562 0.500000 0.671875 0.534375 0.667188 0.545312 0.654687 0.551562 0.600000 0.557813 0.598437 0.557813 0.448437 0.531250 0.431250 0.526563 0.421875
5 0.397991 0.440625 0.290625 0.440625 0.290625 0.489063 0.303125 0.492188 0.307812 0.485938 0.314063 0.485938 0.325000 0.500000 0.331250 0.515625 0.329688 0.537500 0.300000 0.618750 0.298438 0.635938 0.303125 0.640625 0.398438 0.643750 0.406250 0.639062 0.414062 0.582812 0.412500 0.489063 0.406250 0.440625
6 0.776475 0.090625 0.642188 0.090625 0.629687 0.109375 0.621875 0.112500 0.621875 0.282813 0.628125 0.282813 0.656250 0.309375 0.656250 0.314063 0.698438 0.314063 0.703125 0.306250 0.734375 0.303125 0.795312 0.306250 0.815625 0.298438 0.832812 0.282813 0.842187 0.254688 0.848437 0.160938 0.804688 0.106250 0.785937 0.096875 0.784375 0.090625
5 0.292969 0.440625 0.267188 0.440625 0.265625 0.448437 0.253125 0.451562 0.253125 0.570312 0.259375 0.571875 0.260937 0.612500 0.259375 0.632812 0.253125 0.634375 0.253125 0.678125 0.265625 0.682813 0.278125 0.678125 0.289062 0.664062 0.301563 0.632812 0.304688 0.606250 0.321875 0.556250 0.331250 0.535937 0.339062 0.534375 0.339062 0.514062 0.332813 0.512500 0.300000 0.457813 0.301563 0.440625
