0 0.885812 0.146875 0.695312 0.146875 0.695312 0.153125 0.678125 0.165625 0.678125 0.221875 0.684375 0.223438 0.695312 0.253125 0.709375 0.345313 0.732812 0.375000 0.765625 0.382812 0.896875 0.382812 0.923438 0.371875 0.937500 0.353125 0.945312 0.350000 0.945312 0.207813 0.937500 0.204687 0.918750 0.171875 0.900000 0.157812 0.893750 0.146875
1 0.837327 0.153125 0.700000 0.160938 0.684887 0.183303 0.690625 0.228125 0.700000 0.256250 0.712500 0.342187 0.717187 0.353125 0.737500 0.371875 0.892188 0.373437 0.910937 0.365625 0.918750 0.353125 0.926562 0.350000 0.920312 0.243750 0.900000 0.200000 0.876563 0.176563 0.846875 0.160938
2 0.906125 0.403125 0.715625 0.403125 0.715625 0.409375 0.701562 0.425000 0.696875 0.425000 0.696875 0.529687 0.704688 0.532813 0.720313 0.567187 0.734375 0.578125 0.750000 0.582812 0.879687 0.579688 0.914062 0.571875 0.926562 0.557813 0.932813 0.534375 0.929688 0.440625 0.914062 0.403125
4 0.654297 0.565625 0.564063 0.565625 0.562500 0.571875 0.554688 0.573438 0.515625 0.575000 0.382812 0.575000 0.359375 0.579688 0.342187 0.589063 0.321875 0.615625 0.304688 0.681250 0.296875 0.685937 0.296875 0.768750 0.314063 0.773438 0.343750 0.815625 0.340625 0.839063 0.450000 0.839063 0.450000 0.832812 0.457813 0.828125 0.445312 0.818750 0.398438 0.823438 0.357812 0.815625 0.357812 0.789062 0.375000 0.779687 0.407813 0.782813 0.425000 0.778125 0.440625 0.784375 0.459375 0.779687 0.478125 0.787500 0.510938 0.778125 0.526563 0.787500 0.545312 0.778125 0.564063 0.798438 0.570312 0.798438 0.584375 0.784375 0.634375 0.784375 0.651563 0.787500 0.660937 0.796875 0.667188 0.815625 0.695312 0.812500 0.710938 0.795312 0.725000 0.757812 0.732812 0.754687 0.732812 0.689063 0.726562 0.687500 0.715625 0.634375 0.701562 0.600000 0.687500 0.582812 0.667188 0.575000 0.662500 0.565625
0 0.671875 0.565625 0.437500 0.565625 0.437500 0.570312 0.429688 0.573438 0.376563 0.573438 0.340625 0.584375 0.318750 0.607812 0.298438 0.679688 0.290625 0.682813 0.290625 0.812500 0.318750 0.837500 0.335938 0.845313 0.337500 0.851562 0.390625 0.851562 0.392188 0.845313 0.403125 0.843750 0.535937 0.835938 0.587500 0.837500 0.690625 0.828125 0.709375 0.821875 0.720313 0.812500 0.732812 0.787500 0.739062 0.785937 0.739062 0.671875 0.731250 0.667188 0.726562 0.642188 0.707812 0.595313 0.679688 0.570312 0.679688 0.565625
6 0.130312 0.140625 0.095312 0.140625 0.073438 0.181250 0.051562 0.206250 0.046875 0.206250 0.046875 0.304688 0.081250 0.328125 0.081250 0.334375 0.062500 0.346875 0.062500 0.359375 0.085938 0.376563 0.106250 0.381250 0.253125 0.379688 0.284375 0.370312 0.296875 0.359375 0.304688 0.342187 0.312500 0.270313 0.325000 0.221875 0.332813 0.217188 0.332813 0.203125 0.328125 0.203125 0.320312 0.189062 0.303125 0.176563 0.257812 0.176563 0.246875 0.171875 0.232813 0.156250 0.221875 0.153125 0.190625 0.165625 0.178125 0.165625 0.142187 0.148438 0.139063 0.140625
2 0.298214 0.409375 0.081250 0.409375 0.065625 0.429688 0.059375 0.429688 0.059375 0.576562 0.065625 0.576562 0.082812 0.592187 0.109375 0.601562 0.267188 0.596875 0.296875 0.585938 0.315625 0.564063 0.329688 0.515625 0.328125 0.448437 0.306250 0.409375
0 0.920133 0.396875 0.720313 0.396875 0.720313 0.401562 0.696875 0.420312 0.696875 0.534375 0.703125 0.535937 0.720313 0.570312 0.735938 0.581250 0.739062 0.589063 0.914062 0.589063 0.917188 0.581250 0.951562 0.554688 0.951562 0.425000 0.943750 0.421875 0.928125 0.403125 0.928125 0.396875
0 0.292020 0.396875 0.076563 0.396875 0.050000 0.429688 0.040625 0.432812 0.040625 0.571875 0.045312 0.571875 0.065625 0.595313 0.100000 0.607812 0.101562 0.614062 0.151562 0.614062 0.153125 0.607812 0.168750 0.606250 0.265625 0.603125 0.290625 0.595313 0.315625 0.571875 0.332813 0.512500 0.339062 0.510938 0.339062 0.462500 0.332813 0.460938 0.323437 0.426563 0.300000 0.396875
5 0.443125 0.184375 0.367188 0.184375 0.359375 0.217188 0.346875 0.223438 0.346875 0.346875 0.354687 0.351562 0.357812 0.371875 0.364063 0.481250 0.376563 0.510938 0.370312 0.521875 0.371875 0.532813 0.414062 0.532813 0.415625 0.515625 0.467187 0.407813 0.518750 0.276562 0.526563 0.271875 0.526563 0.264062 0.520312 0.262500 0.514062 0.245312 0.501563 0.232813 0.509375 0.210938 0.514062 0.229687 0.517188 0.217188 0.526563 0.212500 0.526563 0.184375 0.507812 0.184375 0.500000 0.193750 0.457813 0.192188 0.451562 0.184375
0 0.612392 0.134375 0.390625 0.134375 0.390625 0.140625 0.367188 0.168750 0.345313 0.212500 0.335938 0.243750 0.328125 0.246875 0.328125 0.400000 0.335938 0.403125 0.340625 0.425000 0.350000 0.528125 0.376563 0.564063 0.525000 0.564063 0.526563 0.557813 0.537500 0.556250 0.640625 0.554688 0.656250 0.546875 0.671875 0.531250 0.681250 0.503125 0.687500 0.395313 0.695312 0.390625 0.695312 0.318750 0.687500 0.312500 0.673438 0.228125 0.650000 0.179688 0.621875 0.143750 0.620313 0.134375
0 0.921792 0.596875 0.779687 0.596875 0.776563 0.604688 0.746875 0.626563 0.746875 0.693750 0.753125 0.695312 0.753125 0.717187 0.746875 0.718750 0.746875 0.792188 0.753125 0.793750 0.779687 0.826562 0.865625 0.826562 0.867188 0.820312 0.893750 0.815625 0.912500 0.806250 0.934375 0.784375 0.953125 0.748437 0.957812 0.709375 0.964063 0.707812 0.964063 0.667188 0.957812 0.665625 0.953125 0.631250 0.929688 0.596875
0 0.242023 0.615625 0.098437 0.615625 0.096875 0.621875 0.078125 0.628125 0.053125 0.651563 0.046875 0.651563 0.046875 0.790625 0.054688 0.793750 0.076563 0.826562 0.096875 0.837500 0.100000 0.845313 0.257812 0.845313 0.275000 0.814063 0.281250 0.787500 0.281250 0.715625 0.282813 0.701562 0.289062 0.700000 0.289062 0.662500 0.282813 0.660937 0.271875 0.637500 0.253125 0.623437 0.250000 0.615625
0 0.293625 0.128125 0.103125 0.128125 0.098437 0.137500 0.078125 0.146875 0.048438 0.187500 0.040625 0.190625 0.040625 0.353125 0.067187 0.376563 0.095312 0.387500 0.245312 0.385937 0.271875 0.382812 0.295312 0.370312 0.310937 0.345313 0.317188 0.271875 0.331250 0.212500 0.339062 0.207813 0.339062 0.162500 0.306250 0.137500 0.301563 0.128125
7 0.907813 0.603125 0.775000 0.603125 0.775000 0.607812 0.753125 0.625000 0.753125 0.785937 0.759375 0.785937 0.776563 0.804688 0.804688 0.812500 0.809375 0.820312 0.832812 0.820312 0.835938 0.812500 0.846875 0.807813 0.901563 0.806250 0.929688 0.781250 0.945312 0.754687 0.948438 0.732812 0.964063 0.721875 0.964063 0.707812 0.956250 0.706250 0.943750 0.693750 0.929688 0.660937 0.907813 0.628125 0.915625 0.603125
5 0.631250 0.190625 0.603125 0.190625 0.604688 0.212500 0.598437 0.235937 0.584375 0.259375 0.562500 0.278125 0.550000 0.296875 0.485938 0.481250 0.478125 0.484375 0.478125 0.543750 0.623437 0.546875 0.631250 0.534375 0.632812 0.490625 0.682813 0.475000 0.682813 0.437500 0.676562 0.435937 0.662500 0.390625 0.657813 0.282813 0.640625 0.190625
5 0.624062 0.484375 0.589063 0.484375 0.587500 0.490625 0.553125 0.500000 0.512500 0.501563 0.479687 0.506250 0.470313 0.518750 0.465625 0.518750 0.465625 0.551562 0.470313 0.551562 0.471875 0.545312 0.495312 0.543750 0.584375 0.543750 0.598437 0.545312 0.600000 0.551562 0.621875 0.551562 0.621875 0.546875 0.626563 0.542188 0.632812 0.542188 0.632812 0.484375
3 0.128125 0.800000 0.117188 0.831250 0.129688 0.840625 0.171875 0.846875 0.237500 0.839063 0.250000 0.831250 0.246875 0.825000 0.181250 0.828125 0.178125 0.820312 0.156250 0.820312 0.151562 0.806250 0.135937 0.796875
3 0.059375 0.665625 0.057813 0.734375 0.068750 0.775000 0.100000 0.775000 0.109375 0.787500 0.123438 0.775000 0.148438 0.776563 0.157812 0.784375 0.164062 0.807813 0.165625 0.793750 0.181250 0.775000 0.254688 0.778125 0.276562 0.773438 0.284375 0.664062 0.275000 0.642188 0.254688 0.625000 0.192188 0.618750 0.106250 0.625000 0.073438 0.640625
