5 0.345313 0.403125 0.337500 0.403125 0.337500 0.409375 0.320312 0.429688 0.309375 0.451562 0.304688 0.476562 0.296875 0.481250 0.296875 0.600000 0.303125 0.601562 0.309375 0.635938 0.321875 0.651563 0.318750 0.673438 0.326562 0.693750 0.332813 0.701562 0.337500 0.700000 0.339062 0.676562 0.342187 0.687500 0.353125 0.695312 0.373437 0.723437 0.385937 0.729688 0.514062 0.564063 0.509375 0.564063 0.485938 0.537500 0.421875 0.481250 0.354687 0.410938 0.353125 0.403125
7 0.316406 0.178125 0.290625 0.178125 0.290625 0.235937 0.296875 0.235937 0.304688 0.246875 0.300000 0.264062 0.301563 0.273438 0.315625 0.282813 0.325000 0.301563 0.337500 0.315625 0.360938 0.328125 0.398438 0.331250 0.425000 0.325000 0.442188 0.306250 0.457813 0.278125 0.464062 0.276562 0.464062 0.260937 0.457813 0.259375 0.446875 0.237500 0.429688 0.220312 0.409375 0.212500 0.387500 0.212500 0.384375 0.209375 0.389062 0.196875 0.387500 0.189062 0.368750 0.185938 0.353125 0.198437 0.345313 0.198437 0.329688 0.187500 0.325000 0.178125
1 0.579063 0.515625 0.545312 0.515625 0.535937 0.534375 0.528125 0.537500 0.528125 0.707812 0.553125 0.723437 0.584375 0.726562 0.585938 0.732812 0.639062 0.732812 0.639062 0.728125 0.645312 0.725000 0.670312 0.723437 0.690625 0.709375 0.700000 0.685937 0.698438 0.576562 0.684375 0.560937 0.603125 0.529687 0.590625 0.523438 0.587500 0.515625
4 0.513542 0.184375 0.496875 0.184375 0.489063 0.196875 0.479687 0.245312 0.471875 0.251563 0.471875 0.271875 0.479687 0.278125 0.478125 0.295312 0.471875 0.296875 0.471875 0.321875 0.479687 0.325000 0.482812 0.360938 0.495312 0.382812 0.534375 0.382812 0.537500 0.375000 0.550000 0.368750 0.578125 0.360938 0.692187 0.306250 0.704688 0.296875 0.712500 0.278125 0.720313 0.275000 0.720313 0.239063 0.712500 0.235937 0.696875 0.210938 0.684375 0.201563 0.660937 0.196875 0.595313 0.196875 0.579688 0.193750 0.575000 0.184375 0.550000 0.184375 0.546875 0.193750 0.537500 0.193750 0.523438 0.190625 0.521875 0.184375
0 0.694792 0.328125 0.653125 0.328125 0.653125 0.332813 0.639062 0.342187 0.534375 0.395313 0.534375 0.478125 0.662500 0.535937 0.670312 0.540625 0.670312 0.545312 0.685937 0.545312 0.687500 0.539062 0.698438 0.534375 0.712500 0.512500 0.714063 0.459375 0.720313 0.457813 0.720313 0.353125 0.714063 0.351562 0.703125 0.328125
0 0.666984 0.184375 0.490625 0.184375 0.485938 0.198437 0.478125 0.201563 0.478125 0.368750 0.495312 0.379688 0.500000 0.389062 0.532813 0.389062 0.535937 0.381250 0.607812 0.351562 0.696875 0.306250 0.715625 0.289062 0.720313 0.278125 0.718750 0.229687 0.701562 0.198437 0.676562 0.190625 0.675000 0.184375
0 0.596680 0.515625 0.540625 0.515625 0.537500 0.525000 0.528125 0.528125 0.528125 0.721875 0.542188 0.729688 0.546875 0.739062 0.676562 0.739062 0.678125 0.732812 0.693750 0.726562 0.706250 0.707812 0.714063 0.704688 0.714063 0.578125 0.709375 0.578125 0.695312 0.560937 0.617188 0.528125 0.607812 0.523438 0.604688 0.515625
5 0.498437 0.603125 0.479687 0.603125 0.478125 0.610938 0.451562 0.643750 0.426563 0.679688 0.420312 0.685937 0.415625 0.685937 0.415625 0.707812 0.496875 0.707812 0.496875 0.703125 0.501563 0.695312 0.498437 0.668750 0.498437 0.626563 0.501563 0.612500 0.507812 0.610938 0.507812 0.603125
5 0.363542 0.371875 0.296875 0.371875 0.296875 0.476562 0.301563 0.476562 0.303125 0.462500 0.315625 0.432812 0.335938 0.407813 0.346875 0.401562 0.454688 0.509375 0.478125 0.528125 0.489063 0.526563 0.492188 0.520312 0.490625 0.503125 0.503125 0.464062 0.507812 0.454688 0.514062 0.453125 0.514062 0.445312 0.468750 0.429688 0.415625 0.404687 0.382812 0.385937 0.371875 0.376563 0.371875 0.371875
0 0.432466 0.171875 0.309075 0.166984 0.293750 0.176563 0.283803 0.196769 0.284375 0.296875 0.290625 0.296875 0.320312 0.315625 0.342187 0.320312 0.423438 0.356250 0.439063 0.356250 0.456250 0.348438 0.468750 0.331250 0.470313 0.209375 0.464062 0.193750 0.451641 0.182523 0.440625 0.171875
0 0.315556 0.326161 0.290625 0.337500 0.278125 0.345313 0.278125 0.728125 0.306250 0.737500 0.412500 0.739062 0.493750 0.732812 0.507812 0.720313 0.515625 0.692187 0.520312 0.500000 0.520312 0.484375 0.520312 0.454688 0.520312 0.429688 0.515625 0.414062 0.504687 0.401562 0.357812 0.343750 0.345313 0.337500
1 0.690625 0.328125 0.673912 0.331269 0.656250 0.335938 0.557813 0.382812 0.534375 0.398438 0.534375 0.476562 0.660937 0.534375 0.671875 0.537500 0.692187 0.534375 0.709375 0.512500 0.714063 0.407813 0.714063 0.359375
