0 0.379553 0.546875 0.109375 0.546875 0.106250 0.554688 0.065625 0.582812 0.065625 0.817187 0.070312 0.817187 0.087500 0.839063 0.098437 0.843750 0.101562 0.851562 0.296875 0.851562 0.298438 0.845313 0.326562 0.835938 0.351562 0.801562 0.398438 0.682813 0.420312 0.610938 0.426563 0.609375 0.426563 0.596875 0.420312 0.595313 0.414062 0.576562 0.387500 0.551562 0.387500 0.546875
4 0.848312 0.465625 0.657813 0.465625 0.656250 0.471875 0.631250 0.475000 0.603125 0.500000 0.603125 0.551562 0.610938 0.553125 0.654687 0.634375 0.685937 0.664062 0.685937 0.671875 0.676562 0.678125 0.665625 0.668750 0.665625 0.673438 0.681250 0.692187 0.703125 0.732812 0.732812 0.798438 0.759375 0.823438 0.770312 0.826562 0.771875 0.832812 0.809375 0.832812 0.814063 0.825000 0.848437 0.820312 0.873437 0.800000 0.884375 0.784375 0.890625 0.760938 0.893750 0.676562 0.896875 0.671875 0.914062 0.676562 0.914062 0.656250 0.909375 0.656250 0.895312 0.637500 0.895312 0.618750 0.914062 0.617188 0.914062 0.604688 0.900000 0.606250 0.889062 0.590625 0.889062 0.509375 0.882812 0.495312 0.856250 0.470313 0.856250 0.465625
0 0.846819 0.459375 0.634375 0.459375 0.631250 0.467187 0.596875 0.493750 0.596875 0.546875 0.604688 0.550000 0.651563 0.643750 0.675000 0.665625 0.679688 0.689063 0.728125 0.789062 0.740625 0.806250 0.762500 0.823438 0.812500 0.826562 0.856250 0.818750 0.881250 0.796875 0.890625 0.776563 0.895312 0.693750 0.904687 0.665625 0.898438 0.651563 0.893750 0.525000 0.884375 0.493750 0.854688 0.459375
0 0.589063 0.165625 0.089063 0.165625 0.089063 0.170313 0.059375 0.195312 0.064391 0.496703 0.090625 0.531250 0.114062 0.539062 0.321875 0.535937 0.520312 0.535937 0.551562 0.525000 0.576562 0.490625 0.634375 0.337500 0.656250 0.262500 0.664062 0.259375 0.664062 0.206250 0.659375 0.206250 0.640625 0.182812 0.618750 0.173437 0.598437 0.171875 0.596875 0.165625
7 0.725781 0.209375 0.717187 0.209375 0.717187 0.214062 0.703125 0.220312 0.689063 0.237500 0.648438 0.357812 0.640625 0.360938 0.640625 0.400000 0.650000 0.400000 0.681250 0.420312 0.715625 0.432812 0.717187 0.439063 0.779687 0.439063 0.782813 0.431250 0.809375 0.421875 0.821875 0.410938 0.839063 0.370312 0.845313 0.337500 0.864062 0.307812 0.857812 0.253125 0.864062 0.225000 0.862500 0.209375 0.854688 0.209375 0.850000 0.218750 0.826562 0.234375 0.739062 0.217188 0.734375 0.209375
6 0.384330 0.559375 0.125000 0.559375 0.125000 0.564063 0.107813 0.576562 0.096875 0.607812 0.097733 0.743789 0.098437 0.771875 0.103125 0.778125 0.115625 0.782813 0.123438 0.776563 0.146875 0.776563 0.164062 0.798438 0.176563 0.781250 0.190625 0.776563 0.210938 0.776563 0.220312 0.781250 0.234375 0.776563 0.276562 0.776563 0.287500 0.781250 0.307812 0.778125 0.326562 0.796875 0.331250 0.795312 0.345313 0.773438 0.404687 0.621875 0.414062 0.615625 0.414062 0.585938 0.404687 0.581250 0.392188 0.559375
5 0.429531 0.378125 0.278125 0.378125 0.278125 0.498437 0.285938 0.501563 0.301563 0.532813 0.337500 0.532813 0.340625 0.525000 0.431250 0.485938 0.468750 0.462500 0.500000 0.432812 0.514062 0.410938 0.515625 0.403125 0.510938 0.401562 0.484375 0.403125 0.459375 0.396875 0.440625 0.385937 0.437500 0.378125
2 0.573327 0.553125 0.470313 0.553125 0.446875 0.587500 0.418750 0.682813 0.393750 0.743750 0.384375 0.751563 0.384375 0.779687 0.403125 0.782813 0.418750 0.775000 0.468750 0.775000 0.479687 0.782813 0.492188 0.782813 0.501563 0.776563 0.543750 0.776563 0.556250 0.784375 0.564063 0.803125 0.584375 0.785937 0.646875 0.785937 0.664062 0.801562 0.671875 0.796875 0.682813 0.767188 0.689063 0.765625 0.689063 0.756250 0.682813 0.754687 0.581250 0.553125
5 0.268403 0.378125 0.203125 0.378125 0.203125 0.459375 0.207813 0.459375 0.210938 0.464062 0.218750 0.520312 0.270313 0.520312 0.271875 0.514062 0.289062 0.510938 0.289062 0.493750 0.282813 0.492188 0.278125 0.464062 0.276562 0.378125
0 0.569952 0.546875 0.471875 0.546875 0.450000 0.573438 0.385937 0.735938 0.378125 0.739062 0.378125 0.804688 0.387500 0.809375 0.406250 0.839063 0.610938 0.839063 0.612500 0.832812 0.621875 0.829688 0.665625 0.823438 0.684375 0.809375 0.695312 0.793750 0.701562 0.793750 0.701562 0.753125 0.692187 0.748437 0.676562 0.712500 0.646875 0.667188 0.607812 0.582812 0.578125 0.546875
0 0.851216 0.178125 0.712500 0.178125 0.712500 0.184375 0.690625 0.215625 0.643750 0.353125 0.634375 0.359375 0.634375 0.421875 0.667188 0.443750 0.670312 0.451562 0.834375 0.451562 0.835938 0.445312 0.864062 0.432812 0.878125 0.418750 0.889062 0.387500 0.895312 0.385937 0.895312 0.243750 0.889062 0.242188 0.882812 0.207813 0.859375 0.178125
5 0.471875 0.209375 0.221875 0.209375 0.215625 0.217188 0.134375 0.226562 0.121875 0.232813 0.121875 0.262500 0.128125 0.264062 0.131250 0.279687 0.132812 0.323437 0.153125 0.328125 0.271875 0.329688 0.345313 0.339062 0.418750 0.339062 0.431250 0.337500 0.460938 0.318750 0.500000 0.312500 0.526563 0.320312 0.557813 0.346875 0.570312 0.326562 0.593750 0.257812 0.601562 0.253125 0.601562 0.239063 0.584375 0.231250 0.481250 0.215625 0.479687 0.209375
