0 0.631202 0.140625 0.387500 0.140625 0.387500 0.146875 0.365625 0.168750 0.345313 0.209375 0.329688 0.267188 0.321875 0.271875 0.321875 0.415625 0.329688 0.418750 0.335938 0.445312 0.345313 0.550000 0.353125 0.570312 0.376563 0.590625 0.376563 0.595313 0.595313 0.595313 0.596875 0.589063 0.637500 0.587500 0.660937 0.581250 0.671875 0.576562 0.684375 0.562500 0.692187 0.537500 0.698438 0.442188 0.707812 0.393750 0.714063 0.392188 0.714063 0.312500 0.707812 0.310937 0.704688 0.271875 0.687500 0.221875 0.665625 0.178125 0.639062 0.146875 0.639062 0.140625
4 0.695228 0.603125 0.410938 0.603125 0.409375 0.609375 0.364063 0.612500 0.342187 0.620313 0.320312 0.651563 0.310937 0.685937 0.303125 0.689063 0.303125 0.771875 0.318750 0.778125 0.325000 0.795312 0.343750 0.814063 0.337500 0.829688 0.325000 0.840625 0.323437 0.853125 0.365625 0.868750 0.370312 0.876563 0.490625 0.876563 0.496875 0.868750 0.546875 0.870313 0.584375 0.862500 0.664062 0.860938 0.710938 0.850000 0.737500 0.817187 0.745313 0.756250 0.751563 0.754687 0.751563 0.725000 0.745313 0.723437 0.721875 0.626563 0.703125 0.603125
8 0.904017 0.621875 0.853125 0.621875 0.848437 0.629687 0.804688 0.635938 0.793750 0.640625 0.770312 0.667188 0.765625 0.667188 0.765625 0.734375 0.771875 0.735938 0.795312 0.768750 0.803125 0.793750 0.864062 0.793750 0.896875 0.782813 0.921875 0.765625 0.937500 0.743750 0.945312 0.740625 0.945312 0.712500 0.940625 0.712500 0.937500 0.704688 0.935937 0.654687 0.931250 0.642188 0.912500 0.626563 0.912500 0.621875
2 0.932813 0.421875 0.737500 0.421875 0.715625 0.456250 0.709375 0.457813 0.709375 0.546875 0.715625 0.548438 0.732812 0.592187 0.753125 0.609375 0.753125 0.614062 0.812500 0.614062 0.814063 0.607812 0.829688 0.606250 0.918750 0.604688 0.931250 0.601562 0.945312 0.589063 0.957812 0.556250 0.964063 0.554688 0.964063 0.542188 0.957812 0.540625 0.956250 0.532813 0.957812 0.457813 0.940625 0.421875
1 0.884375 0.159375 0.712500 0.159375 0.707812 0.170313 0.696875 0.175000 0.696875 0.223438 0.704688 0.226562 0.718750 0.273438 0.729688 0.360938 0.740625 0.381250 0.765625 0.395313 0.767188 0.401562 0.818750 0.401562 0.820312 0.395313 0.834375 0.393750 0.912500 0.392188 0.931250 0.385937 0.946875 0.367188 0.951562 0.367188 0.951562 0.235937 0.945312 0.234375 0.923438 0.192188 0.892188 0.165625 0.892188 0.159375
0 0.696875 0.603125 0.376563 0.603125 0.371875 0.610938 0.345313 0.617188 0.321875 0.639062 0.304688 0.692187 0.296875 0.696875 0.296875 0.851562 0.303125 0.851562 0.323437 0.876563 0.571875 0.876563 0.573438 0.870313 0.589063 0.867188 0.692187 0.865625 0.720313 0.856250 0.737500 0.840625 0.751563 0.803125 0.757812 0.801562 0.757812 0.718750 0.750000 0.714063 0.725000 0.629687 0.704688 0.603125
2 0.295097 0.434375 0.070312 0.434375 0.065625 0.443750 0.046875 0.456250 0.046875 0.606250 0.079687 0.631250 0.082812 0.639062 0.137500 0.639062 0.139063 0.632812 0.150000 0.631250 0.265625 0.631250 0.289062 0.623437 0.310937 0.600000 0.326562 0.546875 0.332813 0.545312 0.332813 0.478125 0.326562 0.476562 0.303125 0.434375
0 0.942067 0.415625 0.743750 0.415625 0.715625 0.453125 0.709375 0.454688 0.709375 0.551562 0.715625 0.553125 0.731250 0.593750 0.756250 0.612500 0.759375 0.620313 0.837500 0.620313 0.839063 0.614062 0.845313 0.614062 0.846875 0.620313 0.868750 0.620313 0.870313 0.614062 0.928125 0.612500 0.957812 0.601562 0.971875 0.584375 0.976562 0.584375 0.976562 0.445312 0.968750 0.442188 0.950000 0.415625
0 0.287284 0.428125 0.062500 0.428125 0.062500 0.434375 0.028125 0.464062 0.028125 0.595313 0.034375 0.596875 0.043750 0.615625 0.059375 0.631250 0.073438 0.637500 0.076563 0.645312 0.167187 0.645312 0.168750 0.639062 0.173437 0.645312 0.212500 0.645312 0.214062 0.639062 0.256250 0.637500 0.289062 0.626563 0.317188 0.592187 0.326562 0.560937 0.331250 0.514062 0.325000 0.467187 0.314063 0.450000 0.295312 0.434375 0.295312 0.428125
1 0.295183 0.159375 0.112500 0.159375 0.109375 0.167187 0.089063 0.179688 0.060937 0.217188 0.053125 0.218750 0.053125 0.390625 0.076563 0.404687 0.103125 0.407813 0.104688 0.414062 0.131250 0.414062 0.132812 0.407813 0.160938 0.406250 0.246875 0.407813 0.281250 0.396875 0.301563 0.365625 0.310937 0.265625 0.326562 0.206250 0.332813 0.204687 0.303125 0.159375
0 0.909125 0.146875 0.715625 0.146875 0.703125 0.165625 0.700656 0.216302 0.717187 0.282813 0.726562 0.359375 0.734375 0.378125 0.753125 0.395313 0.775000 0.401562 0.818750 0.400000 0.921875 0.400000 0.950000 0.390625 0.978125 0.359375 0.978502 0.232959 0.954688 0.182812 0.921875 0.156250
0 0.301563 0.146875 0.075000 0.146875 0.075000 0.153125 0.059375 0.164062 0.028125 0.204687 0.021875 0.206250 0.021875 0.375000 0.029687 0.376563 0.045312 0.400000 0.081250 0.414062 0.082812 0.420312 0.132812 0.420312 0.134375 0.414062 0.154688 0.412500 0.245312 0.412500 0.279687 0.401562 0.303125 0.371875 0.310937 0.279687 0.325000 0.225000 0.332813 0.220312 0.332813 0.176563 0.325000 0.173437 0.309375 0.146875
5 0.407813 0.228125 0.379688 0.228125 0.379688 0.232813 0.371875 0.235937 0.371875 0.340625 0.379688 0.343750 0.381250 0.351562 0.390625 0.545312 0.390625 0.554688 0.384375 0.559375 0.371875 0.557813 0.371875 0.565625 0.387500 0.568750 0.400000 0.582812 0.400000 0.589063 0.437500 0.589063 0.442188 0.581250 0.525000 0.546875 0.590625 0.551562 0.592187 0.545312 0.560937 0.504687 0.551562 0.445312 0.425000 0.248438 0.417187 0.228125
0 0.240328 0.653125 0.078125 0.653125 0.076563 0.659375 0.040625 0.684375 0.040625 0.829688 0.048438 0.832812 0.068750 0.865625 0.082812 0.873437 0.129688 0.875000 0.229687 0.875000 0.264062 0.868750 0.273438 0.850000 0.271875 0.804688 0.276562 0.771875 0.282813 0.770312 0.282813 0.762500 0.276562 0.760938 0.276562 0.746875 0.282813 0.745313 0.282813 0.690625 0.275000 0.689063 0.248438 0.653125
0 0.926433 0.621875 0.839063 0.621875 0.837500 0.628125 0.792188 0.639062 0.765625 0.662500 0.765625 0.823438 0.770312 0.823438 0.790625 0.846875 0.823438 0.857812 0.825000 0.864062 0.853125 0.864062 0.854688 0.857812 0.914062 0.850000 0.943750 0.832812 0.970313 0.798438 0.979688 0.764062 0.978125 0.664062 0.957812 0.637500 0.935937 0.628125 0.934375 0.621875
7 0.234091 0.653125 0.153125 0.653125 0.146875 0.660937 0.101562 0.662500 0.093750 0.670312 0.084375 0.712500 0.078125 0.714063 0.078125 0.731250 0.084375 0.732812 0.087500 0.742188 0.087500 0.754687 0.078125 0.759375 0.078125 0.779687 0.089063 0.782813 0.095312 0.795312 0.087500 0.812500 0.098437 0.842187 0.128125 0.871875 0.128125 0.876563 0.221875 0.876563 0.240625 0.853125 0.246875 0.828125 0.229687 0.814063 0.221875 0.796875 0.232813 0.782813 0.259375 0.779687 0.271875 0.773438 0.275000 0.735938 0.282813 0.729688 0.282813 0.692187 0.278125 0.692187 0.254688 0.664062 0.243750 0.659375 0.242188 0.653125
5 0.651420 0.221875 0.484375 0.221875 0.484375 0.245312 0.492188 0.248438 0.584375 0.414062 0.603125 0.435937 0.625000 0.450000 0.628125 0.457813 0.640625 0.457813 0.640625 0.420312 0.665625 0.357812 0.676562 0.301563 0.682813 0.300000 0.682813 0.243750 0.662500 0.229687 0.659375 0.221875
5 0.376563 0.253125 0.353125 0.253125 0.353125 0.482812 0.359375 0.484375 0.367188 0.564063 0.395313 0.564063 0.395313 0.490625 0.390625 0.490625 0.387500 0.482812 0.385937 0.365625 0.378125 0.290625 0.378125 0.264062 0.384375 0.253125
