4 0.567187 0.003125 0.556250 0.015625 0.526563 0.018750 0.503125 0.037500 0.476562 0.046875 0.462500 0.068750 0.454688 0.115625 0.446875 0.120313 0.446875 0.293750 0.453125 0.295312 0.459375 0.321875 0.470313 0.340625 0.498437 0.356250 0.525000 0.356250 0.576562 0.340625 0.645312 0.307812 0.706250 0.271875 0.817187 0.220312 0.857812 0.184375 0.870313 0.159375 0.876563 0.157812 0.876563 0.137500 0.868750 0.132812 0.856250 0.053125 0.831250 0.023438 0.810937 0.028125 0.785937 0.028125 0.768750 0.021875 0.740625 0.028125 0.670312 0.023438 0.657813 0.009375 0.657813 0.003125 0.640625 0.003125 0.637500 0.010937 0.596875 0.026562 0.582812 0.017188 0.578125 0.003125
1 0.820117 0.265625 0.764062 0.265625 0.760938 0.273438 0.670312 0.314063 0.576562 0.364063 0.559375 0.385937 0.553125 0.385937 0.553125 0.503125 0.615625 0.546875 0.651563 0.554688 0.740625 0.587500 0.779687 0.606250 0.782813 0.614062 0.804688 0.614062 0.806250 0.607812 0.828125 0.596875 0.848437 0.560937 0.851562 0.487500 0.843750 0.443750 0.845313 0.415625 0.853125 0.390625 0.864062 0.378125 0.870313 0.378125 0.870313 0.364063 0.848437 0.356250 0.834375 0.339062 0.839063 0.296875 0.828125 0.265625
7 0.189062 0.040625 0.178125 0.040625 0.173437 0.054688 0.140625 0.081250 0.140625 0.170313 0.145313 0.170313 0.157812 0.187500 0.181250 0.232813 0.209375 0.253125 0.290625 0.278125 0.357812 0.306250 0.360938 0.314063 0.392188 0.314063 0.392188 0.307812 0.404687 0.293750 0.410938 0.229687 0.414062 0.218750 0.420312 0.217188 0.420312 0.156250 0.414062 0.154688 0.390625 0.098437 0.376563 0.084375 0.337500 0.062500 0.300000 0.060937 0.256250 0.070312 0.232813 0.054688 0.203125 0.048438 0.200000 0.040625
0 0.721667 0.003125 0.489063 0.003125 0.489063 0.007812 0.465625 0.028125 0.453125 0.059375 0.446875 0.060937 0.446875 0.314063 0.453125 0.315625 0.460938 0.332813 0.478125 0.351562 0.501563 0.362500 0.525000 0.362500 0.564063 0.350000 0.735938 0.262500 0.776563 0.246875 0.782813 0.239063 0.846875 0.201563 0.865625 0.181250 0.870313 0.168750 0.876563 0.167187 0.876563 0.117188 0.871875 0.117188 0.868750 0.109375 0.862500 0.056250 0.846875 0.028125 0.807813 0.009375 0.745313 0.010937 0.731250 0.009375 0.729688 0.003125
0 0.637153 0.571875 0.571875 0.571875 0.571875 0.576562 0.546875 0.596875 0.546875 0.907813 0.551562 0.907813 0.578125 0.939063 0.776563 0.939063 0.778125 0.932813 0.795312 0.928125 0.815625 0.914062 0.835938 0.890625 0.848437 0.864062 0.851562 0.796875 0.857812 0.795312 0.857812 0.681250 0.853125 0.681250 0.839063 0.660937 0.821875 0.646875 0.654687 0.582812 0.645312 0.571875
0 0.387500 0.003125 0.129688 0.003125 0.129688 0.009375 0.121875 0.010937 0.121875 0.232813 0.167187 0.260937 0.195312 0.262500 0.256250 0.279687 0.359375 0.318750 0.387500 0.320312 0.407813 0.312500 0.423438 0.298438 0.432812 0.270313 0.439063 0.268750 0.439063 0.200000 0.432812 0.198437 0.428125 0.057813 0.417187 0.031250 0.395313 0.009375 0.395313 0.003125
0 0.824219 0.259375 0.764062 0.259375 0.751563 0.273438 0.573438 0.364063 0.551562 0.389062 0.546875 0.389062 0.546875 0.509375 0.600000 0.545312 0.650000 0.559375 0.778125 0.610938 0.801562 0.614062 0.828125 0.603125 0.840625 0.589063 0.851562 0.562500 0.856250 0.403125 0.862500 0.379688 0.856250 0.365625 0.862500 0.350000 0.853125 0.323437 0.853125 0.300000 0.832812 0.259375
0 0.215341 0.284375 0.134375 0.284375 0.129688 0.295312 0.121875 0.296875 0.121875 0.909375 0.132812 0.915625 0.153125 0.942187 0.173437 0.951562 0.175000 0.957812 0.448437 0.957812 0.457813 0.946875 0.493750 0.939063 0.514062 0.915625 0.526563 0.881250 0.526563 0.439063 0.521875 0.420312 0.507812 0.401562 0.475000 0.384375 0.318750 0.321875 0.229687 0.293750 0.223438 0.284375
5 0.341667 0.359375 0.321875 0.359375 0.317188 0.367188 0.303125 0.367188 0.303125 0.387500 0.314063 0.396875 0.321875 0.431250 0.312500 0.509375 0.346875 0.604688 0.353125 0.614062 0.359375 0.614062 0.478125 0.550000 0.490625 0.534375 0.514062 0.462500 0.520312 0.457813 0.514062 0.456250 0.501563 0.437500 0.475000 0.431250 0.454688 0.420312 0.426563 0.390625 0.356250 0.367188 0.351562 0.359375
5 0.146875 0.459375 0.146875 0.492188 0.154688 0.495312 0.168750 0.523438 0.248438 0.609375 0.289062 0.657813 0.289062 0.664062 0.293750 0.664062 0.295312 0.657813 0.301563 0.657813 0.301563 0.639062 0.293750 0.635938 0.268750 0.546875 0.257812 0.521875 0.248438 0.510938 0.214062 0.489063 0.190625 0.464062 0.190625 0.459375 0.181250 0.459375 0.178125 0.467187 0.164062 0.467187 0.159375 0.459375
1 0.623177 0.571875 0.582812 0.571875 0.582812 0.576562 0.553125 0.601562 0.553125 0.884375 0.559375 0.884375 0.573438 0.903125 0.587500 0.909375 0.587500 0.914062 0.623437 0.914062 0.625000 0.907813 0.639062 0.904687 0.778125 0.901563 0.800000 0.893750 0.820312 0.870313 0.826562 0.795312 0.832812 0.793750 0.832812 0.670312 0.828125 0.670312 0.812500 0.650000 0.792188 0.639062 0.685937 0.603125 0.632812 0.578125 0.631250 0.571875
5 0.179688 0.540625 0.170313 0.540625 0.167187 0.559375 0.175000 0.571875 0.171875 0.579688 0.190625 0.628125 0.190625 0.637500 0.179688 0.657813 0.176563 0.685937 0.181250 0.696875 0.220312 0.753125 0.264062 0.787500 0.301563 0.832812 0.309375 0.832812 0.312500 0.823438 0.342187 0.790625 0.339062 0.762500 0.315625 0.690625 0.303125 0.665625 0.287500 0.659375 0.268750 0.640625 0.189062 0.540625
5 0.234375 0.765625 0.234375 0.804688 0.242188 0.807813 0.256250 0.832812 0.267188 0.867188 0.273438 0.878125 0.276562 0.901563 0.292187 0.901563 0.292187 0.896875 0.296875 0.893750 0.350000 0.873437 0.367188 0.870313 0.375000 0.864062 0.353125 0.807813 0.345313 0.796875 0.335938 0.803125 0.323437 0.820312 0.314063 0.828125 0.306250 0.829688 0.265625 0.793750 0.243750 0.770312 0.243750 0.765625
5 0.462500 0.559375 0.451562 0.559375 0.446875 0.568750 0.359375 0.614062 0.359375 0.657813 0.364063 0.657813 0.370312 0.667188 0.384375 0.714063 0.407813 0.762500 0.407813 0.770312 0.414062 0.770312 0.414062 0.751563 0.418750 0.743750 0.453125 0.709375 0.489063 0.660937 0.500000 0.637500 0.507812 0.634375 0.507812 0.618750 0.500000 0.614062 0.495312 0.584375 0.473438 0.564063 0.473438 0.559375
5 0.479687 0.684375 0.470313 0.684375 0.470313 0.690625 0.457813 0.710938 0.431250 0.735938 0.420312 0.751563 0.415625 0.751563 0.415625 0.814063 0.423438 0.817187 0.434375 0.851562 0.435937 0.845313 0.484375 0.823438 0.510938 0.815625 0.518750 0.807813 0.518750 0.795312 0.503125 0.742188 0.501563 0.720313 0.489063 0.684375
