4 0.534375 0.000000 0.471875 0.000000 0.459375 0.032813 0.453125 0.034375 0.453125 0.301563 0.459375 0.303125 0.464062 0.326562 0.473438 0.342187 0.501563 0.364063 0.518750 0.370312 0.520312 0.376563 0.537500 0.376563 0.542188 0.368750 0.609375 0.342187 0.632812 0.340625 0.709375 0.287500 0.779687 0.257812 0.870313 0.201563 0.876563 0.201563 0.876563 0.003125 0.617188 0.000000 0.607812 0.006250 0.568750 0.009375 0.546875 0.006250 0.542188 0.000000
1 0.644062 0.615625 0.607812 0.615625 0.601562 0.626563 0.578125 0.643750 0.578125 0.867188 0.584375 0.868750 0.585938 0.879687 0.584375 0.921875 0.589063 0.929688 0.609375 0.932813 0.615625 0.940625 0.614062 0.951562 0.592187 0.967187 0.601562 0.998437 0.723437 0.998437 0.728125 0.993750 0.840625 0.979688 0.856250 0.970313 0.870313 0.953125 0.876563 0.953125 0.876563 0.709375 0.840625 0.687500 0.676562 0.631250 0.656250 0.623437 0.653125 0.615625
0 0.412416 0.003125 0.128125 0.003125 0.128125 0.254688 0.342187 0.326562 0.343750 0.332813 0.375000 0.332813 0.376563 0.326562 0.403125 0.317188 0.418750 0.300000 0.431250 0.275000 0.439063 0.271875 0.439063 0.045312 0.432812 0.043750 0.420312 0.003125
0 0.655730 0.609375 0.614062 0.609375 0.578125 0.650000 0.571875 0.650000 0.571875 0.985938 0.576562 0.985938 0.584375 0.998437 0.871875 0.998437 0.876563 0.940625 0.875000 0.712500 0.870313 0.692187 0.667188 0.617188 0.664062 0.609375
0 0.860938 0.259375 0.806250 0.259375 0.798438 0.270313 0.740625 0.296875 0.635938 0.357812 0.607812 0.368750 0.578125 0.396875 0.571875 0.396875 0.571875 0.545312 0.604688 0.570312 0.773438 0.629687 0.823438 0.650000 0.826562 0.657813 0.867188 0.657813 0.868750 0.651563 0.876563 0.650000 0.876563 0.267188 0.871875 0.267188 0.868750 0.259375
2 0.847991 0.271875 0.798438 0.271875 0.790625 0.282813 0.609375 0.375000 0.585938 0.393750 0.578125 0.410938 0.571875 0.412500 0.571875 0.532813 0.576562 0.532813 0.592187 0.553125 0.781250 0.621875 0.834375 0.645312 0.835938 0.651563 0.876563 0.635938 0.876563 0.289062 0.857812 0.279687 0.856250 0.271875
7 0.182812 0.031250 0.128125 0.060937 0.128125 0.215625 0.137500 0.215625 0.209375 0.256250 0.240625 0.259375 0.251563 0.270313 0.264062 0.273438 0.307812 0.301563 0.340625 0.309375 0.371875 0.296875 0.384375 0.282813 0.401562 0.237500 0.387500 0.195312 0.400000 0.145313 0.400000 0.120313 0.390625 0.101562 0.364063 0.070312 0.335938 0.065625 0.306250 0.079687 0.285938 0.059375 0.265625 0.048438 0.203125 0.040625 0.185938 0.031250
0 0.868720 0.003125 0.453125 0.003125 0.453125 0.325000 0.460938 0.328125 0.489063 0.364063 0.517188 0.376563 0.518750 0.382812 0.542188 0.382812 0.546875 0.375000 0.631250 0.342187 0.660937 0.321875 0.775000 0.262500 0.798438 0.254688 0.876563 0.209375 0.876563 0.003125
0 0.168750 0.284375 0.121875 0.284375 0.121875 0.995313 0.551562 0.995313 0.551562 0.718750 0.545312 0.717187 0.542188 0.671875 0.542188 0.489063 0.539062 0.462500 0.528125 0.435937 0.495312 0.407813 0.184375 0.293750 0.176563 0.284375
5 0.189062 0.504687 0.164062 0.529687 0.145313 0.556250 0.135937 0.581250 0.128125 0.584375 0.128125 0.826562 0.135937 0.829688 0.168750 0.898438 0.182812 0.914062 0.229687 0.920312 0.250000 0.928125 0.270313 0.923438 0.367188 0.925000 0.373437 0.910937 0.348438 0.860938 0.343750 0.764062 0.337500 0.746875 0.215625 0.531250 0.195312 0.504687
5 0.425000 0.390625 0.346875 0.390625 0.345313 0.396875 0.310937 0.403125 0.246875 0.445312 0.246875 0.457813 0.254688 0.460938 0.362500 0.671875 0.401562 0.739062 0.467187 0.775000 0.471875 0.757812 0.475000 0.621875 0.476562 0.593750 0.482812 0.592187 0.482812 0.551562 0.476562 0.550000 0.473438 0.507812 0.457813 0.445312 0.432812 0.390625
