1 0.137500 0.107813 0.139063 0.168750 0.132812 0.175000 0.137500 0.265625 0.143750 0.282813 0.170313 0.303125 0.200000 0.307812 0.278125 0.285938 0.373437 0.279687 0.396875 0.268750 0.409375 0.254688 0.415625 0.235937 0.420312 0.065625 0.414062 0.035937 0.398438 0.015625 0.381250 0.007812 0.292187 0.004687 0.285938 0.000000 0.217188 0.003125 0.178125 0.021875 0.160938 0.040625 0.140625 0.081250
2 0.443750 0.070312 0.440625 0.256250 0.456250 0.290625 0.468750 0.300000 0.507812 0.309375 0.551562 0.309375 0.617188 0.296875 0.639062 0.282813 0.657813 0.251563 0.653125 0.150000 0.659375 0.067187 0.637500 0.021875 0.612500 0.012500 0.590625 0.017188 0.581250 0.006250 0.521875 0.000000 0.493750 0.003125 0.451562 0.029687
7 0.684375 0.062500 0.684375 0.192188 0.725000 0.198437 0.737500 0.246875 0.750000 0.254688 0.871875 0.256250 0.873437 0.139063 0.821875 0.078125 0.785937 0.050000 0.764062 0.057813 0.739062 0.032813 0.715625 0.031250 0.690625 0.046875
5 0.168750 0.503125 0.165625 0.518750 0.170313 0.528125 0.240625 0.621875 0.276562 0.690625 0.304688 0.700000 0.340625 0.690625 0.379688 0.642188 0.396875 0.614062 0.423438 0.528125 0.423438 0.498437 0.396875 0.412500 0.367188 0.373437 0.340625 0.360938 0.267188 0.410938 0.254688 0.429688
5 0.354687 0.351562 0.351562 0.357812 0.357812 0.357812 0.389062 0.390625 0.428125 0.506250 0.403125 0.607812 0.385937 0.640625 0.365625 0.660937 0.362500 0.675000 0.398438 0.676562 0.518750 0.659375 0.567187 0.659375 0.573438 0.646875 0.573438 0.620313 0.564063 0.417187 0.554688 0.410938 0.525000 0.415625 0.490625 0.353125 0.473438 0.337500 0.393750 0.332813
5 0.225000 0.376563 0.218750 0.387500 0.240625 0.435937 0.282813 0.396875 0.312500 0.378125 0.325000 0.365625 0.325000 0.353125
6 0.146875 0.729688 0.140625 0.743750 0.146875 0.825000 0.142187 0.878125 0.159375 0.954688 0.257812 0.975000 0.271875 0.993750 0.282813 0.992188 0.287500 0.998437 0.360938 0.995313 0.371875 0.970313 0.368750 0.962500 0.393750 0.942187 0.393750 0.928125 0.401562 0.917188 0.404687 0.787500 0.393750 0.757812 0.371875 0.743750 0.275000 0.732812 0.193750 0.707812 0.171875 0.709375
2 0.426563 0.784375 0.426563 0.906250 0.414062 0.923438 0.414062 0.932813 0.435937 0.953125 0.429688 0.962500 0.435937 0.985938 0.448437 0.998437 0.606250 0.998437 0.629687 0.971875 0.629687 0.962500 0.621875 0.960938 0.620313 0.951562 0.612500 0.953125 0.607812 0.940625 0.637500 0.928125 0.640625 0.789062 0.631250 0.757812 0.617188 0.743750 0.571875 0.726562 0.542188 0.720313 0.487500 0.721875 0.465625 0.726562 0.440625 0.743750
8 0.659375 0.843750 0.659375 0.876563 0.675000 0.907813 0.721875 0.932813 0.754687 0.929688 0.776563 0.918750 0.800000 0.893750 0.809375 0.868750 0.809375 0.848437 0.793750 0.815625 0.778125 0.801562 0.748437 0.790625 0.723437 0.790625 0.692187 0.804688 0.673438 0.820312
4 0.625000 0.576562 0.625000 0.695312 0.639062 0.718750 0.657813 0.732812 0.740625 0.750000 0.767188 0.742188 0.806250 0.753125 0.842187 0.737500 0.871875 0.732812 0.873437 0.303125 0.865625 0.292187 0.785937 0.279687 0.745313 0.285938 0.720313 0.296875 0.664062 0.303125 0.645312 0.320312 0.632812 0.365625
0 0.723437 0.020313 0.721875 0.021875 0.717187 0.021875 0.715625 0.023438 0.714063 0.023438 0.712500 0.025000 0.710938 0.025000 0.709375 0.026562 0.707812 0.026562 0.692187 0.042188 0.692187 0.043750 0.690625 0.045312 0.690625 0.046875 0.689063 0.048438 0.689063 0.050000 0.687500 0.051562 0.687500 0.054688 0.685937 0.056250 0.685937 0.193750 0.684375 0.195312 0.684375 0.203125 0.682813 0.204687 0.682813 0.220312 0.684375 0.221875 0.684375 0.226562 0.685937 0.228125 0.685937 0.229687 0.687500 0.231250 0.687500 0.232813 0.689063 0.234375 0.689063 0.235937 0.692187 0.239063 0.692187 0.240625 0.698438 0.246875 0.700000 0.246875 0.703125 0.250000 0.704688 0.250000 0.706250 0.251563 0.707812 0.251563 0.710938 0.254688 0.712500 0.254688 0.714063 0.256250 0.715625 0.256250 0.717187 0.257812 0.720313 0.257812 0.721875 0.259375 0.729688 0.259375 0.731250 0.260937 0.740625 0.260937 0.742188 0.259375 0.748437 0.259375 0.750000 0.257812 0.751563 0.259375 0.754687 0.259375 0.756250 0.260937 0.778125 0.260937 0.779687 0.259375 0.785937 0.259375 0.787500 0.257812 0.832812 0.257812 0.834375 0.256250 0.840625 0.256250 0.842187 0.254688 0.843750 0.254688 0.845313 0.253125 0.848437 0.253125 0.851562 0.250000 0.853125 0.250000 0.864062 0.239063 0.864062 0.237500 0.865625 0.235937 0.865625 0.234375 0.867188 0.232813 0.867188 0.231250 0.868750 0.229687 0.868750 0.228125 0.870313 0.226562 0.870313 0.220312 0.871875 0.218750 0.871875 0.204687 0.870313 0.203125 0.870313 0.185938 0.871875 0.184375 0.871875 0.181250 0.873437 0.179688 0.873437 0.175000 0.875000 0.173437 0.875000 0.082812 0.873437 0.081250 0.873437 0.068750 0.871875 0.067187 0.871875 0.064062 0.870313 0.062500 0.870313 0.060937 0.868750 0.059375 0.868750 0.057813 0.867188 0.056250 0.867188 0.054688 0.862500 0.050000 0.862500 0.048438 0.854688 0.040625 0.853125 0.040625 0.850000 0.037500 0.848437 0.037500 0.846875 0.035937 0.845313 0.035937 0.843750 0.034375 0.842187 0.034375 0.840625 0.032813 0.839063 0.032813 0.837500 0.031250 0.834375 0.031250 0.832812 0.029687 0.828125 0.029687 0.826562 0.028125 0.812500 0.028125 0.810937 0.026562 0.806250 0.026562 0.804688 0.025000 0.792188 0.025000 0.790625 0.023438 0.750000 0.023438 0.748437 0.021875 0.745313 0.021875 0.743750 0.020313
0 0.484375 0.000000 0.482812 0.001563 0.481250 0.001563 0.479687 0.003125 0.478125 0.003125 0.475000 0.006250 0.473438 0.006250 0.460938 0.018750 0.460938 0.020313 0.456250 0.025000 0.456250 0.026562 0.454688 0.028125 0.454688 0.029687 0.453125 0.031250 0.453125 0.032813 0.451562 0.034375 0.451562 0.035937 0.450000 0.037500 0.450000 0.039062 0.448437 0.040625 0.448437 0.042188 0.446875 0.043750 0.446875 0.048438 0.445312 0.050000 0.445312 0.062500 0.443750 0.064062 0.443750 0.146875 0.442188 0.148438 0.442188 0.150000 0.440625 0.151562 0.440625 0.157812 0.439063 0.159375 0.439063 0.178125 0.437500 0.179688 0.437500 0.250000 0.439063 0.251563 0.439063 0.254688 0.440625 0.256250 0.440625 0.259375 0.442188 0.260937 0.442188 0.264062 0.445312 0.267188 0.445312 0.270313 0.446875 0.271875 0.446875 0.273438 0.450000 0.276562 0.450000 0.278125 0.464062 0.292187 0.465625 0.292187 0.467187 0.293750 0.468750 0.293750 0.470313 0.295312 0.471875 0.295312 0.473438 0.296875 0.475000 0.296875 0.476562 0.298438 0.478125 0.298438 0.479687 0.300000 0.481250 0.300000 0.482812 0.301563 0.484375 0.301563 0.485938 0.303125 0.489063 0.303125 0.490625 0.304688 0.495312 0.304688 0.496875 0.306250 0.503125 0.306250 0.504687 0.307812 0.581250 0.307812 0.582812 0.306250 0.587500 0.306250 0.589063 0.304688 0.592187 0.304688 0.593750 0.303125 0.598437 0.303125 0.600000 0.301563 0.603125 0.301563 0.604688 0.300000 0.606250 0.300000 0.607812 0.298438 0.609375 0.298438 0.610938 0.296875 0.612500 0.296875 0.615625 0.293750 0.617188 0.293750 0.621875 0.289062 0.623437 0.289062 0.626563 0.285938 0.628125 0.285938 0.642188 0.271875 0.642188 0.270313 0.646875 0.265625 0.646875 0.264062 0.648438 0.262500 0.648438 0.260937 0.650000 0.259375 0.650000 0.257812 0.651563 0.256250 0.651563 0.254688 0.653125 0.253125 0.653125 0.250000 0.654687 0.248438 0.654687 0.243750 0.656250 0.242188 0.656250 0.192188 0.657813 0.190625 0.657813 0.185938 0.659375 0.184375 0.659375 0.062500 0.657813 0.060937 0.657813 0.053125 0.656250 0.051562 0.656250 0.046875 0.654687 0.045312 0.654687 0.042188 0.653125 0.040625 0.653125 0.037500 0.651563 0.035937 0.651563 0.034375 0.648438 0.031250 0.648438 0.029687 0.634375 0.015625 0.632812 0.015625 0.629687 0.012500 0.628125 0.012500 0.626563 0.010937 0.625000 0.010937 0.623437 0.009375 0.621875 0.009375 0.618750 0.006250 0.617188 0.006250 0.615625 0.004687 0.614062 0.004687 0.612500 0.003125 0.610938 0.003125 0.609375 0.001563 0.606250 0.001563 0.604688 0.000000
0 0.215625 0.000000 0.214062 0.001563 0.212500 0.001563 0.210938 0.003125 0.209375 0.003125 0.207813 0.004687 0.204687 0.004687 0.203125 0.006250 0.201563 0.006250 0.200000 0.007812 0.198437 0.007812 0.196875 0.009375 0.195312 0.009375 0.193750 0.010937 0.192188 0.010937 0.189062 0.014063 0.187500 0.014063 0.185938 0.015625 0.184375 0.015625 0.181250 0.018750 0.179688 0.018750 0.175000 0.023438 0.175000 0.025000 0.173437 0.026562 0.171875 0.026562 0.167187 0.031250 0.167187 0.032813 0.162500 0.037500 0.162500 0.039062 0.159375 0.042188 0.159375 0.043750 0.157812 0.045312 0.157812 0.046875 0.156250 0.048438 0.156250 0.050000 0.154688 0.051562 0.154688 0.053125 0.153125 0.054688 0.153125 0.056250 0.151562 0.057813 0.151562 0.060937 0.150000 0.062500 0.150000 0.067187 0.148438 0.068750 0.148438 0.070312 0.146875 0.071875 0.146875 0.076563 0.145313 0.078125 0.145313 0.089063 0.143750 0.090625 0.143750 0.095312 0.142187 0.096875 0.142187 0.100000 0.140625 0.101562 0.140625 0.104688 0.139063 0.106250 0.139063 0.112500 0.137500 0.114062 0.137500 0.117188 0.135937 0.118750 0.135937 0.125000 0.134375 0.126562 0.134375 0.132812 0.132812 0.134375 0.132812 0.140625 0.131250 0.142187 0.131250 0.150000 0.129688 0.151562 0.129688 0.232813 0.128125 0.234375 0.128125 0.260937 0.129688 0.262500 0.129688 0.268750 0.131250 0.270313 0.131250 0.275000 0.132812 0.276562 0.132812 0.279687 0.134375 0.281250 0.134375 0.282813 0.135937 0.284375 0.135937 0.285938 0.139063 0.289062 0.139063 0.290625 0.151562 0.303125 0.153125 0.303125 0.156250 0.306250 0.159375 0.306250 0.160938 0.307812 0.164062 0.307812 0.165625 0.309375 0.171875 0.309375 0.173437 0.310937 0.206250 0.310937 0.207813 0.309375 0.214062 0.309375 0.215625 0.307812 0.218750 0.307812 0.220312 0.306250 0.223438 0.306250 0.225000 0.304688 0.226562 0.304688 0.228125 0.303125 0.229687 0.303125 0.232813 0.300000 0.234375 0.300000 0.237500 0.296875 0.240625 0.296875 0.242188 0.295312 0.245312 0.295312 0.246875 0.293750 0.250000 0.293750 0.251563 0.292187 0.253125 0.292187 0.254688 0.290625 0.270313 0.290625 0.271875 0.289062 0.276562 0.289062 0.278125 0.287500 0.279687 0.287500 0.281250 0.285938 0.290625 0.285938 0.292187 0.284375 0.307812 0.284375 0.309375 0.282813 0.321875 0.282813 0.323437 0.284375 0.340625 0.284375 0.342187 0.282813 0.348438 0.282813 0.350000 0.281250 0.353125 0.281250 0.354687 0.279687 0.357812 0.279687 0.359375 0.278125 0.378125 0.278125 0.379688 0.276562 0.382812 0.276562 0.384375 0.275000 0.387500 0.275000 0.389062 0.273438 0.390625 0.273438 0.392188 0.271875 0.393750 0.271875 0.406250 0.259375 0.406250 0.257812 0.407813 0.256250 0.407813 0.254688 0.409375 0.253125 0.409375 0.251563 0.410938 0.250000 0.410938 0.246875 0.412500 0.245312 0.412500 0.232813 0.414062 0.231250 0.414062 0.229687 0.415625 0.228125 0.415625 0.226562 0.417187 0.225000 0.417187 0.220312 0.418750 0.218750 0.418750 0.193750 0.417187 0.192188 0.417187 0.187500 0.415625 0.185938 0.415625 0.165625 0.417187 0.164062 0.417187 0.135937 0.418750 0.134375 0.418750 0.123438 0.420312 0.121875 0.420312 0.079687 0.418750 0.078125 0.418750 0.071875 0.417187 0.070312 0.417187 0.056250 0.415625 0.054688 0.415625 0.050000 0.414062 0.048438 0.414062 0.043750 0.412500 0.042188 0.412500 0.040625 0.410938 0.039062 0.410938 0.037500 0.409375 0.035937 0.409375 0.034375 0.406250 0.031250 0.406250 0.029687 0.401562 0.025000 0.401562 0.023438 0.398438 0.020313 0.396875 0.020313 0.392188 0.015625 0.390625 0.015625 0.389062 0.014063 0.387500 0.014063 0.384375 0.010937 0.382812 0.010937 0.381250 0.009375 0.379688 0.009375 0.378125 0.007812 0.376563 0.007812 0.375000 0.006250 0.370312 0.006250 0.368750 0.004687 0.365625 0.004687 0.364063 0.003125 0.360938 0.003125 0.359375 0.001563 0.356250 0.001563 0.354687 0.000000 0.300000 0.000000 0.298438 0.001563 0.296875 0.000000
0 0.290625 0.310937 0.289062 0.312500 0.284375 0.312500 0.282813 0.314063 0.281250 0.314063 0.279687 0.315625 0.276562 0.315625 0.275000 0.317188 0.273438 0.317188 0.271875 0.318750 0.246875 0.318750 0.245312 0.320312 0.235937 0.320312 0.234375 0.321875 0.231250 0.321875 0.229687 0.323437 0.226562 0.323437 0.225000 0.325000 0.223438 0.325000 0.221875 0.326562 0.218750 0.326562 0.217188 0.328125 0.214062 0.328125 0.212500 0.329688 0.210938 0.329688 0.209375 0.331250 0.207813 0.331250 0.203125 0.335938 0.201563 0.335938 0.200000 0.337500 0.198437 0.337500 0.196875 0.339062 0.195312 0.339062 0.193750 0.340625 0.192188 0.340625 0.190625 0.342187 0.189062 0.342187 0.187500 0.343750 0.185938 0.343750 0.184375 0.345313 0.182812 0.345313 0.181250 0.346875 0.179688 0.346875 0.176563 0.350000 0.175000 0.350000 0.164062 0.360938 0.162500 0.360938 0.157812 0.365625 0.157812 0.367188 0.153125 0.371875 0.153125 0.373437 0.150000 0.376563 0.150000 0.378125 0.148438 0.379688 0.148438 0.381250 0.146875 0.382812 0.146875 0.384375 0.145313 0.385937 0.145313 0.387500 0.143750 0.389062 0.143750 0.390625 0.142187 0.392188 0.142187 0.395313 0.140625 0.396875 0.140625 0.403125 0.139063 0.404687 0.139063 0.412500 0.137500 0.414062 0.137500 0.445312 0.135937 0.446875 0.135937 0.453125 0.134375 0.454688 0.134375 0.485938 0.132812 0.487500 0.132812 0.490625 0.131250 0.492188 0.131250 0.495312 0.129688 0.496875 0.129688 0.503125 0.128125 0.504687 0.128125 0.518750 0.126562 0.520312 0.126562 0.528125 0.125000 0.529687 0.125000 0.532813 0.123438 0.534375 0.123438 0.589063 0.125000 0.590625 0.125000 0.596875 0.126562 0.598437 0.126562 0.601562 0.128125 0.603125 0.128125 0.606250 0.129688 0.607812 0.129688 0.610938 0.131250 0.612500 0.131250 0.615625 0.132812 0.617188 0.132812 0.620313 0.134375 0.621875 0.134375 0.623437 0.137500 0.626563 0.137500 0.628125 0.139063 0.629687 0.139063 0.631250 0.140625 0.632812 0.140625 0.634375 0.143750 0.637500 0.143750 0.639062 0.146875 0.642188 0.146875 0.643750 0.160938 0.657813 0.162500 0.657813 0.168750 0.664062 0.170313 0.664062 0.171875 0.665625 0.173437 0.665625 0.175000 0.667188 0.176563 0.667188 0.178125 0.668750 0.179688 0.668750 0.181250 0.670312 0.184375 0.670312 0.185938 0.671875 0.190625 0.671875 0.192188 0.673438 0.195312 0.673438 0.196875 0.675000 0.200000 0.675000 0.201563 0.676562 0.204687 0.676562 0.206250 0.678125 0.207813 0.678125 0.209375 0.679688 0.210938 0.679688 0.212500 0.681250 0.215625 0.681250 0.217188 0.682813 0.221875 0.682813 0.223438 0.684375 0.231250 0.684375 0.232813 0.685937 0.235937 0.685937 0.237500 0.687500 0.240625 0.687500 0.242188 0.689063 0.248438 0.689063 0.250000 0.690625 0.253125 0.690625 0.254688 0.692187 0.257812 0.692187 0.259375 0.693750 0.260937 0.693750 0.262500 0.695312 0.264062 0.695312 0.265625 0.696875 0.268750 0.696875 0.270313 0.698438 0.271875 0.698438 0.273438 0.700000 0.278125 0.700000 0.279687 0.701562 0.292187 0.701562 0.293750 0.703125 0.298438 0.703125 0.300000 0.704688 0.304688 0.704688 0.306250 0.706250 0.309375 0.706250 0.310937 0.707812 0.317188 0.707812 0.318750 0.709375 0.406250 0.709375 0.407813 0.707812 0.414062 0.707812 0.415625 0.706250 0.443750 0.706250 0.445312 0.704688 0.450000 0.704688 0.451562 0.703125 0.454688 0.703125 0.456250 0.701562 0.460938 0.701562 0.462500 0.700000 0.468750 0.700000 0.470313 0.698438 0.473438 0.698438 0.475000 0.696875 0.476562 0.696875 0.478125 0.695312 0.481250 0.695312 0.482812 0.693750 0.489063 0.693750 0.490625 0.692187 0.556250 0.692187 0.557813 0.690625 0.562500 0.690625 0.564063 0.689063 0.567187 0.689063 0.570312 0.685937 0.571875 0.685937 0.573438 0.684375 0.575000 0.684375 0.579688 0.679688 0.581250 0.679688 0.589063 0.671875 0.589063 0.670312 0.592187 0.667188 0.592187 0.665625 0.593750 0.664062 0.593750 0.662500 0.595313 0.660937 0.595313 0.659375 0.596875 0.657813 0.596875 0.654687 0.598437 0.653125 0.598437 0.650000 0.600000 0.648438 0.600000 0.643750 0.601562 0.642188 0.601562 0.587500 0.603125 0.585938 0.604688 0.587500 0.604688 0.589063 0.607812 0.592187 0.607812 0.593750 0.607812 0.578125 0.606250 0.576562 0.606250 0.506250 0.607812 0.504687 0.607812 0.498437 0.609375 0.496875 0.609375 0.434375 0.610938 0.432812 0.610938 0.428125 0.612500 0.426563 0.612500 0.414062 0.614062 0.412500 0.614062 0.409375 0.615625 0.407813 0.615625 0.404687 0.617188 0.403125 0.617188 0.400000 0.618750 0.398438 0.618750 0.384375 0.617188 0.382812 0.617188 0.378125 0.615625 0.376563 0.615625 0.375000 0.614062 0.373437 0.614062 0.371875 0.612500 0.370312 0.612500 0.368750 0.610938 0.367188 0.610938 0.365625 0.609375 0.364063 0.609375 0.362500 0.596875 0.350000 0.595313 0.350000 0.592187 0.346875 0.590625 0.346875 0.589063 0.345313 0.587500 0.345313 0.585938 0.343750 0.582812 0.343750 0.581250 0.342187 0.576562 0.342187 0.575000 0.340625 0.567187 0.340625 0.565625 0.339062 0.556250 0.339062 0.554688 0.337500 0.525000 0.337500 0.523438 0.335938 0.515625 0.335938 0.514062 0.334375 0.512500 0.334375 0.510938 0.332813 0.509375 0.332813 0.507812 0.331250 0.504687 0.331250 0.503125 0.329688 0.496875 0.329688 0.495312 0.328125 0.487500 0.328125 0.485938 0.326562 0.482812 0.326562 0.481250 0.325000 0.478125 0.325000 0.476562 0.323437 0.464062 0.323437 0.462500 0.321875 0.459375 0.321875 0.457813 0.320312 0.453125 0.320312 0.451562 0.318750 0.442188 0.318750 0.440625 0.317188 0.434375 0.317188 0.432812 0.315625 0.429688 0.315625 0.428125 0.314063 0.420312 0.314063 0.418750 0.312500 0.370312 0.312500 0.368750 0.310937
0 0.773438 0.275000 0.771875 0.276562 0.764062 0.276562 0.762500 0.278125 0.759375 0.278125 0.757812 0.279687 0.750000 0.279687 0.748437 0.281250 0.742188 0.281250 0.740625 0.282813 0.735938 0.282813 0.734375 0.284375 0.731250 0.284375 0.729688 0.285938 0.721875 0.285938 0.720313 0.287500 0.714063 0.287500 0.712500 0.289062 0.707812 0.289062 0.706250 0.290625 0.703125 0.290625 0.701562 0.292187 0.700000 0.292187 0.698438 0.293750 0.690625 0.293750 0.689063 0.295312 0.684375 0.295312 0.682813 0.296875 0.679688 0.296875 0.678125 0.298438 0.675000 0.298438 0.673438 0.300000 0.671875 0.300000 0.670312 0.301563 0.668750 0.301563 0.667188 0.303125 0.665625 0.303125 0.664062 0.304688 0.662500 0.304688 0.659375 0.307812 0.657813 0.307812 0.648438 0.317188 0.648438 0.318750 0.645312 0.321875 0.645312 0.323437 0.643750 0.325000 0.643750 0.326562 0.642188 0.328125 0.642188 0.331250 0.640625 0.332813 0.640625 0.339062 0.639062 0.340625 0.639062 0.351562 0.637500 0.353125 0.637500 0.365625 0.635938 0.367188 0.635938 0.373437 0.634375 0.375000 0.634375 0.381250 0.632812 0.382812 0.632812 0.390625 0.631250 0.392188 0.631250 0.684375 0.632812 0.685937 0.632812 0.690625 0.634375 0.692187 0.634375 0.695312 0.635938 0.696875 0.635938 0.698438 0.637500 0.700000 0.637500 0.701562 0.639062 0.703125 0.639062 0.704688 0.640625 0.706250 0.640625 0.707812 0.643750 0.710938 0.643750 0.712500 0.648438 0.717187 0.648438 0.718750 0.660937 0.731250 0.662500 0.731250 0.665625 0.734375 0.667188 0.734375 0.668750 0.735938 0.670312 0.735938 0.671875 0.737500 0.673438 0.737500 0.675000 0.739062 0.676562 0.739062 0.678125 0.740625 0.681250 0.740625 0.682813 0.742188 0.684375 0.742188 0.685937 0.743750 0.687500 0.743750 0.689063 0.745313 0.690625 0.745313 0.692187 0.746875 0.695312 0.746875 0.696875 0.748437 0.701562 0.748437 0.703125 0.750000 0.704688 0.750000 0.706250 0.751563 0.709375 0.751563 0.710938 0.753125 0.732812 0.753125 0.734375 0.754687 0.745313 0.754687 0.746875 0.756250 0.750000 0.756250 0.751563 0.757812 0.756250 0.757812 0.757812 0.759375 0.764062 0.759375 0.765625 0.760938 0.771875 0.760938 0.773438 0.762500 0.776563 0.762500 0.778125 0.764062 0.825000 0.764062 0.826562 0.762500 0.834375 0.762500 0.835938 0.760938 0.839063 0.760938 0.840625 0.759375 0.842187 0.759375 0.843750 0.757812 0.845313 0.757812 0.846875 0.756250 0.848437 0.756250 0.850000 0.754687 0.851562 0.754687 0.854688 0.751563 0.856250 0.751563 0.857812 0.750000 0.859375 0.750000 0.868750 0.740625 0.868750 0.739062 0.871875 0.735938 0.871875 0.734375 0.873437 0.732812 0.873437 0.729688 0.875000 0.728125 0.875000 0.725000 0.876563 0.723437 0.876563 0.532813 0.875000 0.531250 0.875000 0.476562 0.873437 0.475000 0.873437 0.471875 0.871875 0.470313 0.871875 0.420312 0.870313 0.418750 0.870313 0.412500 0.868750 0.410938 0.868750 0.293750 0.862500 0.287500 0.860938 0.287500 0.857812 0.284375 0.856250 0.284375 0.854688 0.282813 0.853125 0.282813 0.851562 0.281250 0.850000 0.281250 0.848437 0.279687 0.846875 0.279687 0.845313 0.278125 0.842187 0.278125 0.840625 0.276562 0.832812 0.276562 0.831250 0.275000
0 0.704688 0.778125 0.703125 0.779687 0.696875 0.779687 0.695312 0.781250 0.693750 0.781250 0.692187 0.782813 0.690625 0.782813 0.689063 0.784375 0.687500 0.784375 0.685937 0.785937 0.684375 0.785937 0.673438 0.796875 0.673438 0.798438 0.671875 0.800000 0.671875 0.801562 0.670312 0.803125 0.670312 0.804688 0.668750 0.806250 0.668750 0.807813 0.667188 0.809375 0.667188 0.815625 0.665625 0.817187 0.665625 0.825000 0.664062 0.826562 0.664062 0.829688 0.659375 0.834375 0.659375 0.835938 0.657813 0.837500 0.657813 0.839063 0.656250 0.840625 0.656250 0.842187 0.654687 0.843750 0.654687 0.846875 0.653125 0.848437 0.653125 0.854688 0.651563 0.856250 0.651563 0.940625 0.653125 0.942187 0.653125 0.948438 0.654687 0.950000 0.654687 0.953125 0.656250 0.954688 0.656250 0.956250 0.657813 0.957812 0.657813 0.959375 0.659375 0.960938 0.659375 0.962500 0.670312 0.973437 0.671875 0.973437 0.675000 0.976562 0.676562 0.976562 0.678125 0.978125 0.681250 0.978125 0.682813 0.979688 0.684375 0.979688 0.685937 0.981250 0.687500 0.981250 0.689063 0.982812 0.692187 0.982812 0.693750 0.984375 0.700000 0.984375 0.701562 0.985938 0.807813 0.985938 0.809375 0.984375 0.815625 0.984375 0.817187 0.982812 0.820312 0.982812 0.821875 0.981250 0.823438 0.981250 0.825000 0.979688 0.826562 0.979688 0.829688 0.976562 0.831250 0.976562 0.834375 0.973437 0.835938 0.973437 0.837500 0.971875 0.839063 0.971875 0.840625 0.970313 0.842187 0.970313 0.845313 0.967187 0.846875 0.967187 0.859375 0.954688 0.859375 0.953125 0.864062 0.948438 0.864062 0.946875 0.865625 0.945312 0.865625 0.943750 0.867188 0.942187 0.867188 0.940625 0.870313 0.937500 0.870313 0.935937 0.873437 0.932813 0.873437 0.931250 0.875000 0.929688 0.875000 0.926562 0.876563 0.925000 0.876563 0.921875 0.878125 0.920312 0.878125 0.918750 0.879687 0.917188 0.879687 0.914062 0.881250 0.912500 0.881250 0.907813 0.882812 0.906250 0.882812 0.862500 0.881250 0.860938 0.881250 0.854688 0.879687 0.853125 0.879687 0.850000 0.878125 0.848437 0.878125 0.846875 0.876563 0.845313 0.876563 0.843750 0.875000 0.842187 0.875000 0.840625 0.873437 0.839063 0.873437 0.837500 0.870313 0.834375 0.870313 0.832812 0.867188 0.829688 0.867188 0.828125 0.865625 0.826562 0.865625 0.825000 0.862500 0.821875 0.862500 0.818750 0.860938 0.817187 0.860938 0.814063 0.859375 0.812500 0.859375 0.810937 0.857812 0.809375 0.857812 0.807813 0.856250 0.806250 0.856250 0.804688 0.851562 0.800000 0.851562 0.798438 0.850000 0.796875 0.848437 0.796875 0.842187 0.790625 0.840625 0.790625 0.839063 0.789062 0.837500 0.789062 0.835938 0.787500 0.834375 0.787500 0.832812 0.785937 0.829688 0.785937 0.828125 0.784375 0.823438 0.784375 0.821875 0.782813 0.814063 0.782813 0.812500 0.781250 0.748437 0.781250 0.746875 0.782813 0.742188 0.782813 0.740625 0.784375 0.739062 0.784375 0.737500 0.785937 0.735938 0.785937 0.734375 0.784375 0.732812 0.784375 0.731250 0.782813 0.729688 0.782813 0.728125 0.781250 0.725000 0.781250 0.723437 0.779687 0.717187 0.779687 0.715625 0.778125
0 0.507812 0.721875 0.506250 0.723437 0.500000 0.723437 0.498437 0.725000 0.495312 0.725000 0.493750 0.726562 0.484375 0.726562 0.482812 0.728125 0.478125 0.728125 0.476562 0.729688 0.473438 0.729688 0.471875 0.731250 0.470313 0.731250 0.467187 0.734375 0.465625 0.734375 0.464062 0.735938 0.462500 0.735938 0.459375 0.739062 0.457813 0.739062 0.442188 0.754687 0.442188 0.756250 0.435937 0.762500 0.435937 0.764062 0.434375 0.765625 0.434375 0.767188 0.431250 0.770312 0.431250 0.771875 0.429688 0.773438 0.429688 0.775000 0.428125 0.776563 0.428125 0.778125 0.426563 0.779687 0.426563 0.781250 0.425000 0.782813 0.425000 0.785937 0.423438 0.787500 0.423438 0.790625 0.421875 0.792188 0.421875 0.835938 0.423438 0.837500 0.423438 0.842187 0.425000 0.843750 0.425000 0.845313 0.426563 0.846875 0.426563 0.850000 0.428125 0.851562 0.428125 0.857812 0.429688 0.859375 0.429688 0.865625 0.431250 0.867188 0.431250 0.875000 0.432812 0.876563 0.432812 0.881250 0.434375 0.882812 0.434375 0.885938 0.435937 0.887500 0.435937 0.907813 0.434375 0.909375 0.434375 0.914062 0.432812 0.915625 0.432812 0.926562 0.431250 0.928125 0.431250 0.959375 0.432812 0.960938 0.432812 0.965625 0.434375 0.967187 0.434375 0.970313 0.435937 0.971875 0.435937 0.973437 0.437500 0.975000 0.437500 0.976562 0.442188 0.981250 0.442188 0.982812 0.443750 0.984375 0.445312 0.984375 0.450000 0.989062 0.451562 0.989062 0.454688 0.992188 0.456250 0.992188 0.457813 0.993750 0.460938 0.993750 0.462500 0.995313 0.468750 0.995313 0.470313 0.996875 0.553125 0.996875 0.554688 0.995313 0.560937 0.995313 0.562500 0.993750 0.565625 0.993750 0.567187 0.992188 0.573438 0.992188 0.575000 0.990625 0.579688 0.990625 0.581250 0.989062 0.587500 0.989062 0.589063 0.987500 0.592187 0.987500 0.593750 0.985938 0.596875 0.985938 0.598437 0.984375 0.600000 0.984375 0.603125 0.981250 0.604688 0.981250 0.607812 0.978125 0.609375 0.978125 0.615625 0.971875 0.615625 0.970313 0.618750 0.967187 0.618750 0.965625 0.621875 0.962500 0.621875 0.960938 0.623437 0.959375 0.623437 0.957812 0.625000 0.956250 0.625000 0.954688 0.626563 0.953125 0.626563 0.950000 0.628125 0.948438 0.628125 0.940625 0.629687 0.939063 0.629687 0.923438 0.631250 0.921875 0.631250 0.918750 0.632812 0.917188 0.632812 0.912500 0.634375 0.910937 0.634375 0.901563 0.635938 0.900000 0.635938 0.889062 0.637500 0.887500 0.635938 0.885938 0.635938 0.876563 0.637500 0.875000 0.635938 0.873437 0.635938 0.864062 0.637500 0.862500 0.635938 0.860938 0.635938 0.839063 0.637500 0.837500 0.635938 0.835938 0.635938 0.826562 0.637500 0.825000 0.635938 0.823438 0.635938 0.814063 0.637500 0.812500 0.635938 0.810937 0.635938 0.801562 0.637500 0.800000 0.635938 0.798438 0.635938 0.789062 0.637500 0.787500 0.635938 0.785937 0.635938 0.773438 0.634375 0.771875 0.634375 0.768750 0.632812 0.767188 0.632812 0.765625 0.631250 0.764062 0.631250 0.762500 0.628125 0.759375 0.628125 0.757812 0.614062 0.743750 0.612500 0.743750 0.609375 0.740625 0.607812 0.740625 0.606250 0.739062 0.603125 0.739062 0.601562 0.737500 0.598437 0.737500 0.596875 0.735938 0.595313 0.735938 0.593750 0.734375 0.590625 0.734375 0.589063 0.732812 0.584375 0.732812 0.582812 0.731250 0.578125 0.731250 0.576562 0.729688 0.573438 0.729688 0.571875 0.728125 0.570312 0.728125 0.568750 0.726562 0.564063 0.726562 0.562500 0.725000 0.560937 0.725000 0.559375 0.723437 0.554688 0.723437 0.553125 0.721875
0 0.171875 0.706250 0.170313 0.707812 0.165625 0.707812 0.164062 0.709375 0.162500 0.709375 0.160938 0.710938 0.159375 0.710938 0.157812 0.712500 0.156250 0.712500 0.154688 0.714063 0.153125 0.714063 0.143750 0.723437 0.143750 0.725000 0.140625 0.728125 0.140625 0.729688 0.139063 0.731250 0.139063 0.734375 0.137500 0.735938 0.137500 0.739062 0.135937 0.740625 0.135937 0.895312 0.137500 0.896875 0.137500 0.901563 0.139063 0.903125 0.139063 0.904687 0.140625 0.906250 0.140625 0.909375 0.142187 0.910937 0.142187 0.915625 0.143750 0.917188 0.143750 0.918750 0.145313 0.920312 0.145313 0.921875 0.146875 0.923438 0.146875 0.925000 0.148438 0.926562 0.148438 0.928125 0.150000 0.929688 0.150000 0.931250 0.151562 0.932813 0.151562 0.934375 0.153125 0.935937 0.153125 0.937500 0.154688 0.939063 0.154688 0.940625 0.156250 0.942187 0.156250 0.943750 0.159375 0.946875 0.159375 0.950000 0.162500 0.953125 0.162500 0.954688 0.164062 0.956250 0.164062 0.957812 0.167187 0.960938 0.167187 0.962500 0.171875 0.967187 0.171875 0.968750 0.179688 0.976562 0.181250 0.976562 0.184375 0.979688 0.185938 0.979688 0.187500 0.981250 0.189062 0.981250 0.190625 0.982812 0.192188 0.982812 0.193750 0.984375 0.195312 0.984375 0.196875 0.985938 0.198437 0.985938 0.200000 0.987500 0.201563 0.987500 0.203125 0.989062 0.204687 0.989062 0.206250 0.990625 0.209375 0.990625 0.210938 0.992188 0.214062 0.992188 0.215625 0.993750 0.217188 0.993750 0.218750 0.995313 0.221875 0.995313 0.223438 0.996875 0.226562 0.996875 0.228125 0.998437 0.362500 0.998437 0.365625 0.995313 0.367188 0.995313 0.376563 0.985938 0.376563 0.984375 0.387500 0.973437 0.387500 0.971875 0.390625 0.968750 0.390625 0.967187 0.393750 0.964063 0.393750 0.962500 0.395313 0.960938 0.395313 0.959375 0.396875 0.957812 0.396875 0.954688 0.398438 0.953125 0.398438 0.951562 0.400000 0.950000 0.400000 0.948438 0.401562 0.946875 0.401562 0.942187 0.403125 0.940625 0.403125 0.935937 0.404687 0.934375 0.404687 0.815625 0.403125 0.814063 0.403125 0.809375 0.401562 0.807813 0.401562 0.771875 0.400000 0.770312 0.400000 0.767188 0.398438 0.765625 0.398438 0.764062 0.396875 0.762500 0.396875 0.760938 0.395313 0.759375 0.395313 0.757812 0.392188 0.754687 0.392188 0.753125 0.387500 0.748437 0.385937 0.748437 0.382812 0.745313 0.381250 0.745313 0.378125 0.742188 0.375000 0.742188 0.373437 0.740625 0.370312 0.740625 0.368750 0.739062 0.360938 0.739062 0.359375 0.737500 0.317188 0.737500 0.315625 0.735938 0.312500 0.735938 0.310937 0.734375 0.303125 0.734375 0.301563 0.732812 0.298438 0.732812 0.296875 0.731250 0.292187 0.731250 0.290625 0.729688 0.284375 0.729688 0.282813 0.728125 0.270313 0.728125 0.268750 0.726562 0.264062 0.726562 0.262500 0.725000 0.257812 0.725000 0.256250 0.723437 0.235937 0.723437 0.232813 0.720313 0.231250 0.720313 0.229687 0.718750 0.226562 0.718750 0.225000 0.717187 0.223438 0.717187 0.221875 0.715625 0.218750 0.715625 0.217188 0.714063 0.210938 0.714063 0.209375 0.712500 0.207813 0.712500 0.206250 0.710938 0.204687 0.710938 0.203125 0.709375 0.201563 0.709375 0.200000 0.707812 0.195312 0.707812 0.193750 0.706250
