4 0.421205 0.134375 0.370312 0.134375 0.368750 0.140625 0.351562 0.146875 0.317188 0.173437 0.300000 0.190625 0.290625 0.215625 0.284375 0.217188 0.284375 0.304688 0.292187 0.309375 0.307812 0.360938 0.328125 0.384375 0.371875 0.398438 0.625000 0.417187 0.670312 0.415625 0.693750 0.406250 0.714063 0.389062 0.721875 0.375000 0.734375 0.309375 0.739062 0.296875 0.745313 0.295312 0.745313 0.215625 0.740625 0.215625 0.721875 0.192188 0.695312 0.178125 0.684375 0.162500 0.654687 0.139063 0.654687 0.134375 0.573438 0.134375 0.570312 0.142187 0.559375 0.146875 0.503125 0.151562 0.456250 0.150000 0.432812 0.142187 0.429688 0.134375
8 0.196250 0.228125 0.162500 0.228125 0.162500 0.232813 0.159375 0.235937 0.143750 0.245312 0.120313 0.270313 0.115625 0.270313 0.115625 0.317188 0.121875 0.317188 0.140625 0.334375 0.160938 0.339062 0.162500 0.345313 0.221875 0.345313 0.221875 0.340625 0.231250 0.332813 0.235937 0.323437 0.243750 0.298438 0.243750 0.279687 0.231250 0.259375 0.204687 0.234375 0.204687 0.228125
0 0.479687 0.128125 0.315625 0.128125 0.315625 0.134375 0.301563 0.146875 0.290625 0.175000 0.284375 0.176563 0.284375 0.340625 0.292187 0.343750 0.301563 0.365625 0.335938 0.393750 0.393750 0.404687 0.604688 0.417187 0.629687 0.420312 0.631250 0.426563 0.653125 0.426563 0.654687 0.420312 0.671875 0.418750 0.695312 0.407813 0.710938 0.393750 0.725000 0.368750 0.745313 0.289062 0.751563 0.287500 0.751563 0.200000 0.743750 0.196875 0.734375 0.171875 0.703125 0.151562 0.648438 0.146875 0.623437 0.135937 0.576562 0.140625 0.535937 0.134375 0.489063 0.134375 0.487500 0.128125
7 0.834152 0.203125 0.785937 0.203125 0.785937 0.207813 0.770312 0.220312 0.765625 0.270313 0.759375 0.271875 0.759375 0.368750 0.789062 0.389062 0.826562 0.393750 0.832812 0.396875 0.832812 0.401562 0.893750 0.401562 0.893750 0.396875 0.923438 0.371875 0.939063 0.343750 0.943750 0.325000 0.939063 0.279687 0.928125 0.256250 0.914062 0.242188 0.896875 0.235937 0.865625 0.234375 0.842187 0.207813 0.842187 0.203125
0 0.165178 0.353125 0.057813 0.353125 0.057813 0.357812 0.037500 0.375000 0.028125 0.393750 0.021875 0.435937 0.015625 0.437500 0.015625 0.531250 0.040625 0.551562 0.078125 0.562500 0.214062 0.575000 0.262500 0.570312 0.276562 0.562500 0.289062 0.546875 0.301563 0.471875 0.307812 0.470313 0.307812 0.460938 0.301563 0.459375 0.289062 0.400000 0.262500 0.371875 0.181250 0.360938 0.175000 0.359375 0.173437 0.353125
0 0.837187 0.634375 0.723437 0.634375 0.723437 0.639062 0.701562 0.657813 0.692187 0.678125 0.673438 0.778125 0.659375 0.806250 0.653125 0.807813 0.653125 0.867188 0.690625 0.876563 0.878125 0.876563 0.914062 0.873437 0.929688 0.862500 0.946875 0.826562 0.954688 0.735938 0.957812 0.718750 0.964063 0.717187 0.964063 0.693750 0.957812 0.692187 0.951562 0.673438 0.931250 0.651563 0.910937 0.645312 0.846875 0.640625 0.845313 0.634375
0 0.455803 0.415625 0.348438 0.415625 0.321875 0.451562 0.309375 0.551562 0.292187 0.600000 0.284375 0.604688 0.284375 0.765625 0.292187 0.770312 0.304688 0.815625 0.315625 0.832812 0.335938 0.857812 0.356250 0.871875 0.356250 0.876563 0.598437 0.876563 0.603125 0.867188 0.618750 0.859375 0.648438 0.828125 0.646875 0.809375 0.654687 0.796875 0.656250 0.768750 0.671875 0.723437 0.675000 0.643750 0.665625 0.573438 0.670312 0.481250 0.656250 0.454688 0.628125 0.437500 0.478125 0.425000 0.465625 0.421875 0.464062 0.415625
0 0.884375 0.165625 0.790625 0.165625 0.768750 0.196875 0.760938 0.275000 0.753125 0.300000 0.746875 0.301563 0.746875 0.368750 0.781250 0.395313 0.856250 0.401562 0.857812 0.407813 0.943750 0.407813 0.945312 0.401562 0.970313 0.385937 0.982812 0.353125 0.989062 0.351562 0.989062 0.254688 0.981250 0.251563 0.970313 0.223438 0.945312 0.195312 0.920312 0.179688 0.893750 0.171875 0.892188 0.165625
0 0.248438 0.121875 0.100000 0.121875 0.100000 0.128125 0.067187 0.159375 0.051562 0.185938 0.048438 0.201563 0.040625 0.204687 0.040625 0.315625 0.076563 0.339062 0.128125 0.346875 0.221875 0.350000 0.248438 0.337500 0.260937 0.323437 0.270313 0.295312 0.276562 0.293750 0.276562 0.267188 0.270313 0.265625 0.270313 0.240625 0.276562 0.239063 0.276562 0.150000 0.270313 0.148438 0.256250 0.121875
6 0.094922 0.578125 0.037500 0.578125 0.037500 0.584375 0.020313 0.603125 0.015625 0.617188 0.017188 0.678125 0.010937 0.696875 0.003125 0.700000 0.003125 0.770312 0.009375 0.770312 0.034375 0.790625 0.053125 0.782813 0.078125 0.790625 0.095312 0.789062 0.109375 0.798438 0.121875 0.789062 0.139063 0.795312 0.146875 0.790625 0.164062 0.807813 0.182812 0.782813 0.231250 0.785937 0.254688 0.779687 0.276562 0.767188 0.276562 0.757812 0.270313 0.756250 0.268750 0.745313 0.267188 0.640625 0.254688 0.612500 0.225000 0.593750 0.110937 0.585938 0.104688 0.584375 0.103125 0.578125
0 0.141853 0.578125 0.035937 0.578125 0.010937 0.610938 0.003125 0.614062 0.003125 0.787500 0.010937 0.790625 0.026562 0.812500 0.084375 0.843750 0.148438 0.856250 0.240625 0.856250 0.253125 0.848437 0.275000 0.812500 0.282813 0.809375 0.282813 0.776563 0.275000 0.771875 0.270313 0.735938 0.265625 0.626563 0.254688 0.607812 0.239063 0.595313 0.201563 0.587500 0.157812 0.585938 0.151562 0.584375 0.150000 0.578125
0 0.915563 0.415625 0.726562 0.415625 0.726562 0.421875 0.712500 0.434375 0.701562 0.453125 0.690625 0.489063 0.684375 0.490625 0.684375 0.587500 0.709375 0.607812 0.729688 0.615625 0.860938 0.625000 0.871875 0.626563 0.873437 0.632812 0.923438 0.632812 0.926562 0.625000 0.951562 0.614062 0.965625 0.592187 0.970313 0.551562 0.976562 0.550000 0.976562 0.456250 0.970313 0.456250 0.948438 0.431250 0.925000 0.421875 0.923438 0.415625
5 0.507812 0.515625 0.479687 0.515625 0.478125 0.523438 0.462500 0.539062 0.428125 0.559375 0.376563 0.603125 0.375000 0.609375 0.382812 0.614062 0.381250 0.618750 0.348438 0.653125 0.337500 0.676562 0.337500 0.695312 0.315625 0.731250 0.309375 0.732812 0.309375 0.775000 0.317188 0.778125 0.328125 0.800000 0.353125 0.829688 0.451562 0.864062 0.462500 0.876563 0.487500 0.876563 0.490625 0.868750 0.501563 0.864062 0.614062 0.839063 0.618750 0.832812 0.600000 0.812500 0.606250 0.790625 0.646875 0.782813 0.650000 0.776563 0.643750 0.757812 0.657813 0.753125 0.657813 0.723437 0.646875 0.723437 0.637500 0.709375 0.601562 0.682813 0.595313 0.671875 0.600000 0.653125 0.582812 0.643750 0.576562 0.628125 0.570312 0.626563 0.575000 0.609375 0.571875 0.598437 0.556250 0.584375 0.540625 0.553125 0.523438 0.534375 0.517188 0.515625
2 0.028125 0.476562 0.028125 0.520312 0.034375 0.535937 0.053125 0.553125 0.073438 0.557813 0.256250 0.568750 0.284375 0.553125 0.300000 0.504687 0.300000 0.448437 0.282813 0.390625 0.268750 0.378125 0.204687 0.368750 0.089063 0.359375 0.053125 0.368750 0.042188 0.382812
2 0.687500 0.515625 0.685937 0.564063 0.696875 0.592187 0.709375 0.603125 0.756250 0.614062 0.921875 0.623437 0.942187 0.609375 0.954688 0.589063 0.962500 0.467187 0.943750 0.437500 0.910937 0.426563 0.807813 0.425000 0.796875 0.418750 0.740625 0.415625 0.725000 0.421875 0.709375 0.443750
1 0.695312 0.673438 0.679688 0.768750 0.671875 0.781250 0.685937 0.790625 0.689063 0.810937 0.654687 0.840625 0.660937 0.868750 0.679688 0.873437 0.843750 0.875000 0.879687 0.871875 0.912500 0.851562 0.928125 0.825000 0.940625 0.718750 0.935937 0.673438 0.920312 0.659375 0.900000 0.650000 0.746875 0.637500 0.714063 0.648438
