5 0.229687 0.359375 0.201563 0.359375 0.187500 0.443750 0.184375 0.453125 0.178125 0.454688 0.178125 0.635938 0.189062 0.640625 0.187500 0.714063 0.232813 0.765625 0.312500 0.818750 0.326562 0.834375 0.331250 0.853125 0.350000 0.853125 0.368750 0.837500 0.404687 0.792188 0.451562 0.753125 0.464062 0.735938 0.473438 0.646875 0.465625 0.521875 0.473438 0.501563 0.471875 0.489063 0.459375 0.468750 0.414062 0.428125 0.271875 0.381250 0.243750 0.368750 0.239063 0.359375
1 0.568125 0.584375 0.534375 0.584375 0.512500 0.618750 0.510938 0.701562 0.509375 0.710938 0.503125 0.712500 0.503125 0.879687 0.534375 0.896875 0.553125 0.901563 0.640625 0.906250 0.653125 0.907813 0.654687 0.914062 0.718750 0.914062 0.720313 0.907813 0.745313 0.900000 0.759375 0.884375 0.765625 0.868750 0.768750 0.800000 0.776563 0.795312 0.776563 0.757812 0.771875 0.757812 0.768750 0.750000 0.765625 0.689063 0.748437 0.665625 0.579688 0.592187 0.576562 0.584375
2 0.738020 0.321875 0.693750 0.321875 0.690625 0.329688 0.665625 0.343750 0.526563 0.412500 0.517188 0.426563 0.509375 0.429688 0.509375 0.526563 0.515625 0.526563 0.537500 0.545312 0.590625 0.570312 0.703125 0.610938 0.709375 0.620313 0.737500 0.620313 0.737500 0.615625 0.756250 0.603125 0.767188 0.587500 0.770312 0.484375 0.776563 0.482812 0.776563 0.378125 0.770312 0.376563 0.765625 0.351562 0.746875 0.321875
7 0.277539 0.153125 0.218750 0.153125 0.214062 0.162500 0.184375 0.185938 0.184375 0.250000 0.203125 0.264062 0.229687 0.298438 0.264062 0.325000 0.345313 0.356250 0.348438 0.364063 0.379688 0.364063 0.379688 0.359375 0.396875 0.345313 0.404687 0.328125 0.403125 0.171875 0.389062 0.160938 0.367188 0.159375 0.365625 0.153125 0.320312 0.153125 0.320312 0.157812 0.309375 0.165625 0.287500 0.159375 0.285938 0.153125
0 0.377864 0.121875 0.192188 0.121875 0.192188 0.126562 0.153125 0.160938 0.153125 0.284375 0.195312 0.310937 0.284375 0.337500 0.345313 0.362500 0.348438 0.370312 0.376563 0.370312 0.376563 0.365625 0.401562 0.345313 0.412500 0.321875 0.412500 0.170313 0.403125 0.145313 0.385937 0.128125 0.385937 0.121875
0 0.226367 0.340625 0.170313 0.340625 0.157812 0.364063 0.151562 0.389062 0.151562 0.434375 0.146875 0.460938 0.140625 0.462500 0.140625 0.475000 0.145313 0.475000 0.148438 0.482812 0.146875 0.523438 0.140625 0.525000 0.140625 0.529687 0.146875 0.531250 0.146875 0.562500 0.140625 0.564063 0.140625 0.882812 0.187500 0.914062 0.262500 0.917188 0.287500 0.920312 0.289062 0.926562 0.431250 0.926562 0.434375 0.918750 0.448437 0.914062 0.470313 0.890625 0.476562 0.865625 0.476562 0.650000 0.482812 0.571875 0.489063 0.570312 0.489063 0.518750 0.482812 0.517188 0.482812 0.509375 0.489063 0.507812 0.489063 0.465625 0.482812 0.464062 0.471875 0.442188 0.453125 0.429688 0.396875 0.404687 0.275000 0.364063 0.237500 0.348438 0.234375 0.340625
0 0.575520 0.584375 0.531250 0.584375 0.531250 0.590625 0.515625 0.609375 0.509375 0.646875 0.503125 0.648438 0.503125 0.657813 0.509375 0.659375 0.503125 0.664062 0.509375 0.665625 0.509375 0.684375 0.503125 0.685937 0.503125 0.885938 0.507812 0.885938 0.525000 0.906250 0.553125 0.914062 0.554688 0.920312 0.723437 0.920312 0.725000 0.914062 0.743750 0.904687 0.775000 0.867188 0.782813 0.864062 0.782813 0.698438 0.776563 0.696875 0.764062 0.675000 0.745313 0.659375 0.600000 0.598437 0.587500 0.592187 0.584375 0.584375
0 0.747767 0.315625 0.696875 0.315625 0.696875 0.321875 0.689063 0.328125 0.634375 0.350000 0.540625 0.396875 0.515625 0.418750 0.509375 0.418750 0.509375 0.529687 0.515625 0.529687 0.528125 0.543750 0.554688 0.557813 0.706250 0.618750 0.709375 0.626563 0.746875 0.626563 0.778125 0.590625 0.782813 0.571875 0.782813 0.514062 0.789062 0.512500 0.789062 0.479687 0.782813 0.478125 0.781250 0.367188 0.775000 0.346875 0.756250 0.321875 0.756250 0.315625
0 0.541563 0.115625 0.465625 0.115625 0.465625 0.120313 0.439063 0.145313 0.428125 0.175000 0.421875 0.176563 0.421875 0.356250 0.428125 0.357812 0.437500 0.379688 0.465625 0.400000 0.487500 0.401562 0.512500 0.393750 0.665625 0.320312 0.764062 0.265625 0.776563 0.251563 0.782813 0.232813 0.789062 0.231250 0.789062 0.159375 0.781250 0.156250 0.768750 0.137500 0.746875 0.125000 0.742188 0.115625 0.571875 0.115625 0.565625 0.123438 0.551562 0.121875 0.550000 0.115625
4 0.723047 0.121875 0.600000 0.121875 0.596875 0.129688 0.589063 0.131250 0.510938 0.137500 0.462500 0.154688 0.445312 0.167187 0.431250 0.195312 0.421875 0.200000 0.421875 0.275000 0.426563 0.275000 0.429688 0.282813 0.432812 0.364063 0.440625 0.379688 0.460938 0.396875 0.460938 0.401562 0.498437 0.401562 0.501563 0.393750 0.593750 0.346875 0.671875 0.315625 0.707812 0.290625 0.746875 0.271875 0.757812 0.260937 0.770312 0.225000 0.776563 0.223438 0.776563 0.212500 0.770312 0.210938 0.753125 0.153125 0.731250 0.121875
5 0.198437 0.734375 0.189062 0.734375 0.179688 0.790625 0.176563 0.796875 0.171875 0.796875 0.171875 0.851562 0.212500 0.853125 0.260937 0.850000 0.289062 0.854688 0.351562 0.853125 0.351562 0.832812 0.340625 0.837500 0.326562 0.832812 0.298438 0.806250 0.239063 0.768750 0.207813 0.740625 0.207813 0.734375
