1 0.031250 0.221875 0.031250 0.335938 0.039062 0.357812 0.051562 0.371875 0.078125 0.382812 0.246875 0.379688 0.268750 0.373437 0.289062 0.348438 0.295312 0.279687 0.317188 0.198437 0.317188 0.178125 0.296875 0.148438 0.271875 0.135937 0.126562 0.135937 0.101562 0.140625 0.064062 0.164062 0.037500 0.200000
1 0.037500 0.439063 0.039062 0.557813 0.050000 0.582812 0.067187 0.595313 0.256250 0.592187 0.284375 0.582812 0.303125 0.562500 0.317188 0.507812 0.315625 0.445312 0.303125 0.417187 0.285938 0.403125 0.254688 0.398438 0.078125 0.404687 0.056250 0.414062
6 0.650000 0.181250 0.650000 0.206250 0.673438 0.267188 0.681250 0.334375 0.700000 0.365625 0.720313 0.373437 0.868750 0.365625 0.864062 0.357812 0.885938 0.329688 0.884375 0.275000 0.890625 0.235937 0.829688 0.159375 0.803125 0.153125 0.742188 0.153125 0.715625 0.157812 0.712500 0.165625 0.678125 0.167187 0.673438 0.156250
1 0.670312 0.431250 0.668750 0.462500 0.676562 0.512500 0.687500 0.543750 0.709375 0.565625 0.728125 0.570312 0.867188 0.565625 0.885938 0.560937 0.901563 0.545312 0.907813 0.517188 0.904687 0.434375 0.885938 0.396875 0.857812 0.387500 0.714063 0.390625 0.685937 0.401562
7 0.085938 0.659375 0.092188 0.681250 0.087500 0.731250 0.093750 0.751563 0.114062 0.773438 0.153125 0.776563 0.164062 0.801562 0.175000 0.782813 0.201563 0.775000 0.226562 0.779687 0.256250 0.771875 0.267188 0.659375 0.262500 0.646875 0.237500 0.623437 0.198437 0.618750 0.154688 0.628125 0.142187 0.632812 0.132812 0.645312 0.098437 0.650000
8 0.734375 0.660937 0.734375 0.709375 0.743750 0.728125 0.779687 0.745313 0.826562 0.743750 0.843750 0.729688 0.853125 0.707812 0.850000 0.681250 0.840625 0.662500 0.820312 0.643750 0.771875 0.635938 0.745313 0.646875
4 0.290625 0.660937 0.285938 0.728125 0.292187 0.771875 0.321875 0.781250 0.328125 0.800000 0.340625 0.807813 0.350000 0.803125 0.351562 0.782813 0.371875 0.773438 0.382812 0.778125 0.410938 0.775000 0.417187 0.785937 0.435937 0.782813 0.446875 0.773438 0.479687 0.773438 0.521875 0.787500 0.535937 0.773438 0.556250 0.778125 0.570312 0.773438 0.585938 0.781250 0.592187 0.793750 0.584375 0.812500 0.587500 0.818750 0.600000 0.807813 0.598437 0.796875 0.607812 0.785937 0.679688 0.784375 0.689063 0.792188 0.706250 0.767188 0.715625 0.726562 0.704688 0.632812 0.667188 0.562500 0.576562 0.556250 0.476562 0.562500 0.396875 0.559375 0.381250 0.568750 0.337500 0.576562 0.315625 0.601562
5 0.321875 0.409375 0.320312 0.421875 0.331250 0.446875 0.343750 0.512500 0.354687 0.539062 0.367188 0.545312 0.398438 0.546875 0.437500 0.537500 0.618750 0.532813 0.637500 0.520312 0.645312 0.504687 0.639062 0.423438 0.604688 0.351562 0.595313 0.348438 0.545312 0.350000 0.395313 0.379688 0.348438 0.392188
5 0.320312 0.320312 0.320312 0.357812 0.334375 0.392188 0.557813 0.346875 0.581250 0.346875 0.610938 0.356250 0.620313 0.367188 0.631250 0.359375 0.643750 0.359375 0.643750 0.348438 0.654687 0.345313 0.659375 0.334375 0.650000 0.292187 0.626563 0.265625 0.603125 0.256250 0.448437 0.285938
5 0.351562 0.201563 0.350000 0.220312 0.323437 0.279687 0.326562 0.314063 0.368750 0.307812 0.439063 0.284375 0.479687 0.279687 0.570312 0.256250 0.609375 0.253125 0.618750 0.226562 0.614062 0.201563 0.556250 0.200000 0.476042 0.184375 0.456250 0.173437 0.453125 0.159375 0.446875 0.160938 0.442188 0.175000 0.425000 0.171875 0.423438 0.160938 0.415625 0.171875 0.407813 0.167187 0.381250 0.170313
0 0.731250 0.390625 0.729688 0.392188 0.712500 0.392188 0.710938 0.393750 0.706250 0.393750 0.704688 0.395313 0.703125 0.395313 0.701562 0.396875 0.696875 0.396875 0.695312 0.398438 0.692187 0.398438 0.690625 0.400000 0.689063 0.400000 0.679688 0.409375 0.679688 0.410938 0.676562 0.414062 0.676562 0.415625 0.675000 0.417187 0.675000 0.418750 0.673438 0.420312 0.673438 0.423438 0.671875 0.425000 0.671875 0.429688 0.670312 0.431250 0.670312 0.485938 0.671875 0.487500 0.671875 0.492188 0.673438 0.493750 0.673438 0.498437 0.675000 0.500000 0.675000 0.503125 0.676562 0.504687 0.676562 0.514062 0.678125 0.515625 0.678125 0.518750 0.679688 0.520312 0.679688 0.526563 0.681250 0.528125 0.681250 0.529687 0.682813 0.531250 0.682813 0.534375 0.684375 0.535937 0.684375 0.537500 0.685937 0.539062 0.685937 0.540625 0.687500 0.542188 0.687500 0.543750 0.690625 0.546875 0.690625 0.548438 0.695312 0.553125 0.695312 0.554688 0.700000 0.559375 0.701562 0.559375 0.706250 0.564063 0.707812 0.564063 0.709375 0.565625 0.710938 0.565625 0.712500 0.567187 0.714063 0.567187 0.715625 0.568750 0.718750 0.568750 0.720313 0.570312 0.729688 0.570312 0.731250 0.571875 0.746875 0.571875 0.748437 0.573438 0.778125 0.573438 0.779687 0.571875 0.796875 0.571875 0.798438 0.570312 0.804688 0.570312 0.806250 0.568750 0.875000 0.568750 0.876563 0.567187 0.878125 0.567187 0.879687 0.565625 0.881250 0.565625 0.884375 0.562500 0.885938 0.562500 0.896875 0.551562 0.896875 0.550000 0.898438 0.548438 0.898438 0.546875 0.900000 0.545312 0.900000 0.543750 0.901563 0.542188 0.901563 0.540625 0.903125 0.539062 0.903125 0.535937 0.904687 0.534375 0.904687 0.525000 0.906250 0.523438 0.906250 0.520312 0.907813 0.518750 0.907813 0.492188 0.906250 0.490625 0.906250 0.482812 0.904687 0.481250 0.904687 0.476562 0.903125 0.475000 0.903125 0.431250 0.901563 0.429688 0.901563 0.428125 0.900000 0.426563 0.900000 0.423438 0.898438 0.421875 0.898438 0.420312 0.896875 0.418750 0.896875 0.417187 0.893750 0.414062 0.893750 0.412500 0.889062 0.407813 0.887500 0.407813 0.881250 0.401562 0.879687 0.401562 0.876563 0.398438 0.875000 0.398438 0.873437 0.396875 0.871875 0.396875 0.870313 0.395313 0.868750 0.395313 0.867188 0.393750 0.865625 0.393750 0.864062 0.392188 0.860938 0.392188 0.859375 0.390625
0 0.703125 0.145313 0.701562 0.146875 0.700000 0.146875 0.698438 0.148438 0.696875 0.148438 0.695312 0.150000 0.692187 0.150000 0.690625 0.151562 0.687500 0.151562 0.685937 0.153125 0.682813 0.153125 0.681250 0.154688 0.679688 0.154688 0.678125 0.156250 0.676562 0.156250 0.675000 0.157812 0.673438 0.157812 0.671875 0.159375 0.670312 0.159375 0.668750 0.160938 0.667188 0.160938 0.662500 0.165625 0.660937 0.165625 0.657813 0.168750 0.657813 0.170313 0.656250 0.171875 0.656250 0.173437 0.654687 0.175000 0.654687 0.178125 0.653125 0.179688 0.653125 0.210938 0.654687 0.212500 0.654687 0.215625 0.656250 0.217188 0.656250 0.218750 0.657813 0.220312 0.657813 0.221875 0.659375 0.223438 0.659375 0.225000 0.660937 0.226562 0.660937 0.231250 0.662500 0.232813 0.662500 0.235937 0.664062 0.237500 0.664062 0.240625 0.665625 0.242188 0.665625 0.245312 0.667188 0.246875 0.667188 0.251563 0.668750 0.253125 0.668750 0.254688 0.670312 0.256250 0.670312 0.264062 0.671875 0.265625 0.671875 0.271875 0.673438 0.273438 0.673438 0.279687 0.675000 0.281250 0.675000 0.285938 0.676562 0.287500 0.676562 0.293750 0.678125 0.295312 0.678125 0.303125 0.679688 0.304688 0.679688 0.310937 0.681250 0.312500 0.681250 0.321875 0.682813 0.323437 0.682813 0.331250 0.684375 0.332813 0.684375 0.339062 0.685937 0.340625 0.685937 0.343750 0.687500 0.345313 0.687500 0.346875 0.689063 0.348438 0.689063 0.350000 0.690625 0.351562 0.690625 0.353125 0.693750 0.356250 0.693750 0.357812 0.696875 0.360938 0.696875 0.362500 0.706250 0.371875 0.707812 0.370312 0.748437 0.370312 0.750000 0.371875 0.757812 0.371875 0.759375 0.373437 0.856250 0.373437 0.857812 0.371875 0.859375 0.371875 0.860938 0.370312 0.862500 0.370312 0.864062 0.368750 0.865625 0.368750 0.868750 0.365625 0.870313 0.365625 0.871875 0.364063 0.873437 0.364063 0.875000 0.362500 0.876563 0.362500 0.878125 0.360938 0.879687 0.360938 0.889062 0.351562 0.889062 0.350000 0.890625 0.348438 0.890625 0.346875 0.892188 0.345313 0.892188 0.342187 0.893750 0.340625 0.893750 0.335938 0.895312 0.334375 0.895312 0.326562 0.896875 0.325000 0.896875 0.234375 0.895312 0.232813 0.895312 0.229687 0.893750 0.228125 0.893750 0.226562 0.892188 0.225000 0.892188 0.221875 0.890625 0.220312 0.890625 0.217188 0.889062 0.215625 0.889062 0.212500 0.887500 0.210938 0.887500 0.207813 0.885938 0.206250 0.885938 0.204687 0.884375 0.203125 0.884375 0.201563 0.882812 0.200000 0.882812 0.198437 0.876563 0.192188 0.875000 0.192188 0.868750 0.185938 0.867188 0.185938 0.857812 0.176563 0.856250 0.176563 0.854688 0.175000 0.853125 0.175000 0.851562 0.173437 0.850000 0.173437 0.846875 0.170313 0.845313 0.170313 0.843750 0.168750 0.842187 0.168750 0.840625 0.167187 0.839063 0.167187 0.837500 0.165625 0.835938 0.165625 0.834375 0.164062 0.831250 0.164062 0.829688 0.162500 0.828125 0.162500 0.826562 0.160938 0.823438 0.160938 0.821875 0.159375 0.820312 0.159375 0.818750 0.157812 0.810937 0.157812 0.809375 0.156250 0.806250 0.156250 0.804688 0.154688 0.801562 0.154688 0.800000 0.153125 0.790625 0.153125 0.789062 0.151562 0.782813 0.151562 0.781250 0.150000 0.776563 0.150000 0.775000 0.148438 0.768750 0.148438 0.767188 0.146875 0.762500 0.146875 0.760938 0.145313
0 0.781250 0.582812 0.779687 0.584375 0.776563 0.584375 0.775000 0.585938 0.773438 0.585938 0.771875 0.587500 0.768750 0.587500 0.767188 0.589063 0.765625 0.589063 0.764062 0.590625 0.762500 0.590625 0.760938 0.592187 0.759375 0.592187 0.757812 0.593750 0.756250 0.593750 0.753125 0.596875 0.751563 0.596875 0.750000 0.598437 0.746875 0.598437 0.745313 0.600000 0.743750 0.600000 0.734375 0.609375 0.734375 0.610938 0.732812 0.612500 0.732812 0.614062 0.731250 0.615625 0.731250 0.617188 0.729688 0.618750 0.729688 0.620313 0.728125 0.621875 0.728125 0.625000 0.726562 0.626563 0.726562 0.653125 0.728125 0.654687 0.728125 0.656250 0.729688 0.657813 0.729688 0.660937 0.731250 0.662500 0.731250 0.665625 0.732812 0.667188 0.732812 0.670312 0.734375 0.671875 0.734375 0.726562 0.735938 0.728125 0.735938 0.734375 0.737500 0.735938 0.737500 0.740625 0.739062 0.742188 0.739062 0.745313 0.740625 0.746875 0.740625 0.757812 0.742188 0.759375 0.742188 0.764062 0.743750 0.765625 0.743750 0.767188 0.745313 0.768750 0.745313 0.770312 0.760938 0.785937 0.762500 0.785937 0.764062 0.787500 0.765625 0.787500 0.767188 0.789062 0.770312 0.789062 0.771875 0.790625 0.817187 0.790625 0.818750 0.789062 0.825000 0.789062 0.826562 0.787500 0.829688 0.787500 0.831250 0.785937 0.832812 0.785937 0.834375 0.784375 0.837500 0.784375 0.839063 0.782813 0.840625 0.782813 0.842187 0.781250 0.843750 0.781250 0.845313 0.779687 0.848437 0.779687 0.850000 0.778125 0.853125 0.778125 0.854688 0.776563 0.857812 0.776563 0.859375 0.775000 0.862500 0.775000 0.864062 0.773438 0.865625 0.773438 0.867188 0.771875 0.870313 0.771875 0.871875 0.770312 0.873437 0.770312 0.876563 0.767188 0.878125 0.767188 0.881250 0.764062 0.882812 0.764062 0.887500 0.759375 0.889062 0.759375 0.890625 0.757812 0.890625 0.756250 0.895312 0.751563 0.895312 0.750000 0.898438 0.746875 0.898438 0.745313 0.900000 0.743750 0.900000 0.742188 0.901563 0.740625 0.901563 0.739062 0.903125 0.737500 0.903125 0.735938 0.904687 0.734375 0.904687 0.732812 0.906250 0.731250 0.906250 0.728125 0.907813 0.726562 0.907813 0.723437 0.909375 0.721875 0.909375 0.720313 0.910937 0.718750 0.910937 0.714063 0.912500 0.712500 0.912500 0.709375 0.914062 0.707812 0.914062 0.696875 0.915625 0.695312 0.915625 0.617188 0.914062 0.615625 0.914062 0.612500 0.912500 0.610938 0.912500 0.609375 0.909375 0.606250 0.909375 0.604688 0.903125 0.598437 0.901563 0.598437 0.898438 0.595313 0.896875 0.595313 0.895312 0.593750 0.893750 0.593750 0.892188 0.592187 0.890625 0.592187 0.889062 0.590625 0.881250 0.590625 0.879687 0.589063 0.875000 0.589063 0.873437 0.587500 0.865625 0.587500 0.864062 0.585938 0.859375 0.585938 0.857812 0.584375 0.829688 0.584375 0.828125 0.582812
0 0.404687 0.143750 0.403125 0.145313 0.398438 0.145313 0.396875 0.146875 0.395313 0.146875 0.393750 0.148438 0.392188 0.148438 0.390625 0.150000 0.387500 0.150000 0.385937 0.151562 0.384375 0.151562 0.382812 0.153125 0.381250 0.153125 0.379688 0.154688 0.376563 0.154688 0.375000 0.156250 0.373437 0.156250 0.370312 0.159375 0.368750 0.159375 0.365625 0.162500 0.364063 0.162500 0.359375 0.167187 0.357812 0.167187 0.350000 0.175000 0.350000 0.176563 0.346875 0.179688 0.346875 0.182812 0.345313 0.184375 0.345313 0.189062 0.343750 0.190625 0.343750 0.195312 0.342187 0.196875 0.342187 0.200000 0.340625 0.201563 0.340625 0.203125 0.339062 0.204687 0.339062 0.206250 0.337500 0.207813 0.337500 0.210938 0.335938 0.212500 0.335938 0.218750 0.334375 0.220312 0.334375 0.223438 0.332813 0.225000 0.332813 0.229687 0.331250 0.231250 0.331250 0.240625 0.329688 0.242188 0.329688 0.246875 0.328125 0.248438 0.328125 0.251563 0.326562 0.253125 0.326562 0.254688 0.325000 0.256250 0.325000 0.260937 0.323437 0.262500 0.323437 0.270313 0.321875 0.271875 0.321875 0.276562 0.320312 0.278125 0.320312 0.284375 0.318750 0.285938 0.318750 0.292187 0.317188 0.293750 0.317188 0.301563 0.315625 0.303125 0.315625 0.375000 0.317188 0.376563 0.317188 0.378125 0.318750 0.379688 0.318750 0.385937 0.320312 0.387500 0.320312 0.390625 0.318750 0.392188 0.318750 0.398438 0.317188 0.400000 0.317188 0.401562 0.314063 0.404687 0.314063 0.407813 0.315625 0.409375 0.315625 0.418750 0.317188 0.420312 0.317188 0.425000 0.318750 0.426563 0.318750 0.429688 0.320312 0.431250 0.320312 0.434375 0.321875 0.435937 0.321875 0.440625 0.323437 0.442188 0.323437 0.448437 0.325000 0.450000 0.325000 0.454688 0.326562 0.456250 0.326562 0.462500 0.328125 0.464062 0.328125 0.470313 0.329688 0.471875 0.329688 0.478125 0.331250 0.479687 0.331250 0.484375 0.332813 0.485938 0.332813 0.492188 0.334375 0.493750 0.334375 0.501563 0.335938 0.503125 0.335938 0.507812 0.337500 0.509375 0.337500 0.515625 0.339062 0.517188 0.339062 0.518750 0.340625 0.520312 0.340625 0.523438 0.342187 0.525000 0.342187 0.528125 0.343750 0.529687 0.343750 0.531250 0.346875 0.534375 0.346875 0.535937 0.356250 0.545312 0.357812 0.545312 0.359375 0.546875 0.362500 0.546875 0.364063 0.548438 0.367188 0.548438 0.368750 0.550000 0.395313 0.550000 0.396875 0.548438 0.404687 0.548438 0.406250 0.546875 0.410938 0.546875 0.412500 0.545312 0.418750 0.545312 0.420312 0.543750 0.425000 0.543750 0.426563 0.542188 0.435937 0.542188 0.437500 0.540625 0.482812 0.540625 0.484375 0.539062 0.492188 0.539062 0.493750 0.537500 0.517188 0.537500 0.518750 0.539062 0.545312 0.539062 0.546875 0.540625 0.590625 0.540625 0.592187 0.539062 0.607812 0.539062 0.609375 0.537500 0.610938 0.537500 0.612500 0.535937 0.615625 0.535937 0.617188 0.534375 0.618750 0.534375 0.620313 0.532813 0.621875 0.532813 0.623437 0.531250 0.625000 0.531250 0.626563 0.529687 0.628125 0.529687 0.629687 0.528125 0.632812 0.528125 0.635938 0.525000 0.637500 0.525000 0.642188 0.520312 0.642188 0.518750 0.645312 0.515625 0.645312 0.512500 0.646875 0.510938 0.646875 0.507812 0.648438 0.506250 0.648438 0.501563 0.650000 0.500000 0.650000 0.487500 0.651563 0.485938 0.651563 0.473438 0.653125 0.471875 0.653125 0.453125 0.651563 0.451562 0.651563 0.446875 0.650000 0.445312 0.650000 0.418750 0.651563 0.417187 0.651563 0.415625 0.653125 0.414062 0.653125 0.412500 0.654687 0.410938 0.654687 0.409375 0.656250 0.407813 0.656250 0.404687 0.657813 0.403125 0.657813 0.290625 0.656250 0.289062 0.656250 0.262500 0.654687 0.260937 0.654687 0.256250 0.653125 0.254688 0.653125 0.251563 0.651563 0.250000 0.651563 0.243750 0.650000 0.242188 0.650000 0.237500 0.646875 0.234375 0.646875 0.231250 0.645312 0.229687 0.645312 0.228125 0.643750 0.226562 0.643750 0.223438 0.642188 0.221875 0.642188 0.220312 0.640625 0.218750 0.640625 0.215625 0.639062 0.214062 0.639062 0.210938 0.637500 0.209375 0.637500 0.207813 0.635938 0.206250 0.635938 0.204687 0.634375 0.203125 0.634375 0.200000 0.632812 0.198437 0.632812 0.196875 0.631250 0.195312 0.631250 0.192188 0.629687 0.190625 0.629687 0.189062 0.626563 0.185938 0.626563 0.184375 0.625000 0.182812 0.625000 0.181250 0.621875 0.178125 0.621875 0.176563 0.618750 0.173437 0.618750 0.171875 0.609375 0.162500 0.607812 0.162500 0.604688 0.159375 0.603125 0.159375 0.601562 0.157812 0.598437 0.157812 0.596875 0.156250 0.595313 0.156250 0.593750 0.154688 0.589063 0.154688 0.587500 0.153125 0.581250 0.153125 0.579688 0.151562 0.573438 0.151562 0.571875 0.150000 0.557813 0.150000 0.556250 0.148438 0.551562 0.148438 0.550000 0.146875 0.542188 0.146875 0.540625 0.145313 0.467187 0.145313 0.465625 0.143750
0 0.456250 0.559375 0.454688 0.560937 0.437500 0.560937 0.435937 0.562500 0.414062 0.562500 0.412500 0.564063 0.407813 0.564063 0.406250 0.565625 0.396875 0.565625 0.395313 0.567187 0.390625 0.567187 0.389062 0.568750 0.382812 0.568750 0.381250 0.570312 0.375000 0.570312 0.373437 0.571875 0.367188 0.571875 0.365625 0.573438 0.360938 0.573438 0.359375 0.575000 0.357812 0.575000 0.356250 0.576562 0.353125 0.576562 0.351562 0.578125 0.350000 0.578125 0.348438 0.579688 0.335938 0.579688 0.334375 0.581250 0.331250 0.581250 0.329688 0.582812 0.328125 0.582812 0.326562 0.584375 0.325000 0.584375 0.314063 0.595313 0.314063 0.596875 0.312500 0.598437 0.312500 0.600000 0.310937 0.601562 0.310937 0.604688 0.309375 0.606250 0.309375 0.609375 0.307812 0.610938 0.307812 0.617188 0.306250 0.618750 0.306250 0.623437 0.304688 0.625000 0.304688 0.628125 0.303125 0.629687 0.303125 0.634375 0.301563 0.635938 0.301563 0.639062 0.296875 0.643750 0.296875 0.645312 0.295312 0.646875 0.295312 0.648438 0.293750 0.650000 0.293750 0.653125 0.292187 0.654687 0.292187 0.660937 0.290625 0.662500 0.290625 0.698438 0.289062 0.700000 0.289062 0.706250 0.287500 0.707812 0.287500 0.753125 0.289062 0.754687 0.289062 0.760938 0.290625 0.762500 0.290625 0.765625 0.292187 0.767188 0.292187 0.768750 0.295312 0.771875 0.295312 0.773438 0.298438 0.776563 0.298438 0.779687 0.300000 0.781250 0.300000 0.782813 0.301563 0.784375 0.301563 0.787500 0.303125 0.789062 0.303125 0.790625 0.304688 0.792188 0.304688 0.795312 0.306250 0.796875 0.306250 0.798438 0.309375 0.801562 0.309375 0.803125 0.317188 0.810937 0.318750 0.810937 0.320312 0.812500 0.321875 0.812500 0.329688 0.820312 0.331250 0.820312 0.332813 0.821875 0.335938 0.821875 0.337500 0.823438 0.353125 0.823438 0.354687 0.821875 0.357812 0.821875 0.359375 0.820312 0.360938 0.820312 0.362500 0.818750 0.365625 0.818750 0.367188 0.817187 0.370312 0.817187 0.371875 0.815625 0.375000 0.815625 0.376563 0.814063 0.379688 0.814063 0.381250 0.812500 0.385937 0.812500 0.387500 0.810937 0.390625 0.810937 0.392188 0.809375 0.398438 0.809375 0.400000 0.807813 0.406250 0.807813 0.407813 0.806250 0.415625 0.806250 0.417187 0.804688 0.564063 0.804688 0.565625 0.806250 0.643750 0.806250 0.645312 0.804688 0.648438 0.804688 0.650000 0.803125 0.651563 0.803125 0.653125 0.801562 0.656250 0.801562 0.657813 0.800000 0.662500 0.800000 0.664062 0.798438 0.667188 0.798438 0.668750 0.796875 0.670312 0.796875 0.671875 0.795312 0.675000 0.795312 0.676562 0.793750 0.681250 0.793750 0.682813 0.792188 0.685937 0.792188 0.687500 0.790625 0.689063 0.790625 0.700000 0.779687 0.700000 0.778125 0.701562 0.776563 0.701562 0.775000 0.703125 0.773438 0.703125 0.771875 0.704688 0.770312 0.704688 0.767188 0.706250 0.765625 0.706250 0.764062 0.707812 0.762500 0.707812 0.757812 0.709375 0.756250 0.709375 0.750000 0.710938 0.748437 0.710938 0.742188 0.712500 0.740625 0.712500 0.698438 0.710938 0.696875 0.710938 0.692187 0.709375 0.690625 0.709375 0.676562 0.707812 0.675000 0.707812 0.640625 0.706250 0.639062 0.706250 0.635938 0.704688 0.634375 0.704688 0.625000 0.703125 0.623437 0.703125 0.621875 0.701562 0.620313 0.701562 0.615625 0.700000 0.614062 0.700000 0.610938 0.698438 0.609375 0.698438 0.607812 0.696875 0.606250 0.696875 0.604688 0.695312 0.603125 0.695312 0.600000 0.693750 0.598437 0.693750 0.596875 0.690625 0.593750 0.690625 0.592187 0.687500 0.589063 0.687500 0.587500 0.685937 0.585938 0.685937 0.584375 0.682813 0.581250 0.682813 0.579688 0.673438 0.570312 0.671875 0.570312 0.670312 0.568750 0.668750 0.568750 0.667188 0.567187 0.662500 0.567187 0.660937 0.565625 0.657813 0.565625 0.656250 0.564063 0.653125 0.564063 0.651563 0.562500 0.600000 0.562500 0.598437 0.560937 0.592187 0.560937 0.590625 0.559375
0 0.117188 0.134375 0.115625 0.135937 0.110937 0.135937 0.109375 0.137500 0.107813 0.137500 0.106250 0.139063 0.104688 0.139063 0.103125 0.140625 0.101562 0.140625 0.098437 0.143750 0.096875 0.143750 0.095312 0.145313 0.093750 0.145313 0.090625 0.148438 0.089063 0.148438 0.079687 0.157812 0.078125 0.157812 0.076563 0.159375 0.075000 0.159375 0.073438 0.160938 0.071875 0.160938 0.062500 0.170313 0.062500 0.171875 0.060937 0.173437 0.057813 0.173437 0.056250 0.175000 0.054688 0.175000 0.051562 0.178125 0.050000 0.178125 0.048438 0.179688 0.048438 0.181250 0.045312 0.184375 0.045312 0.185938 0.043750 0.187500 0.043750 0.189062 0.042188 0.190625 0.042188 0.193750 0.040625 0.195312 0.040625 0.198437 0.039062 0.200000 0.039062 0.206250 0.037500 0.207813 0.037500 0.214062 0.035937 0.215625 0.035937 0.220312 0.034375 0.221875 0.034375 0.356250 0.035937 0.357812 0.035937 0.359375 0.037500 0.360938 0.037500 0.362500 0.039062 0.364063 0.039062 0.365625 0.046875 0.373437 0.048438 0.373437 0.051562 0.376563 0.053125 0.376563 0.054688 0.378125 0.056250 0.378125 0.057813 0.379688 0.062500 0.379688 0.064062 0.381250 0.068750 0.381250 0.070312 0.382812 0.078125 0.382812 0.079687 0.384375 0.170313 0.384375 0.171875 0.382812 0.190625 0.382812 0.192188 0.381250 0.214062 0.381250 0.215625 0.379688 0.253125 0.379688 0.254688 0.378125 0.257812 0.378125 0.259375 0.376563 0.260937 0.376563 0.262500 0.375000 0.265625 0.375000 0.267188 0.373437 0.268750 0.373437 0.271875 0.370312 0.273438 0.370312 0.278125 0.365625 0.278125 0.364063 0.281250 0.360938 0.281250 0.359375 0.282813 0.357812 0.282813 0.356250 0.284375 0.354687 0.284375 0.351562 0.287500 0.348438 0.287500 0.346875 0.289062 0.345313 0.289062 0.342187 0.290625 0.340625 0.290625 0.320312 0.292187 0.318750 0.292187 0.293750 0.293750 0.292187 0.293750 0.279687 0.295312 0.278125 0.295312 0.271875 0.296875 0.270313 0.296875 0.265625 0.298438 0.264062 0.298438 0.262500 0.300000 0.260937 0.300000 0.251563 0.301563 0.250000 0.301563 0.246875 0.304688 0.243750 0.304688 0.242188 0.306250 0.240625 0.306250 0.239063 0.307812 0.237500 0.307812 0.235937 0.309375 0.234375 0.309375 0.223438 0.310937 0.221875 0.310937 0.215625 0.312500 0.214062 0.312500 0.209375 0.314063 0.207813 0.314063 0.201563 0.315625 0.200000 0.315625 0.178125 0.314063 0.176563 0.314063 0.173437 0.312500 0.171875 0.312500 0.170313 0.310937 0.168750 0.310937 0.167187 0.303125 0.159375 0.303125 0.157812 0.295312 0.150000 0.293750 0.150000 0.292187 0.148438 0.290625 0.148438 0.289062 0.146875 0.287500 0.146875 0.285938 0.145313 0.284375 0.145313 0.282813 0.143750 0.281250 0.143750 0.279687 0.142187 0.278125 0.142187 0.275000 0.139063 0.273438 0.139063 0.271875 0.137500 0.267188 0.137500 0.265625 0.135937 0.260937 0.135937 0.259375 0.137500 0.254688 0.137500 0.253125 0.139063 0.137500 0.139063 0.135937 0.137500 0.134375 0.137500 0.132812 0.135937 0.128125 0.135937 0.126562 0.134375
0 0.184375 0.395313 0.182812 0.396875 0.123438 0.396875 0.121875 0.398438 0.115625 0.398438 0.114062 0.400000 0.109375 0.400000 0.107813 0.401562 0.076563 0.401562 0.075000 0.403125 0.070312 0.403125 0.068750 0.404687 0.065625 0.404687 0.062500 0.407813 0.060937 0.407813 0.057813 0.410938 0.056250 0.410938 0.053125 0.414062 0.051562 0.414062 0.048438 0.417187 0.048438 0.418750 0.045312 0.421875 0.045312 0.423438 0.043750 0.425000 0.043750 0.428125 0.042188 0.429688 0.042188 0.431250 0.039062 0.434375 0.039062 0.435937 0.037500 0.437500 0.037500 0.464062 0.039062 0.465625 0.039062 0.520312 0.037500 0.521875 0.037500 0.540625 0.039062 0.542188 0.039062 0.545312 0.040625 0.546875 0.040625 0.559375 0.042188 0.560937 0.042188 0.570312 0.043750 0.571875 0.043750 0.573438 0.045312 0.575000 0.045312 0.576562 0.053125 0.584375 0.054688 0.584375 0.059375 0.589063 0.060937 0.589063 0.064062 0.592187 0.065625 0.592187 0.067187 0.593750 0.071875 0.593750 0.073438 0.595313 0.095312 0.595313 0.096875 0.596875 0.104688 0.596875 0.106250 0.598437 0.143750 0.598437 0.145313 0.596875 0.209375 0.596875 0.210938 0.595313 0.220312 0.595313 0.221875 0.593750 0.223438 0.593750 0.225000 0.595313 0.253125 0.595313 0.254688 0.593750 0.264062 0.593750 0.265625 0.592187 0.270313 0.592187 0.271875 0.590625 0.275000 0.590625 0.276562 0.589063 0.279687 0.589063 0.282813 0.585938 0.284375 0.585938 0.285938 0.584375 0.287500 0.584375 0.292187 0.579688 0.292187 0.578125 0.300000 0.570312 0.300000 0.568750 0.301563 0.567187 0.301563 0.564063 0.303125 0.562500 0.303125 0.559375 0.304688 0.557813 0.304688 0.556250 0.306250 0.554688 0.306250 0.553125 0.307812 0.551562 0.307812 0.550000 0.309375 0.548438 0.309375 0.545312 0.310937 0.543750 0.310937 0.539062 0.312500 0.537500 0.312500 0.525000 0.314063 0.523438 0.314063 0.493750 0.315625 0.492188 0.315625 0.481250 0.317188 0.479687 0.317188 0.446875 0.315625 0.445312 0.315625 0.439063 0.314063 0.437500 0.314063 0.435937 0.312500 0.434375 0.312500 0.432812 0.310937 0.431250 0.310937 0.429688 0.304688 0.423438 0.304688 0.421875 0.303125 0.420312 0.303125 0.418750 0.301563 0.417187 0.301563 0.415625 0.292187 0.406250 0.290625 0.406250 0.289062 0.404687 0.287500 0.404687 0.285938 0.403125 0.284375 0.403125 0.282813 0.401562 0.279687 0.401562 0.278125 0.400000 0.273438 0.400000 0.271875 0.398438 0.268750 0.398438 0.267188 0.396875 0.242188 0.396875 0.240625 0.395313
0 0.123438 0.615625 0.121875 0.617188 0.114062 0.617188 0.112500 0.618750 0.109375 0.618750 0.107813 0.620313 0.106250 0.620313 0.104688 0.621875 0.103125 0.620313 0.085938 0.620313 0.084375 0.621875 0.082812 0.621875 0.081250 0.623437 0.079687 0.623437 0.076563 0.626563 0.075000 0.626563 0.068750 0.632812 0.068750 0.634375 0.062500 0.640625 0.062500 0.642188 0.059375 0.645312 0.059375 0.646875 0.057813 0.648438 0.057813 0.650000 0.056250 0.651563 0.056250 0.653125 0.054688 0.654687 0.054688 0.657813 0.053125 0.659375 0.053125 0.698438 0.051562 0.700000 0.051562 0.756250 0.053125 0.757812 0.053125 0.764062 0.054688 0.765625 0.054688 0.768750 0.056250 0.770312 0.056250 0.773438 0.057813 0.775000 0.057813 0.778125 0.059375 0.779687 0.059375 0.781250 0.060937 0.782813 0.060937 0.784375 0.062500 0.785937 0.062500 0.787500 0.064062 0.789062 0.064062 0.790625 0.065625 0.792188 0.065625 0.793750 0.067187 0.795312 0.067187 0.796875 0.070312 0.800000 0.070312 0.801562 0.076563 0.807813 0.078125 0.807813 0.082812 0.812500 0.084375 0.812500 0.085938 0.814063 0.087500 0.814063 0.092188 0.818750 0.093750 0.818750 0.095312 0.820312 0.096875 0.820312 0.098437 0.821875 0.100000 0.821875 0.101562 0.823438 0.103125 0.823438 0.104688 0.825000 0.106250 0.825000 0.107813 0.826562 0.109375 0.826562 0.110937 0.828125 0.114062 0.828125 0.115625 0.829688 0.121875 0.829688 0.123438 0.831250 0.126562 0.831250 0.128125 0.832812 0.134375 0.832812 0.135937 0.834375 0.143750 0.834375 0.145313 0.835938 0.150000 0.835938 0.151562 0.837500 0.189062 0.837500 0.190625 0.835938 0.196875 0.835938 0.198437 0.834375 0.207813 0.834375 0.209375 0.832812 0.218750 0.832812 0.220312 0.831250 0.225000 0.831250 0.226562 0.829688 0.231250 0.829688 0.232813 0.828125 0.239063 0.828125 0.240625 0.826562 0.245312 0.826562 0.246875 0.825000 0.250000 0.825000 0.251563 0.823438 0.253125 0.823438 0.264062 0.812500 0.264062 0.810937 0.267188 0.807813 0.267188 0.804688 0.270313 0.801562 0.270313 0.798438 0.271875 0.796875 0.271875 0.793750 0.273438 0.792188 0.273438 0.781250 0.275000 0.779687 0.275000 0.650000 0.273438 0.648438 0.273438 0.645312 0.271875 0.643750 0.271875 0.642188 0.268750 0.639062 0.268750 0.637500 0.260937 0.629687 0.259375 0.629687 0.253125 0.623437 0.251563 0.623437 0.250000 0.621875 0.248438 0.621875 0.246875 0.620313 0.245312 0.620313 0.243750 0.618750 0.239063 0.618750 0.237500 0.617188 0.232813 0.617188 0.231250 0.615625
