2 0.559375 0.015625 0.442188 0.015625 0.439063 0.023438 0.421875 0.034375 0.421875 0.248438 0.448437 0.270313 0.467187 0.276562 0.468750 0.282813 0.542188 0.282813 0.545312 0.275000 0.590625 0.259375 0.603125 0.243750 0.607812 0.226562 0.606250 0.060937 0.593750 0.035937 0.568750 0.021875 0.567187 0.015625
1 0.357812 0.003125 0.185938 0.003125 0.185938 0.009375 0.165625 0.023438 0.142187 0.057813 0.134375 0.060937 0.134375 0.245312 0.139063 0.245312 0.160938 0.271875 0.179688 0.281250 0.200000 0.282813 0.273438 0.262500 0.356250 0.257812 0.370312 0.253125 0.384375 0.240625 0.395313 0.215625 0.401562 0.214062 0.401562 0.137500 0.395313 0.135937 0.390625 0.039062 0.365625 0.003125
7 0.760742 0.034375 0.704688 0.034375 0.701562 0.042188 0.665625 0.060937 0.653125 0.078125 0.642188 0.114062 0.634375 0.117188 0.634375 0.201563 0.640625 0.201563 0.653125 0.215625 0.675000 0.221875 0.681250 0.226562 0.681250 0.232813 0.704688 0.232813 0.707812 0.225000 0.743750 0.207813 0.806250 0.207813 0.839063 0.196875 0.839063 0.162500 0.832812 0.160938 0.807813 0.128125 0.806250 0.070312 0.792188 0.054688 0.773438 0.043750 0.768750 0.034375
2 0.559152 0.659375 0.454688 0.659375 0.451562 0.667188 0.428125 0.684375 0.428125 0.884375 0.437500 0.889062 0.456250 0.914062 0.500000 0.914062 0.501563 0.907813 0.509375 0.906250 0.570312 0.903125 0.592187 0.890625 0.604688 0.871875 0.607812 0.846875 0.614062 0.845313 0.614062 0.701562 0.607812 0.700000 0.590625 0.676562 0.570312 0.667188 0.567187 0.659375
0 0.773242 0.009375 0.653125 0.009375 0.643750 0.026562 0.634375 0.029687 0.634375 0.214062 0.662500 0.235937 0.674897 0.238833 0.709425 0.239664 0.718750 0.239063 0.728125 0.237500 0.778125 0.237500 0.787500 0.239063 0.792623 0.239664 0.798447 0.240080 0.804688 0.239063 0.831250 0.229687 0.846875 0.210938 0.851562 0.195312 0.857812 0.193750 0.857812 0.112500 0.851562 0.110937 0.842187 0.071875 0.828125 0.050000 0.784375 0.018750 0.781250 0.009375
1 0.229687 0.659375 0.175000 0.659375 0.162500 0.676562 0.157812 0.690625 0.160938 0.762500 0.154688 0.781250 0.146875 0.784375 0.146875 0.818750 0.153125 0.820312 0.179688 0.876563 0.214062 0.900000 0.301563 0.914062 0.303125 0.920312 0.356250 0.920312 0.357812 0.914062 0.376563 0.909375 0.392188 0.895312 0.401562 0.873437 0.401562 0.845313 0.407813 0.843750 0.407813 0.743750 0.401562 0.742188 0.396875 0.709375 0.368750 0.682813 0.260937 0.671875 0.240625 0.667188 0.237500 0.659375
0 0.793606 0.250114 0.782639 0.251314 0.714000 0.248402 0.690025 0.251363 0.682813 0.254688 0.628125 0.273438 0.596875 0.300000 0.596875 0.640625 0.601562 0.640625 0.621875 0.664062 0.657813 0.679688 0.715625 0.690625 0.792188 0.690625 0.826562 0.679688 0.846875 0.651563 0.848437 0.471875 0.851562 0.400000 0.857812 0.398438 0.857812 0.307812 0.851562 0.306250 0.840625 0.282813 0.825000 0.267188 0.803125 0.254688 0.799014 0.251780
0 0.574836 0.000000 0.431250 0.000000 0.423438 0.014063 0.415625 0.017188 0.415625 0.248438 0.446875 0.275000 0.479687 0.282813 0.488948 0.285017 0.521811 0.283769 0.531250 0.282813 0.581250 0.271875 0.600000 0.260937 0.615625 0.239063 0.620313 0.150000 0.618750 0.054688 0.612500 0.032813 0.582812 0.000000
0 0.373206 0.003125 0.164062 0.003125 0.135937 0.046875 0.128125 0.050000 0.128125 0.246875 0.135937 0.250000 0.153125 0.275000 0.178125 0.287500 0.206250 0.287500 0.275000 0.268750 0.356250 0.264062 0.387500 0.248438 0.401562 0.221875 0.407813 0.220312 0.407813 0.115625 0.401562 0.114062 0.398438 0.037500 0.381250 0.003125
0 0.407734 0.278125 0.257812 0.278125 0.253125 0.285938 0.221875 0.293750 0.178125 0.315625 0.134375 0.353125 0.134375 0.579688 0.140625 0.581250 0.154688 0.607812 0.171875 0.621875 0.276562 0.659375 0.321875 0.664062 0.323437 0.670312 0.367188 0.670312 0.368750 0.664062 0.542188 0.642188 0.564063 0.631250 0.581250 0.607812 0.589063 0.604688 0.589063 0.343750 0.582812 0.342187 0.570312 0.317188 0.548438 0.301563 0.451562 0.293750 0.417187 0.284375 0.415625 0.278125
0 0.235417 0.659375 0.168750 0.659375 0.151562 0.682813 0.140625 0.689063 0.140625 0.867188 0.146875 0.868750 0.182812 0.925000 0.207813 0.937500 0.246875 0.945312 0.362500 0.935937 0.398438 0.909375 0.407813 0.885938 0.407813 0.742188 0.401562 0.712500 0.384375 0.690625 0.370312 0.682813 0.353125 0.678125 0.290625 0.676562 0.248438 0.667188 0.243750 0.659375
0 0.562500 0.659375 0.453125 0.659375 0.450000 0.667188 0.421875 0.689063 0.421875 0.900000 0.454688 0.925000 0.457813 0.932813 0.559375 0.932813 0.560937 0.926562 0.578125 0.921875 0.596875 0.909375 0.612500 0.887500 0.617188 0.868750 0.620313 0.784375 0.618750 0.715625 0.604688 0.685937 0.573438 0.667188 0.570312 0.659375
5 0.542969 0.321875 0.500000 0.321875 0.500000 0.326562 0.495312 0.329688 0.428125 0.345313 0.428125 0.362500 0.432812 0.362500 0.443750 0.373437 0.471875 0.412500 0.531250 0.475000 0.532813 0.482812 0.542188 0.482812 0.553125 0.454688 0.556250 0.434375 0.557813 0.384375 0.551562 0.321875
5 0.256250 0.390625 0.248438 0.390625 0.232813 0.410938 0.153125 0.473438 0.146875 0.473438 0.146875 0.495312 0.153125 0.495312 0.204687 0.546875 0.209375 0.579688 0.215625 0.579688 0.223438 0.568750 0.229687 0.571875 0.228125 0.595313 0.237500 0.607812 0.234375 0.614062 0.267188 0.618750 0.271875 0.626563 0.310937 0.626563 0.312500 0.620313 0.323437 0.617188 0.457813 0.601562 0.457813 0.589063 0.446875 0.581250 0.426563 0.534375 0.265625 0.398438 0.264062 0.390625
5 0.362500 0.296875 0.337500 0.325000 0.309375 0.346875 0.303125 0.346875 0.303125 0.370312 0.309375 0.370312 0.456250 0.507812 0.501563 0.523438 0.532813 0.545312 0.540625 0.545312 0.564063 0.526563 0.564063 0.512500 0.557813 0.510938 0.523438 0.457813 0.523438 0.448437 0.517188 0.446875 0.507812 0.432812 0.485938 0.420312 0.435937 0.356250 0.395313 0.325000 0.373437 0.303125 0.373437 0.296875
8 0.707500 0.765625 0.675000 0.765625 0.675000 0.771875 0.667188 0.779687 0.660937 0.793750 0.657813 0.796875 0.653125 0.796875 0.653125 0.843750 0.657813 0.843750 0.673438 0.854688 0.685937 0.857812 0.687500 0.864062 0.710938 0.864062 0.712500 0.857812 0.725000 0.853125 0.735938 0.842187 0.739062 0.832812 0.745313 0.831250 0.745313 0.810937 0.739062 0.809375 0.739062 0.803125 0.731250 0.785937 0.715625 0.770312 0.715625 0.765625
4 0.776389 0.246875 0.712500 0.246875 0.707812 0.254688 0.626563 0.281250 0.601562 0.307812 0.596875 0.307812 0.596875 0.634375 0.664062 0.670312 0.709375 0.682813 0.710938 0.689063 0.742188 0.689063 0.743750 0.682813 0.800000 0.673438 0.829688 0.651563 0.837500 0.639062 0.834375 0.521875 0.820312 0.489063 0.820312 0.468750 0.831250 0.442188 0.832812 0.384375 0.845313 0.357812 0.839063 0.356250 0.831250 0.334375 0.835938 0.306250 0.832812 0.292187 0.789062 0.256250 0.784375 0.246875
0 0.805920 0.696875 0.659375 0.696875 0.659375 0.701562 0.634375 0.721875 0.634375 0.890625 0.642188 0.893750 0.660937 0.920312 0.743750 0.920312 0.745313 0.914062 0.795312 0.901563 0.832812 0.868750 0.850000 0.829688 0.850000 0.746875 0.840625 0.725000 0.814063 0.701562 0.814063 0.696875
5 0.210938 0.353125 0.171875 0.353125 0.171875 0.420312 0.176563 0.420312 0.179688 0.425000 0.182812 0.445312 0.190625 0.445312 0.190625 0.440625 0.196875 0.434375 0.201563 0.432812 0.226562 0.414062 0.246875 0.393750 0.251563 0.393750 0.251563 0.384375 0.246875 0.384375 0.220312 0.360938 0.218750 0.359375 0.218750 0.353125
