4 0.486830 0.609375 0.435937 0.609375 0.434375 0.617188 0.414062 0.626563 0.348438 0.673438 0.310937 0.682813 0.242188 0.710938 0.221875 0.714063 0.221875 0.912500 0.246875 0.912500 0.257812 0.934375 0.264062 0.934375 0.285938 0.917188 0.293750 0.917188 0.314063 0.925000 0.373437 0.921875 0.390625 0.934375 0.414062 0.935937 0.432812 0.918750 0.468750 0.920312 0.512500 0.901563 0.521875 0.885938 0.526563 0.835938 0.531250 0.825000 0.539062 0.821875 0.539062 0.784375 0.531250 0.781250 0.526563 0.759375 0.521875 0.653125 0.495312 0.609375
0 0.415375 0.096875 0.221875 0.096875 0.221875 0.367188 0.382812 0.420312 0.384375 0.426563 0.389062 0.426563 0.390625 0.420312 0.412500 0.414062 0.439063 0.390625 0.439063 0.117188 0.428125 0.110937 0.423438 0.096875
0 0.482188 0.603125 0.448437 0.603125 0.446875 0.609375 0.320312 0.678125 0.221875 0.714063 0.221875 0.934375 0.254688 0.939063 0.256250 0.945312 0.298438 0.945312 0.304688 0.937500 0.407813 0.939063 0.485938 0.928125 0.500000 0.921875 0.521875 0.901563 0.528125 0.887500 0.531250 0.848437 0.528125 0.664062 0.521875 0.639062 0.490625 0.603125
2 0.245312 0.390625 0.221875 0.390625 0.221875 0.695312 0.240625 0.695312 0.243750 0.687500 0.403125 0.609375 0.425000 0.590625 0.435937 0.562500 0.437500 0.489063 0.418750 0.460938 0.357812 0.446875 0.321875 0.432812 0.265625 0.406250 0.253125 0.396875 0.253125 0.390625
5 0.539062 0.309375 0.484375 0.309375 0.484375 0.345313 0.492188 0.348438 0.510938 0.379688 0.542188 0.415625 0.596875 0.453125 0.643750 0.462500 0.712500 0.453125 0.782813 0.417187 0.782813 0.354687 0.775000 0.351562 0.770312 0.326562 0.762500 0.325000 0.739062 0.334375 0.685937 0.365625 0.656250 0.370312 0.632812 0.365625 0.584375 0.342187 0.548438 0.315625 0.546875 0.309375
0 0.241442 0.389875 0.218273 0.387197 0.218086 0.711470 0.230645 0.709409 0.243750 0.700000 0.407813 0.615625 0.426563 0.598437 0.439063 0.570312 0.441792 0.559992 0.441605 0.492170 0.439063 0.484375 0.421875 0.457813 0.285938 0.406250 0.256250 0.392188 0.250609 0.391377
0 0.774955 0.071875 0.537103 0.075528 0.510938 0.079687 0.482812 0.085938 0.457813 0.112500 0.453125 0.112500 0.453125 0.545312 0.459375 0.546875 0.471875 0.570312 0.492188 0.584375 0.695312 0.656250 0.726562 0.668750 0.729688 0.676562 0.782813 0.676562 0.782813 0.071875
0 0.608125 0.646875 0.571875 0.646875 0.571875 0.653125 0.557813 0.664062 0.548438 0.681250 0.540625 0.684375 0.540625 0.893750 0.545312 0.893750 0.571875 0.923438 0.589063 0.931250 0.607812 0.932813 0.609375 0.939063 0.778125 0.939063 0.778125 0.714063 0.706250 0.682813 0.629687 0.659375 0.620313 0.654687 0.617188 0.646875
5 0.690625 0.115625 0.667188 0.115625 0.659375 0.126562 0.579688 0.178125 0.550000 0.192188 0.478125 0.251563 0.478125 0.270313 0.493750 0.275000 0.571875 0.325000 0.615625 0.339062 0.615625 0.351562 0.703125 0.351562 0.703125 0.346875 0.673438 0.345313 0.667188 0.340625 0.728125 0.318750 0.782813 0.282813 0.782813 0.256250 0.776563 0.254688 0.776563 0.232813 0.782813 0.231250 0.782813 0.220312 0.776563 0.220312 0.759375 0.204687 0.731250 0.171875 0.698438 0.121875 0.698438 0.115625
5 0.503125 0.396875 0.484375 0.396875 0.484375 0.435937 0.495312 0.443750 0.518750 0.489063 0.587500 0.565625 0.623437 0.589063 0.714063 0.612500 0.718750 0.620313 0.731250 0.620313 0.732812 0.614062 0.745313 0.612500 0.745313 0.553125 0.739062 0.551562 0.737500 0.543750 0.732812 0.451562 0.664062 0.462500 0.614062 0.457813 0.576562 0.443750 0.537500 0.412500 0.514062 0.403125 0.512500 0.396875
5 0.773828 0.434375 0.746875 0.434375 0.746875 0.439063 0.740625 0.440625 0.740625 0.589063 0.762500 0.589063 0.762500 0.584375 0.765625 0.581250 0.778125 0.573438 0.782813 0.573438 0.782813 0.434375
1 0.220312 0.123438 0.220312 0.353125 0.382812 0.415625 0.406250 0.414062 0.423438 0.400000 0.432812 0.381250 0.425000 0.128125 0.410938 0.115625 0.390625 0.110937 0.260937 0.112500 0.228125 0.115625
7 0.575000 0.653125 0.571875 0.656250 0.571875 0.657813 0.567187 0.662500 0.567187 0.664062 0.564063 0.667188 0.564063 0.668750 0.557813 0.675000 0.554688 0.675000 0.553125 0.676562 0.553125 0.750000 0.554688 0.750000 0.556250 0.751563 0.557813 0.751563 0.559375 0.753125 0.559375 0.767188 0.557813 0.768750 0.556250 0.768750 0.554688 0.770312 0.553125 0.770312 0.553125 0.850000 0.554688 0.850000 0.556250 0.851562 0.557813 0.851562 0.562500 0.856250 0.562500 0.857812 0.565625 0.860938 0.565625 0.862500 0.567187 0.864062 0.567187 0.865625 0.570312 0.868750 0.570312 0.870313 0.573438 0.873437 0.573438 0.875000 0.576562 0.878125 0.576562 0.879687 0.578125 0.881250 0.578125 0.882812 0.581250 0.885938 0.582812 0.885938 0.584375 0.887500 0.587500 0.887500 0.590625 0.890625 0.587500 0.893750 0.587500 0.895312 0.590625 0.898438 0.590625 0.900000 0.595313 0.904687 0.595313 0.906250 0.598437 0.909375 0.598437 0.910937 0.601562 0.914062 0.612500 0.914062 0.615625 0.910937 0.615625 0.909375 0.620313 0.904687 0.623437 0.904687 0.625000 0.903125 0.632812 0.903125 0.634375 0.901563 0.639062 0.901563 0.640625 0.903125 0.642188 0.903125 0.645312 0.906250 0.646875 0.906250 0.648438 0.907813 0.650000 0.907813 0.653125 0.910937 0.656250 0.910937 0.657813 0.912500 0.662500 0.912500 0.664062 0.914062 0.670312 0.914062 0.671875 0.915625 0.676562 0.915625 0.678125 0.917188 0.682813 0.917188 0.684375 0.918750 0.689063 0.918750 0.690625 0.917188 0.695312 0.917188 0.696875 0.915625 0.703125 0.915625 0.704688 0.914062 0.709375 0.914062 0.710938 0.912500 0.715625 0.912500 0.717187 0.910937 0.721875 0.910937 0.723437 0.909375 0.729688 0.909375 0.731250 0.907813 0.732812 0.907813 0.745313 0.895312 0.745313 0.893750 0.748437 0.890625 0.748437 0.889062 0.750000 0.887500 0.750000 0.885938 0.751563 0.884375 0.751563 0.882812 0.753125 0.881250 0.753125 0.879687 0.754687 0.878125 0.754687 0.876563 0.756250 0.875000 0.756250 0.873437 0.757812 0.871875 0.757812 0.870313 0.759375 0.868750 0.759375 0.846875 0.760938 0.845313 0.760938 0.825000 0.762500 0.823438 0.762500 0.821875 0.765625 0.818750 0.765625 0.817187 0.767188 0.815625 0.767188 0.814063 0.770312 0.810937 0.770312 0.809375 0.771875 0.807813 0.771875 0.806250 0.776563 0.801562 0.778125 0.801562 0.779687 0.800000 0.781250 0.800000 0.781250 0.718750 0.779687 0.717187 0.775000 0.717187 0.773438 0.715625 0.770312 0.715625 0.768750 0.714063 0.765625 0.714063 0.762500 0.710938 0.760938 0.710938 0.757812 0.707812 0.756250 0.707812 0.754687 0.706250 0.753125 0.706250 0.750000 0.703125 0.746875 0.703125 0.745313 0.701562 0.740625 0.701562 0.739062 0.700000 0.734375 0.700000 0.732812 0.698438 0.728125 0.698438 0.726562 0.696875 0.723437 0.696875 0.721875 0.695312 0.718750 0.695312 0.717187 0.693750 0.715625 0.693750 0.714063 0.692187 0.709375 0.692187 0.707812 0.690625 0.706250 0.690625 0.704688 0.689063 0.698438 0.689063 0.696875 0.687500 0.695312 0.687500 0.693750 0.685937 0.692187 0.685937 0.690625 0.684375 0.689063 0.684375 0.687500 0.682813 0.684375 0.682813 0.682813 0.681250 0.678125 0.681250 0.676562 0.679688 0.671875 0.679688 0.670312 0.678125 0.665625 0.678125 0.664062 0.676562 0.660937 0.676562 0.659375 0.675000 0.657813 0.675000 0.656250 0.673438 0.651563 0.673438 0.650000 0.671875 0.645312 0.671875 0.643750 0.670312 0.640625 0.670312 0.639062 0.668750 0.629687 0.668750 0.628125 0.667188 0.628125 0.665625 0.625000 0.662500 0.623437 0.662500 0.618750 0.657813 0.618750 0.653125
