1 0.187500 0.409375 0.162542 0.412362 0.156250 0.414062 0.132958 0.437195 0.130072 0.720367 0.147773 0.731522 0.154688 0.739062 0.189062 0.739062 0.200728 0.731208 0.381250 0.634375 0.396875 0.617188 0.404687 0.603125 0.407813 0.581250 0.407833 0.573559 0.408467 0.533009 0.407813 0.518750 0.401562 0.501563 0.390625 0.489063 0.358683 0.481141 0.217188 0.426563 0.196875 0.417187 0.192337 0.413630
7 0.596094 0.690625 0.570312 0.690625 0.570312 0.696875 0.559375 0.703125 0.546875 0.720313 0.540625 0.720313 0.540625 0.876563 0.548438 0.881250 0.557813 0.914062 0.576562 0.914062 0.579688 0.921875 0.570312 0.926562 0.582812 0.931250 0.610938 0.931250 0.645312 0.954688 0.660937 0.956250 0.668750 0.950000 0.667188 0.907813 0.704688 0.878125 0.715625 0.875000 0.740625 0.892188 0.756250 0.928125 0.776563 0.928125 0.782813 0.915625 0.776563 0.870313 0.768750 0.845313 0.750000 0.823438 0.762500 0.790625 0.757812 0.778125 0.762500 0.764062 0.757812 0.753125 0.629687 0.707812 0.607812 0.698438 0.604688 0.690625
0 0.378009 0.084375 0.171875 0.084375 0.171875 0.089063 0.157812 0.096875 0.128125 0.128125 0.121875 0.128125 0.121875 0.353125 0.162500 0.375000 0.323437 0.435937 0.331250 0.445312 0.379688 0.445312 0.379688 0.440625 0.403125 0.421875 0.414062 0.393750 0.420312 0.392188 0.420312 0.292187 0.414062 0.290625 0.420312 0.285938 0.420312 0.132812 0.412500 0.129688 0.385937 0.084375
0 0.186719 0.403125 0.143750 0.403125 0.139063 0.414062 0.121875 0.425000 0.121875 0.743750 0.132812 0.748437 0.135937 0.757812 0.184375 0.757812 0.189062 0.748437 0.232813 0.723437 0.384375 0.643750 0.403125 0.625000 0.414062 0.595313 0.420312 0.593750 0.420312 0.515625 0.414062 0.514062 0.401562 0.490625 0.371875 0.471875 0.254688 0.432812 0.200000 0.410938 0.195312 0.403125
0 0.605580 0.684375 0.554688 0.684375 0.535937 0.709375 0.528125 0.731250 0.521875 0.732812 0.521875 0.943750 0.529687 0.946875 0.540625 0.965625 0.559375 0.982812 0.590625 0.998437 0.764062 0.998437 0.818750 0.973437 0.831250 0.954688 0.839063 0.951562 0.839063 0.806250 0.831250 0.803125 0.820312 0.778125 0.781250 0.751563 0.623437 0.695312 0.614062 0.684375
0 0.461980 0.640625 0.420312 0.640625 0.414062 0.651563 0.390625 0.664062 0.259375 0.729688 0.225000 0.742188 0.128125 0.793750 0.128125 0.982812 0.160938 0.998437 0.439063 0.998437 0.487500 0.970313 0.503125 0.946875 0.512500 0.910937 0.512500 0.693750 0.501563 0.673438 0.470313 0.645312 0.470313 0.640625
5 0.496875 0.440625 0.489063 0.440625 0.489063 0.448437 0.475000 0.484375 0.460938 0.509375 0.453125 0.512500 0.453125 0.557813 0.554688 0.587500 0.607812 0.593750 0.629687 0.592187 0.632812 0.589063 0.628125 0.578125 0.526563 0.476562 0.504687 0.446875 0.504687 0.440625
0 0.776522 0.078125 0.478125 0.078125 0.478125 0.082812 0.460938 0.093750 0.442188 0.118750 0.434375 0.121875 0.434375 0.581250 0.439063 0.581250 0.448437 0.600000 0.473438 0.620313 0.768750 0.725000 0.792188 0.723437 0.820312 0.696875 0.826562 0.696875 0.826562 0.376563 0.820312 0.375000 0.817187 0.365625 0.818750 0.267188 0.826562 0.237500 0.820312 0.235937 0.814063 0.120313 0.807813 0.107813 0.784375 0.084375 0.784375 0.078125
5 0.534375 0.303125 0.492188 0.354687 0.471875 0.373437 0.465625 0.373437 0.465625 0.404687 0.476562 0.409375 0.548438 0.503125 0.548438 0.510938 0.528125 0.523438 0.532813 0.521875 0.539062 0.529687 0.546875 0.523438 0.551562 0.534375 0.557813 0.528125 0.573438 0.543750 0.564063 0.581250 0.592187 0.589063 0.593750 0.595313 0.629687 0.595313 0.631250 0.589063 0.645312 0.587500 0.645312 0.570312 0.637500 0.567187 0.629687 0.551562 0.617188 0.501563 0.548438 0.303125
5 0.727605 0.084375 0.710938 0.084375 0.707812 0.092188 0.571875 0.132812 0.571875 0.153125 0.582812 0.159375 0.596875 0.184375 0.607812 0.228125 0.628125 0.214062 0.642188 0.192188 0.673438 0.162500 0.682813 0.162500 0.698438 0.176563 0.723437 0.218750 0.734375 0.251563 0.729688 0.275000 0.739062 0.345313 0.756250 0.345313 0.759375 0.335938 0.795312 0.315625 0.795312 0.292187 0.789062 0.290625 0.768750 0.243750 0.767188 0.207813 0.751563 0.178125 0.735938 0.084375
1 0.387500 0.107813 0.384375 0.110937 0.382812 0.110937 0.381250 0.112500 0.379688 0.112500 0.378125 0.114062 0.370312 0.114062 0.368750 0.112500 0.351562 0.112500 0.350000 0.110937 0.348438 0.110937 0.346875 0.112500 0.332813 0.112500 0.331250 0.110937 0.317188 0.110937 0.315625 0.112500 0.296875 0.112500 0.295312 0.110937 0.279687 0.110937 0.278125 0.112500 0.239063 0.112500 0.237500 0.110937 0.231250 0.110937 0.229687 0.112500 0.220312 0.112500 0.218750 0.110937 0.217188 0.110937 0.215625 0.109375 0.185938 0.109375 0.184375 0.110937 0.179688 0.110937 0.178125 0.112500 0.175000 0.112500 0.173437 0.114062 0.168750 0.114062 0.167187 0.115625 0.164062 0.115625 0.162500 0.117188 0.162500 0.118750 0.148438 0.132812 0.148438 0.142187 0.146875 0.143750 0.146875 0.148438 0.145313 0.150000 0.145313 0.185938 0.143750 0.187500 0.143750 0.232813 0.142187 0.234375 0.142187 0.259375 0.143750 0.260937 0.143750 0.342187 0.142187 0.343750 0.142187 0.346875 0.139063 0.350000 0.140625 0.351562 0.142187 0.351562 0.143750 0.353125 0.148438 0.353125 0.150000 0.354687 0.151562 0.354687 0.154688 0.357812 0.156250 0.357812 0.157812 0.359375 0.159375 0.359375 0.162500 0.362500 0.164062 0.362500 0.165625 0.364063 0.173437 0.364063 0.175000 0.365625 0.176563 0.365625 0.179688 0.368750 0.182812 0.368750 0.184375 0.370312 0.192188 0.370312 0.193750 0.371875 0.195312 0.371875 0.196875 0.373437 0.198437 0.373437 0.201563 0.376563 0.206250 0.376563 0.207813 0.378125 0.212500 0.378125 0.214062 0.379688 0.215625 0.379688 0.217188 0.381250 0.220312 0.381250 0.223438 0.384375 0.225000 0.384375 0.229687 0.389062 0.232813 0.389062 0.234375 0.390625 0.235937 0.390625 0.237500 0.392188 0.240625 0.392188 0.242188 0.393750 0.243750 0.393750 0.245312 0.395313 0.246875 0.395313 0.248438 0.396875 0.256250 0.396875 0.257812 0.398438 0.262500 0.398438 0.264062 0.400000 0.268750 0.400000 0.270313 0.401562 0.271875 0.401562 0.273438 0.403125 0.275000 0.403125 0.276562 0.404687 0.278125 0.404687 0.279687 0.406250 0.281250 0.406250 0.282813 0.407813 0.284375 0.407813 0.285938 0.409375 0.289062 0.409375 0.290625 0.410938 0.293750 0.410938 0.295312 0.412500 0.296875 0.412500 0.298438 0.414062 0.300000 0.414062 0.301563 0.415625 0.303125 0.415625 0.304688 0.417187 0.306250 0.417187 0.307812 0.418750 0.310937 0.418750 0.312500 0.420312 0.315625 0.420312 0.317188 0.421875 0.323437 0.421875 0.325000 0.423438 0.329688 0.423438 0.331250 0.425000 0.337500 0.425000 0.339062 0.426563 0.340625 0.426563 0.342187 0.428125 0.345313 0.428125 0.346875 0.429688 0.359375 0.429688 0.360938 0.431250 0.364063 0.431250 0.365625 0.432812 0.368750 0.432812 0.370312 0.434375 0.371875 0.432812 0.373437 0.432812 0.375000 0.431250 0.376563 0.431250 0.378125 0.429688 0.379688 0.429688 0.381250 0.428125 0.382812 0.428125 0.384375 0.426563 0.385937 0.426563 0.389062 0.423438 0.389062 0.421875 0.392188 0.418750 0.392188 0.417187 0.393750 0.415625 0.393750 0.414062 0.395313 0.412500 0.395313 0.410938 0.398438 0.407813 0.398438 0.406250 0.400000 0.404687 0.400000 0.403125 0.401562 0.401562 0.401562 0.400000 0.404687 0.396875 0.404687 0.395313 0.407813 0.392188 0.409375 0.392188 0.410938 0.390625 0.412500 0.390625 0.412500 0.142187 0.410938 0.140625 0.407813 0.140625 0.403125 0.135937 0.403125 0.134375 0.401562 0.132812 0.401562 0.131250 0.398438 0.128125 0.398438 0.126562 0.396875 0.125000 0.396875 0.123438 0.395313 0.121875 0.395313 0.120313 0.392188 0.117188 0.392188 0.115625 0.390625 0.114062 0.390625 0.112500 0.389062 0.110937 0.389062 0.109375
4 0.429688 0.646875 0.429688 0.648438 0.428125 0.650000 0.428125 0.653125 0.426563 0.654687 0.425000 0.654687 0.423438 0.656250 0.421875 0.656250 0.420312 0.657813 0.417187 0.657813 0.415625 0.659375 0.412500 0.659375 0.410938 0.660937 0.407813 0.660937 0.406250 0.662500 0.403125 0.662500 0.401562 0.664062 0.398438 0.664062 0.396875 0.665625 0.393750 0.665625 0.392188 0.667188 0.390625 0.667188 0.389062 0.668750 0.385937 0.668750 0.384375 0.670312 0.381250 0.670312 0.379688 0.671875 0.376563 0.671875 0.375000 0.673438 0.371875 0.673438 0.370312 0.675000 0.367188 0.675000 0.365625 0.676562 0.364063 0.676562 0.362500 0.678125 0.360938 0.678125 0.359375 0.679688 0.357812 0.679688 0.356250 0.681250 0.354687 0.681250 0.353125 0.682813 0.351562 0.682813 0.350000 0.684375 0.348438 0.684375 0.345313 0.687500 0.343750 0.687500 0.342187 0.689063 0.340625 0.689063 0.339062 0.690625 0.337500 0.690625 0.335938 0.692187 0.334375 0.692187 0.332813 0.693750 0.331250 0.693750 0.329688 0.695312 0.328125 0.695312 0.326562 0.696875 0.325000 0.696875 0.323437 0.698438 0.321875 0.698438 0.320312 0.700000 0.318750 0.700000 0.315625 0.703125 0.314063 0.703125 0.312500 0.704688 0.310937 0.704688 0.309375 0.706250 0.307812 0.706250 0.306250 0.707812 0.304688 0.707812 0.303125 0.709375 0.301563 0.709375 0.300000 0.710938 0.298438 0.710938 0.296875 0.712500 0.295312 0.712500 0.293750 0.714063 0.292187 0.714063 0.290625 0.715625 0.289062 0.715625 0.285938 0.718750 0.284375 0.718750 0.282813 0.720313 0.281250 0.720313 0.279687 0.721875 0.278125 0.721875 0.276562 0.723437 0.275000 0.723437 0.273438 0.725000 0.270313 0.725000 0.268750 0.726562 0.267188 0.726562 0.265625 0.728125 0.262500 0.728125 0.260937 0.729688 0.259375 0.729688 0.257812 0.731250 0.254688 0.731250 0.253125 0.732812 0.251563 0.732812 0.250000 0.734375 0.246875 0.734375 0.245312 0.735938 0.243750 0.735938 0.242188 0.737500 0.239063 0.737500 0.237500 0.739062 0.235937 0.739062 0.234375 0.740625 0.231250 0.740625 0.229687 0.742188 0.228125 0.742188 0.226562 0.743750 0.225000 0.743750 0.223438 0.745313 0.220312 0.745313 0.218750 0.746875 0.217188 0.746875 0.215625 0.748437 0.212500 0.748437 0.210938 0.750000 0.209375 0.750000 0.207813 0.751563 0.206250 0.751563 0.203125 0.754687 0.201563 0.754687 0.200000 0.756250 0.198437 0.756250 0.195312 0.759375 0.193750 0.759375 0.192188 0.760938 0.190625 0.760938 0.187500 0.764062 0.185938 0.764062 0.182812 0.767188 0.181250 0.767188 0.179688 0.768750 0.178125 0.768750 0.175000 0.771875 0.173437 0.771875 0.171875 0.773438 0.170313 0.773438 0.167187 0.776563 0.165625 0.776563 0.164062 0.778125 0.162500 0.778125 0.159375 0.781250 0.157812 0.781250 0.156250 0.782813 0.154688 0.782813 0.151562 0.785937 0.150000 0.785937 0.148438 0.787500 0.146875 0.787500 0.143750 0.790625 0.142187 0.790625 0.140625 0.792188 0.139063 0.792188 0.135937 0.795312 0.134375 0.795312 0.132812 0.796875 0.131250 0.796875 0.128125 0.800000 0.128125 0.948438 0.129688 0.950000 0.129688 0.962500 0.131250 0.964063 0.131250 0.967187 0.134375 0.970313 0.134375 0.971875 0.139063 0.976562 0.140625 0.976562 0.142187 0.978125 0.143750 0.978125 0.146875 0.981250 0.148438 0.981250 0.150000 0.982812 0.151562 0.982812 0.153125 0.984375 0.156250 0.984375 0.157812 0.985938 0.165625 0.985938 0.167187 0.987500 0.173437 0.987500 0.175000 0.989062 0.178125 0.989062 0.179688 0.990625 0.185938 0.990625 0.187500 0.992188 0.195312 0.992188 0.196875 0.993750 0.203125 0.993750 0.204687 0.995313 0.212500 0.995313 0.214062 0.996875 0.220312 0.996875 0.221875 0.998437 0.365625 0.998437 0.367188 0.996875 0.395313 0.996875 0.396875 0.995313 0.406250 0.995313 0.407813 0.993750 0.412500 0.993750 0.414062 0.992188 0.421875 0.992188 0.423438 0.990625 0.426563 0.990625 0.429688 0.987500 0.435937 0.987500 0.437500 0.985938 0.446875 0.985938 0.448437 0.984375 0.453125 0.984375 0.454688 0.982812 0.457813 0.982812 0.459375 0.981250 0.460938 0.981250 0.462500 0.979688 0.464062 0.979688 0.468750 0.975000 0.470313 0.975000 0.481250 0.964063 0.482812 0.964063 0.492188 0.954688 0.492188 0.953125 0.495312 0.950000 0.495312 0.948438 0.498437 0.945312 0.498437 0.943750 0.500000 0.942187 0.500000 0.940625 0.501563 0.939063 0.501563 0.934375 0.503125 0.932813 0.503125 0.931250 0.504687 0.929688 0.504687 0.925000 0.506250 0.923438 0.506250 0.915625 0.507812 0.914062 0.507812 0.881250 0.506250 0.879687 0.507812 0.878125 0.507812 0.793750 0.509375 0.792188 0.509375 0.710938 0.510938 0.709375 0.510938 0.706250 0.514062 0.703125 0.517188 0.703125 0.518750 0.701562 0.518750 0.690625 0.517188 0.689063 0.515625 0.689063 0.514062 0.687500 0.510938 0.687500 0.509375 0.685937 0.507812 0.685937 0.498437 0.676562 0.498437 0.675000 0.490625 0.667188 0.490625 0.665625 0.482812 0.657813 0.482812 0.656250 0.475000 0.648438 0.475000 0.646875
