7 0.608855 0.540625 0.592187 0.540625 0.589063 0.557813 0.567187 0.592187 0.559375 0.595313 0.559375 0.654687 0.567187 0.659375 0.582812 0.707812 0.573438 0.750000 0.567187 0.760938 0.559375 0.764062 0.559375 0.804688 0.565625 0.806250 0.579688 0.832812 0.598437 0.853125 0.629687 0.873437 0.625000 0.885938 0.628125 0.895312 0.725000 0.895312 0.754687 0.876563 0.778125 0.834375 0.779687 0.815625 0.771875 0.782813 0.790625 0.750000 0.790625 0.734375 0.812500 0.698438 0.829688 0.657813 0.831250 0.632812 0.818750 0.614062 0.782813 0.582812 0.723437 0.570312 0.695312 0.551562 0.634375 0.562500 0.617188 0.546875 0.617188 0.540625
0 0.662188 0.490625 0.589063 0.490625 0.589063 0.496875 0.559375 0.528125 0.551562 0.557813 0.543750 0.626563 0.542188 0.721875 0.540625 0.729688 0.534375 0.731250 0.534375 0.965625 0.540625 0.965625 0.571875 0.998437 0.682813 0.998437 0.756250 0.973437 0.795312 0.951562 0.834375 0.915625 0.853125 0.890625 0.870313 0.853125 0.876563 0.660937 0.875000 0.612500 0.868750 0.592187 0.854688 0.576562 0.817187 0.553125 0.759375 0.526563 0.675000 0.498437 0.670312 0.490625
6 0.457813 0.459375 0.410938 0.459375 0.404687 0.467187 0.318750 0.479687 0.256250 0.495312 0.171875 0.537500 0.121875 0.579688 0.121875 0.585938 0.126562 0.585938 0.132812 0.596875 0.129688 0.610938 0.121875 0.612500 0.121875 0.854688 0.129688 0.856250 0.140625 0.868750 0.156250 0.915625 0.187500 0.931250 0.190625 0.934375 0.182812 0.945312 0.195312 0.956250 0.220312 0.967187 0.228125 0.976562 0.290625 0.981250 0.345313 0.998437 0.453125 0.998437 0.484375 0.968750 0.484375 0.964063 0.471875 0.957812 0.475000 0.950000 0.460938 0.932813 0.476562 0.925000 0.492188 0.903125 0.514062 0.817187 0.517188 0.673438 0.525000 0.576562 0.518750 0.532813 0.506250 0.496875 0.492188 0.479687 0.468750 0.467187 0.465625 0.459375
0 0.596667 0.003125 0.364063 0.003125 0.359375 0.010937 0.251563 0.046875 0.226562 0.059375 0.196875 0.084375 0.164062 0.131250 0.148438 0.171875 0.140625 0.175000 0.140625 0.471875 0.164062 0.484375 0.193750 0.487500 0.325000 0.456250 0.393750 0.448437 0.475000 0.448437 0.634375 0.464062 0.679688 0.478125 0.715625 0.482812 0.745313 0.501563 0.803125 0.518750 0.806250 0.526563 0.825000 0.526563 0.828125 0.518750 0.840625 0.514062 0.859375 0.496875 0.870313 0.471875 0.876563 0.470313 0.876563 0.181250 0.870313 0.179688 0.856250 0.143750 0.840625 0.121875 0.815625 0.095312 0.790625 0.078125 0.732812 0.057813 0.687500 0.032813 0.609375 0.010937 0.604688 0.003125
0 0.429297 0.459375 0.404687 0.459375 0.403125 0.465625 0.376563 0.471875 0.315625 0.478125 0.257812 0.490625 0.182812 0.515625 0.121875 0.548438 0.121875 0.884375 0.128125 0.884375 0.153125 0.914062 0.187500 0.929688 0.210938 0.931250 0.232813 0.951562 0.293750 0.975000 0.318750 0.989062 0.320312 0.995313 0.478125 0.995313 0.493750 0.964063 0.504687 0.925000 0.517188 0.767188 0.520312 0.532813 0.501563 0.493750 0.492188 0.484375 0.464062 0.470313 0.443750 0.468750 0.437500 0.459375
5 0.515937 0.084375 0.479687 0.084375 0.476562 0.092188 0.390625 0.154688 0.378125 0.157812 0.378125 0.168750 0.384375 0.168750 0.403125 0.189062 0.428125 0.196875 0.642188 0.228125 0.725000 0.234375 0.709375 0.214062 0.675000 0.187500 0.531250 0.095312 0.525000 0.084375
5 0.754687 0.365625 0.745313 0.365625 0.745313 0.371875 0.734375 0.382812 0.690625 0.404687 0.671875 0.410938 0.645312 0.414062 0.629687 0.420312 0.601562 0.439063 0.590625 0.439063 0.590625 0.451562 0.637500 0.459375 0.695312 0.476562 0.714063 0.485938 0.732812 0.489063 0.740625 0.473438 0.743750 0.443750 0.753125 0.406250 0.757812 0.396875 0.764062 0.395313 0.764062 0.365625
5 0.400000 0.240625 0.381250 0.240625 0.379688 0.246875 0.353125 0.254688 0.278125 0.256250 0.239063 0.279687 0.218750 0.310937 0.218750 0.348438 0.215625 0.357812 0.209375 0.359375 0.209375 0.445312 0.214062 0.445312 0.225000 0.459375 0.245312 0.462500 0.303125 0.451562 0.325000 0.445312 0.331250 0.435937 0.575000 0.448437 0.610938 0.440625 0.631250 0.420312 0.648438 0.417187 0.657813 0.423438 0.653125 0.457813 0.675000 0.470313 0.696875 0.475000 0.700000 0.482812 0.712500 0.482812 0.703125 0.465625 0.703125 0.453125 0.731250 0.421875 0.734375 0.412500 0.740625 0.410938 0.745313 0.415625 0.753125 0.409375 0.757812 0.385937 0.753125 0.378125 0.762500 0.367188 0.770312 0.340625 0.776563 0.339062 0.776563 0.326562 0.632812 0.292187 0.420312 0.250000 0.410938 0.246875 0.409375 0.240625
5 0.710000 0.121875 0.675000 0.121875 0.675000 0.126562 0.670312 0.129688 0.621875 0.143750 0.621875 0.157812 0.635938 0.160938 0.696875 0.206250 0.740625 0.232813 0.770312 0.245312 0.803125 0.248438 0.807813 0.237500 0.814063 0.150000 0.809375 0.121875 0.751563 0.121875 0.750000 0.128125 0.720313 0.128125 0.718750 0.121875
5 0.252083 0.084375 0.234375 0.084375 0.234375 0.135937 0.268750 0.131250 0.303125 0.132812 0.337500 0.140625 0.357812 0.148438 0.373437 0.156250 0.376563 0.164062 0.379688 0.164062 0.379688 0.159375 0.395313 0.148438 0.406250 0.134375 0.404687 0.128125 0.396875 0.120313 0.382812 0.114062 0.329688 0.100000 0.265625 0.092188 0.260937 0.089063 0.260937 0.084375
5 0.400000 0.240625 0.381250 0.240625 0.379688 0.246875 0.356250 0.254688 0.275000 0.257812 0.239063 0.279687 0.218750 0.310937 0.220312 0.342187 0.217188 0.357812 0.209375 0.360938 0.209375 0.440625 0.215625 0.442188 0.226562 0.459375 0.251563 0.460938 0.303125 0.451562 0.345313 0.435937 0.568750 0.448437 0.612500 0.439063 0.632812 0.418750 0.653125 0.417187 0.657813 0.425000 0.654687 0.459375 0.659375 0.464062 0.693750 0.475000 0.696875 0.482812 0.731250 0.482812 0.729688 0.476562 0.707812 0.462500 0.706250 0.453125 0.729688 0.421875 0.728125 0.407813 0.737500 0.400000 0.746875 0.410938 0.751563 0.407813 0.753125 0.398438 0.739062 0.390625 0.764062 0.360938 0.771875 0.335938 0.770312 0.326562 0.718750 0.310937 0.414062 0.248438 0.409375 0.240625
