4 0.462500 0.220312 0.459375 0.295312 0.465625 0.339062 0.475000 0.357812 0.493750 0.364063 0.562500 0.340625 0.639062 0.301563 0.648438 0.303125 0.687500 0.268750 0.698438 0.268750 0.706250 0.250000 0.709375 0.210938 0.704688 0.189062 0.687500 0.167187 0.648438 0.171875 0.573438 0.168750 0.528125 0.179688 0.481250 0.181250 0.468750 0.195312
7 0.307812 0.242188 0.306250 0.275000 0.317188 0.307812 0.398438 0.335938 0.417187 0.339062 0.435937 0.329688 0.442188 0.315625 0.445312 0.270313 0.423438 0.225000 0.392188 0.210938 0.356250 0.210938 0.325000 0.223438
2 0.523438 0.389062 0.520312 0.443750 0.532813 0.462500 0.660937 0.514062 0.692187 0.510938 0.703125 0.490625 0.703125 0.331250 0.700000 0.320312 0.684375 0.306250 0.664062 0.303125 0.653125 0.315625 0.635938 0.314063 0.626563 0.328125 0.537500 0.368750
6 0.504687 0.493750 0.504687 0.517188 0.517188 0.526563 0.529687 0.525000 0.539062 0.534375 0.529687 0.554688 0.521875 0.554688 0.515625 0.628125 0.529687 0.706250 0.551562 0.721875 0.587500 0.732812 0.612500 0.728125 0.673438 0.732812 0.682813 0.728125 0.701562 0.706250 0.704688 0.681250 0.704688 0.592187 0.690625 0.557813 0.660937 0.540625 0.651563 0.528125 0.629687 0.525000 0.539062 0.481250 0.518750 0.484375
5 0.278125 0.328125 0.276562 0.400000 0.295312 0.412500 0.384375 0.426563 0.464062 0.429688 0.473438 0.423438 0.479687 0.392188 0.468750 0.384375 0.378125 0.357812 0.314063 0.329688
5 0.279687 0.415625 0.279687 0.453125 0.289062 0.457813 0.350000 0.456250 0.462500 0.473438 0.470313 0.470313 0.476562 0.453125 0.473438 0.431250 0.378125 0.428125
5 0.278125 0.465625 0.278125 0.542188 0.367188 0.526563 0.401562 0.528125 0.414062 0.521875 0.490625 0.515625 0.493750 0.479687 0.484375 0.465625 0.473438 0.470313 0.417187 0.470313 0.343750 0.456250 0.293750 0.457813
5 0.292187 0.545312 0.276562 0.564063 0.276562 0.598437 0.320312 0.612500 0.482812 0.590625 0.489063 0.582812 0.479687 0.531250 0.471875 0.523438 0.365625 0.529687
5 0.276562 0.639062 0.278125 0.693750 0.420312 0.704688 0.484375 0.698438 0.487500 0.609375 0.482812 0.596875 0.298438 0.615625
0 0.657813 0.303125 0.656250 0.304688 0.653125 0.304688 0.651563 0.306250 0.648438 0.306250 0.646875 0.307812 0.645312 0.307812 0.643750 0.309375 0.642188 0.309375 0.640625 0.310937 0.637500 0.310937 0.634375 0.314063 0.631250 0.314063 0.629687 0.315625 0.628125 0.315625 0.625000 0.318750 0.623437 0.318750 0.621875 0.320312 0.620313 0.320312 0.617188 0.323437 0.615625 0.323437 0.614062 0.325000 0.612500 0.325000 0.610938 0.326562 0.609375 0.326562 0.607812 0.328125 0.604688 0.328125 0.603125 0.329688 0.601562 0.329688 0.595313 0.335938 0.593750 0.335938 0.592187 0.337500 0.587500 0.337500 0.585938 0.339062 0.582812 0.339062 0.581250 0.340625 0.576562 0.340625 0.575000 0.342187 0.571875 0.342187 0.570312 0.343750 0.568750 0.343750 0.567187 0.345313 0.565625 0.345313 0.562500 0.348438 0.560937 0.348438 0.557813 0.351562 0.556250 0.351562 0.554688 0.353125 0.551562 0.353125 0.550000 0.354687 0.548438 0.354687 0.546875 0.356250 0.545312 0.356250 0.543750 0.357812 0.542188 0.357812 0.539062 0.360938 0.537500 0.360938 0.521875 0.376563 0.521875 0.378125 0.520312 0.379688 0.520312 0.381250 0.518750 0.382812 0.518750 0.385937 0.517188 0.387500 0.517188 0.395313 0.515625 0.396875 0.515625 0.420312 0.514062 0.421875 0.514062 0.443750 0.515625 0.445312 0.515625 0.446875 0.517188 0.448437 0.517188 0.450000 0.518750 0.451562 0.518750 0.453125 0.520312 0.454688 0.520312 0.456250 0.531250 0.467187 0.532813 0.467187 0.534375 0.468750 0.535937 0.468750 0.537500 0.470313 0.540625 0.470313 0.542188 0.471875 0.543750 0.471875 0.545312 0.473438 0.546875 0.473438 0.548438 0.475000 0.550000 0.475000 0.551562 0.476562 0.554688 0.476562 0.556250 0.478125 0.557813 0.478125 0.559375 0.479687 0.560937 0.479687 0.562500 0.481250 0.565625 0.481250 0.567187 0.482812 0.568750 0.482812 0.570312 0.484375 0.571875 0.484375 0.573438 0.485938 0.576562 0.485938 0.578125 0.487500 0.579688 0.487500 0.581250 0.489063 0.582812 0.489063 0.584375 0.490625 0.587500 0.490625 0.589063 0.492188 0.590625 0.492188 0.592187 0.493750 0.593750 0.493750 0.595313 0.495312 0.596875 0.495312 0.598437 0.496875 0.600000 0.496875 0.601562 0.498437 0.603125 0.498437 0.604688 0.500000 0.606250 0.500000 0.607812 0.501563 0.610938 0.501563 0.612500 0.503125 0.615625 0.503125 0.617188 0.504687 0.621875 0.504687 0.623437 0.506250 0.625000 0.506250 0.626563 0.507812 0.631250 0.507812 0.632812 0.509375 0.637500 0.509375 0.639062 0.510938 0.642188 0.510938 0.643750 0.512500 0.646875 0.512500 0.648438 0.514062 0.651563 0.514062 0.653125 0.515625 0.657813 0.515625 0.659375 0.517188 0.685937 0.517188 0.687500 0.515625 0.690625 0.515625 0.692187 0.514062 0.693750 0.514062 0.696875 0.510938 0.698438 0.510938 0.703125 0.506250 0.703125 0.504687 0.706250 0.501563 0.706250 0.500000 0.707812 0.498437 0.707812 0.496875 0.709375 0.495312 0.709375 0.492188 0.710938 0.490625 0.710938 0.442188 0.709375 0.440625 0.709375 0.437500 0.707812 0.435937 0.707812 0.429688 0.706250 0.428125 0.706250 0.423438 0.704688 0.421875 0.704688 0.414062 0.703125 0.412500 0.703125 0.325000 0.701562 0.323437 0.701562 0.320312 0.698438 0.317188 0.698438 0.315625 0.695312 0.312500 0.695312 0.310937 0.692187 0.307812 0.690625 0.307812 0.687500 0.304688 0.684375 0.304688 0.682813 0.303125
0 0.548438 0.171875 0.546875 0.173437 0.528125 0.173437 0.526563 0.175000 0.521875 0.175000 0.520312 0.176563 0.515625 0.176563 0.514062 0.178125 0.512500 0.178125 0.510938 0.179688 0.507812 0.179688 0.506250 0.181250 0.492188 0.181250 0.490625 0.182812 0.489063 0.182812 0.487500 0.184375 0.482812 0.184375 0.481250 0.185938 0.479687 0.185938 0.478125 0.187500 0.476562 0.187500 0.468750 0.195312 0.468750 0.196875 0.467187 0.198437 0.467187 0.201563 0.465625 0.203125 0.465625 0.210938 0.464062 0.212500 0.464062 0.217188 0.462500 0.218750 0.462500 0.221875 0.460938 0.223438 0.460938 0.287500 0.459375 0.289062 0.459375 0.300000 0.457813 0.301563 0.457813 0.331250 0.459375 0.332813 0.459375 0.337500 0.460938 0.339062 0.460938 0.342187 0.464062 0.345313 0.464062 0.346875 0.468750 0.351562 0.468750 0.353125 0.471875 0.356250 0.473438 0.356250 0.476562 0.359375 0.478125 0.359375 0.481250 0.362500 0.482812 0.362500 0.484375 0.364063 0.489063 0.364063 0.490625 0.365625 0.509375 0.365625 0.510938 0.364063 0.512500 0.364063 0.515625 0.360938 0.517188 0.360938 0.518750 0.359375 0.520312 0.359375 0.521875 0.357812 0.523438 0.357812 0.525000 0.356250 0.526563 0.356250 0.528125 0.354687 0.531250 0.354687 0.532813 0.353125 0.534375 0.353125 0.535937 0.351562 0.539062 0.351562 0.540625 0.350000 0.542188 0.350000 0.543750 0.348438 0.545312 0.348438 0.546875 0.346875 0.550000 0.346875 0.551562 0.345313 0.554688 0.345313 0.556250 0.343750 0.557813 0.343750 0.559375 0.342187 0.560937 0.342187 0.562500 0.340625 0.565625 0.340625 0.567187 0.339062 0.568750 0.339062 0.570312 0.337500 0.571875 0.337500 0.573438 0.335938 0.576562 0.335938 0.578125 0.334375 0.581250 0.334375 0.584375 0.331250 0.585938 0.331250 0.587500 0.329688 0.589063 0.329688 0.590625 0.328125 0.592187 0.328125 0.593750 0.326562 0.595313 0.326562 0.596875 0.325000 0.598437 0.325000 0.600000 0.323437 0.601562 0.323437 0.603125 0.321875 0.604688 0.321875 0.606250 0.320312 0.607812 0.320312 0.609375 0.318750 0.610938 0.318750 0.614062 0.315625 0.617188 0.315625 0.618750 0.314063 0.620313 0.314063 0.621875 0.312500 0.623437 0.312500 0.626563 0.309375 0.628125 0.309375 0.629687 0.307812 0.631250 0.307812 0.632812 0.306250 0.634375 0.306250 0.635938 0.304688 0.637500 0.304688 0.640625 0.301563 0.642188 0.301563 0.643750 0.300000 0.646875 0.300000 0.648438 0.298438 0.650000 0.298438 0.654687 0.293750 0.656250 0.293750 0.657813 0.292187 0.659375 0.292187 0.660937 0.290625 0.662500 0.290625 0.664062 0.289062 0.667188 0.289062 0.668750 0.287500 0.670312 0.287500 0.671875 0.285938 0.673438 0.285938 0.676562 0.282813 0.678125 0.282813 0.679688 0.281250 0.681250 0.281250 0.684375 0.278125 0.685937 0.278125 0.690625 0.273438 0.690625 0.271875 0.698438 0.264062 0.698438 0.262500 0.703125 0.257812 0.703125 0.256250 0.706250 0.253125 0.706250 0.234375 0.707812 0.232813 0.707812 0.228125 0.709375 0.226562 0.709375 0.214062 0.707812 0.212500 0.707812 0.206250 0.706250 0.204687 0.706250 0.198437 0.704688 0.196875 0.704688 0.192188 0.703125 0.190625 0.703125 0.184375 0.701562 0.182812 0.701562 0.181250 0.700000 0.179688 0.698438 0.179688 0.695312 0.176563 0.693750 0.176563 0.692187 0.175000 0.690625 0.175000 0.689063 0.173437 0.687500 0.173437 0.685937 0.171875
0 0.318750 0.181250 0.317188 0.182812 0.314063 0.182812 0.312500 0.184375 0.310937 0.184375 0.309375 0.185938 0.306250 0.185938 0.304688 0.187500 0.301563 0.187500 0.300000 0.189062 0.298438 0.189062 0.296875 0.190625 0.295312 0.190625 0.287500 0.198437 0.287500 0.200000 0.285938 0.201563 0.285938 0.203125 0.284375 0.204687 0.284375 0.206250 0.282813 0.207813 0.282813 0.234375 0.281250 0.235937 0.281250 0.248438 0.279687 0.250000 0.279687 0.256250 0.278125 0.257812 0.278125 0.282813 0.279687 0.284375 0.279687 0.287500 0.281250 0.289062 0.281250 0.290625 0.293750 0.303125 0.295312 0.303125 0.296875 0.304688 0.300000 0.304688 0.303125 0.307812 0.304688 0.307812 0.306250 0.309375 0.307812 0.309375 0.309375 0.310937 0.312500 0.310937 0.315625 0.314063 0.318750 0.314063 0.320312 0.315625 0.325000 0.315625 0.326562 0.317188 0.329688 0.317188 0.331250 0.318750 0.337500 0.318750 0.339062 0.320312 0.340625 0.320312 0.342187 0.321875 0.343750 0.321875 0.345313 0.323437 0.346875 0.323437 0.348438 0.325000 0.351562 0.325000 0.353125 0.326562 0.356250 0.326562 0.357812 0.328125 0.360938 0.328125 0.362500 0.329688 0.370312 0.329688 0.371875 0.331250 0.375000 0.331250 0.376563 0.332813 0.382812 0.332813 0.385937 0.335938 0.389062 0.335938 0.390625 0.337500 0.395313 0.337500 0.396875 0.339062 0.398438 0.339062 0.400000 0.340625 0.401562 0.340625 0.403125 0.342187 0.410938 0.342187 0.412500 0.340625 0.425000 0.340625 0.426563 0.339062 0.428125 0.339062 0.429688 0.337500 0.429688 0.335938 0.431250 0.334375 0.431250 0.332813 0.435937 0.328125 0.435937 0.326562 0.437500 0.325000 0.437500 0.323437 0.439063 0.321875 0.439063 0.315625 0.440625 0.314063 0.440625 0.312500 0.442188 0.310937 0.442188 0.300000 0.443750 0.298438 0.443750 0.273438 0.445312 0.271875 0.445312 0.193750 0.442188 0.190625 0.440625 0.190625 0.437500 0.187500 0.434375 0.187500 0.432812 0.185938 0.431250 0.185938 0.429688 0.184375 0.428125 0.184375 0.426563 0.182812 0.392188 0.182812 0.390625 0.181250 0.346875 0.181250 0.345313 0.182812 0.343750 0.181250
0 0.298438 0.326562 0.296875 0.328125 0.295312 0.328125 0.293750 0.329688 0.292187 0.329688 0.290625 0.331250 0.289062 0.331250 0.281250 0.339062 0.281250 0.340625 0.279687 0.342187 0.279687 0.345313 0.278125 0.346875 0.278125 0.379688 0.279687 0.381250 0.279687 0.404687 0.278125 0.406250 0.278125 0.410938 0.276562 0.412500 0.276562 0.417187 0.275000 0.418750 0.275000 0.428125 0.273438 0.429688 0.273438 0.700000 0.275000 0.701562 0.275000 0.704688 0.278125 0.707812 0.278125 0.709375 0.281250 0.712500 0.282813 0.712500 0.285938 0.715625 0.287500 0.715625 0.289062 0.717187 0.295312 0.717187 0.296875 0.718750 0.321875 0.718750 0.323437 0.720313 0.365625 0.720313 0.367188 0.721875 0.385937 0.721875 0.387500 0.723437 0.426563 0.723437 0.428125 0.725000 0.439063 0.725000 0.440625 0.726562 0.445312 0.726562 0.446875 0.728125 0.456250 0.728125 0.457813 0.726562 0.462500 0.726562 0.464062 0.725000 0.467187 0.725000 0.470313 0.721875 0.471875 0.721875 0.475000 0.718750 0.476562 0.718750 0.481250 0.714063 0.481250 0.712500 0.482812 0.710938 0.482812 0.709375 0.485938 0.706250 0.485938 0.703125 0.487500 0.701562 0.487500 0.696875 0.489063 0.695312 0.489063 0.693750 0.490625 0.692187 0.490625 0.689063 0.492188 0.687500 0.492188 0.682813 0.493750 0.681250 0.493750 0.676562 0.495312 0.675000 0.495312 0.667188 0.496875 0.665625 0.496875 0.587500 0.498437 0.585938 0.498437 0.435937 0.500000 0.434375 0.500000 0.406250 0.498437 0.404687 0.498437 0.401562 0.496875 0.400000 0.496875 0.398438 0.495312 0.396875 0.495312 0.395313 0.492188 0.392188 0.492188 0.390625 0.485938 0.384375 0.484375 0.384375 0.482812 0.382812 0.481250 0.382812 0.479687 0.381250 0.476562 0.381250 0.475000 0.379688 0.467187 0.379688 0.465625 0.378125 0.462500 0.378125 0.460938 0.376563 0.459375 0.376563 0.457813 0.375000 0.456250 0.375000 0.454688 0.373437 0.453125 0.373437 0.451562 0.371875 0.446875 0.371875 0.445312 0.370312 0.440625 0.370312 0.439063 0.368750 0.432812 0.368750 0.431250 0.367188 0.423438 0.367188 0.421875 0.365625 0.418750 0.365625 0.417187 0.364063 0.412500 0.364063 0.410938 0.362500 0.409375 0.362500 0.407813 0.360938 0.406250 0.360938 0.404687 0.359375 0.403125 0.359375 0.401562 0.357812 0.398438 0.357812 0.396875 0.356250 0.393750 0.356250 0.392188 0.354687 0.389062 0.354687 0.387500 0.353125 0.385937 0.353125 0.384375 0.351562 0.379688 0.351562 0.378125 0.350000 0.373437 0.350000 0.371875 0.348438 0.368750 0.348438 0.367188 0.346875 0.365625 0.346875 0.364063 0.345313 0.362500 0.345313 0.360938 0.343750 0.359375 0.343750 0.357812 0.342187 0.356250 0.342187 0.354687 0.340625 0.353125 0.340625 0.350000 0.337500 0.348438 0.337500 0.346875 0.335938 0.345313 0.335938 0.343750 0.334375 0.340625 0.334375 0.339062 0.332813 0.337500 0.332813 0.335938 0.331250 0.329688 0.331250 0.328125 0.329688 0.321875 0.329688 0.320312 0.328125 0.317188 0.328125 0.315625 0.326562
0 0.531250 0.482812 0.529687 0.484375 0.525000 0.484375 0.523438 0.485938 0.521875 0.485938 0.512500 0.495312 0.512500 0.496875 0.510938 0.498437 0.510938 0.501563 0.509375 0.503125 0.509375 0.514062 0.510938 0.515625 0.510938 0.520312 0.512500 0.521875 0.512500 0.528125 0.514062 0.529687 0.514062 0.700000 0.515625 0.701562 0.515625 0.707812 0.517188 0.709375 0.517188 0.710938 0.518750 0.712500 0.518750 0.714063 0.528125 0.723437 0.529687 0.723437 0.535937 0.729688 0.537500 0.729688 0.539062 0.731250 0.540625 0.731250 0.542188 0.732812 0.550000 0.732812 0.551562 0.734375 0.589063 0.734375 0.590625 0.735938 0.684375 0.735938 0.685937 0.734375 0.687500 0.734375 0.689063 0.732812 0.690625 0.732812 0.692187 0.731250 0.693750 0.731250 0.701562 0.723437 0.701562 0.721875 0.704688 0.718750 0.704688 0.714063 0.706250 0.712500 0.706250 0.707812 0.707812 0.706250 0.707812 0.695312 0.709375 0.693750 0.709375 0.654687 0.710938 0.653125 0.710938 0.642188 0.712500 0.640625 0.712500 0.576562 0.710938 0.575000 0.710938 0.570312 0.709375 0.568750 0.709375 0.565625 0.707812 0.564063 0.707812 0.562500 0.706250 0.560937 0.706250 0.559375 0.704688 0.557813 0.704688 0.556250 0.695312 0.546875 0.693750 0.546875 0.692187 0.545312 0.689063 0.545312 0.687500 0.543750 0.685937 0.543750 0.684375 0.542188 0.681250 0.542188 0.676562 0.537500 0.675000 0.537500 0.671875 0.534375 0.670312 0.534375 0.668750 0.532813 0.665625 0.532813 0.664062 0.531250 0.662500 0.531250 0.659375 0.528125 0.656250 0.528125 0.654687 0.526563 0.653125 0.526563 0.651563 0.525000 0.648438 0.525000 0.646875 0.523438 0.640625 0.523438 0.639062 0.521875 0.632812 0.521875 0.631250 0.520312 0.629687 0.520312 0.628125 0.518750 0.625000 0.518750 0.623437 0.517188 0.621875 0.517188 0.620313 0.515625 0.618750 0.515625 0.617188 0.514062 0.614062 0.514062 0.612500 0.512500 0.609375 0.512500 0.607812 0.510938 0.606250 0.510938 0.604688 0.509375 0.601562 0.509375 0.600000 0.507812 0.596875 0.507812 0.595313 0.506250 0.593750 0.506250 0.592187 0.504687 0.589063 0.504687 0.587500 0.503125 0.585938 0.503125 0.584375 0.501563 0.581250 0.501563 0.579688 0.500000 0.578125 0.500000 0.576562 0.498437 0.573438 0.498437 0.571875 0.496875 0.568750 0.496875 0.567187 0.495312 0.564063 0.495312 0.562500 0.493750 0.559375 0.493750 0.557813 0.492188 0.556250 0.492188 0.553125 0.489063 0.551562 0.489063 0.548438 0.485938 0.546875 0.485938 0.545312 0.484375 0.540625 0.484375 0.539062 0.482812
