6 0.245938 0.390625 0.210938 0.390625 0.203125 0.428125 0.176563 0.468750 0.173437 0.517188 0.165625 0.521875 0.165625 0.579688 0.171875 0.579688 0.181250 0.590625 0.187500 0.640625 0.217188 0.678125 0.235937 0.693750 0.257812 0.689063 0.295312 0.671875 0.418750 0.609375 0.451562 0.589063 0.464062 0.571875 0.470313 0.571875 0.470313 0.476562 0.465625 0.476562 0.450000 0.457813 0.390625 0.442188 0.326562 0.404687 0.290625 0.398438 0.262500 0.400000 0.254688 0.390625
3 0.664844 0.646875 0.621875 0.646875 0.621875 0.653125 0.603125 0.668750 0.596875 0.684375 0.590625 0.685937 0.590625 0.889062 0.598437 0.892188 0.603125 0.906250 0.615625 0.920312 0.650000 0.939063 0.651563 0.945312 0.742188 0.945312 0.743750 0.939063 0.764062 0.939063 0.765625 0.945312 0.846875 0.945312 0.851562 0.937500 0.876563 0.932813 0.876563 0.725000 0.695312 0.664062 0.676562 0.654687 0.673438 0.646875
0 0.438942 0.071875 0.240625 0.071875 0.235937 0.081250 0.204687 0.101562 0.189062 0.137500 0.185938 0.178125 0.178125 0.184375 0.178125 0.310937 0.217188 0.337500 0.382812 0.398438 0.390625 0.407813 0.435937 0.407813 0.435937 0.403125 0.460938 0.382812 0.468750 0.365625 0.476562 0.362500 0.476562 0.107813 0.468750 0.104688 0.446875 0.071875
0 0.522656 0.596875 0.479687 0.596875 0.475000 0.606250 0.460938 0.614062 0.359375 0.665625 0.285938 0.696875 0.173437 0.764062 0.150000 0.801562 0.140625 0.806250 0.140625 0.907813 0.145313 0.907813 0.173437 0.939063 0.232813 0.959375 0.271875 0.954688 0.303125 0.960938 0.400000 0.964063 0.401562 0.970313 0.500000 0.970313 0.501563 0.964063 0.529687 0.964063 0.548438 0.954688 0.570312 0.909375 0.576562 0.907813 0.576562 0.673438 0.570312 0.671875 0.564063 0.637500 0.551562 0.618750 0.531250 0.603125 0.531250 0.596875
0 0.252455 0.365625 0.201563 0.365625 0.176563 0.401562 0.167187 0.481250 0.159375 0.485938 0.159375 0.681250 0.190625 0.706250 0.193750 0.714063 0.243750 0.714063 0.253125 0.701562 0.442188 0.603125 0.462500 0.584375 0.473438 0.562500 0.473438 0.490625 0.465625 0.459375 0.456250 0.446875 0.432812 0.432812 0.334375 0.403125 0.268750 0.376563 0.260937 0.365625
0 0.820189 0.065625 0.526563 0.065625 0.523438 0.075000 0.490625 0.100000 0.490625 0.532813 0.498437 0.535937 0.517188 0.565625 0.539062 0.578125 0.809375 0.670312 0.829688 0.679688 0.834375 0.689063 0.873437 0.689063 0.876563 0.417187 0.871875 0.215625 0.857812 0.106250 0.846875 0.085938 0.828125 0.071875 0.828125 0.065625
5 0.546875 0.200000 0.523438 0.256250 0.515625 0.259375 0.515625 0.515625 0.523438 0.518750 0.535937 0.546875 0.559375 0.570312 0.659375 0.604688 0.665625 0.614062 0.685937 0.614062 0.689063 0.582812 0.720313 0.564063 0.751563 0.537500 0.773438 0.498437 0.782813 0.493750 0.782813 0.482812 0.775000 0.479687 0.629687 0.264062 0.614062 0.250000 0.573438 0.229687 0.551562 0.204687
7 0.409278 0.146875 0.290625 0.146875 0.289062 0.153125 0.276562 0.157812 0.256250 0.154688 0.242188 0.159375 0.239063 0.168750 0.265625 0.239063 0.265625 0.250000 0.228125 0.281250 0.221875 0.281250 0.221875 0.323437 0.348438 0.376563 0.382812 0.382812 0.404687 0.395313 0.406250 0.401562 0.414062 0.401562 0.434375 0.354687 0.428125 0.328125 0.448437 0.312500 0.462500 0.287500 0.464062 0.271875 0.460938 0.195312 0.417187 0.151562 0.417187 0.146875
0 0.676172 0.640625 0.618750 0.640625 0.610938 0.653125 0.590625 0.667188 0.590625 0.907813 0.598437 0.910937 0.615625 0.935937 0.656250 0.957812 0.657813 0.964063 0.860938 0.964063 0.864062 0.956250 0.876563 0.951562 0.876563 0.706250 0.846875 0.703125 0.709375 0.657813 0.685937 0.648438 0.684375 0.640625
5 0.632812 0.090625 0.617188 0.090625 0.612500 0.100000 0.590625 0.112500 0.590625 0.123438 0.609375 0.128125 0.635938 0.153125 0.646875 0.175000 0.654687 0.214062 0.665625 0.239063 0.800000 0.414062 0.814063 0.428125 0.821875 0.428125 0.851562 0.406250 0.870313 0.367188 0.871875 0.289062 0.803125 0.234375 0.759375 0.207813 0.692187 0.134375 0.662500 0.107813 0.643750 0.098437 0.640625 0.090625
