2 0.615417 0.540625 0.503125 0.540625 0.503125 0.546875 0.481250 0.568750 0.454688 0.651563 0.431250 0.696875 0.418750 0.739062 0.403125 0.770312 0.429688 0.817187 0.423438 0.823438 0.396875 0.829688 0.403125 0.831250 0.406250 0.840625 0.432812 0.865625 0.432812 0.870313 0.579688 0.870313 0.582812 0.862500 0.603125 0.856250 0.726562 0.851562 0.743750 0.843750 0.751563 0.834375 0.760938 0.814063 0.759375 0.789062 0.643750 0.564063 0.623437 0.540625
4 0.808789 0.446875 0.750000 0.446875 0.748437 0.453125 0.726562 0.462500 0.673438 0.470313 0.659375 0.479687 0.659375 0.537500 0.676562 0.546875 0.690625 0.543750 0.695312 0.548438 0.700000 0.559375 0.689063 0.589063 0.701562 0.620313 0.712500 0.631250 0.825000 0.828125 0.875000 0.868750 0.876563 0.876563 0.998437 0.876563 0.998437 0.837500 0.989062 0.835938 0.981250 0.840625 0.954688 0.828125 0.976562 0.771875 0.998437 0.740625 0.998437 0.679688 0.978125 0.660937 0.982812 0.629687 0.979688 0.564063 0.934375 0.532813 0.921875 0.501563 0.882812 0.465625 0.825000 0.456250 0.817187 0.446875
1 0.830937 0.165625 0.757812 0.165625 0.734375 0.198437 0.696875 0.326562 0.693750 0.334375 0.684375 0.339062 0.684375 0.384375 0.689063 0.384375 0.714063 0.410938 0.751563 0.420312 0.753125 0.426563 0.796875 0.426563 0.798438 0.420312 0.898438 0.412500 0.918750 0.404687 0.932813 0.385937 0.929688 0.253125 0.918750 0.203125 0.912500 0.192188 0.893750 0.178125 0.840625 0.171875 0.839063 0.165625
5 0.171702 0.165625 0.107813 0.165625 0.104688 0.173437 0.090625 0.181250 0.090625 0.245312 0.167187 0.257812 0.231250 0.296875 0.418750 0.325000 0.442188 0.323437 0.456250 0.271875 0.464062 0.267188 0.464062 0.229687 0.456250 0.226562 0.446875 0.189062 0.440625 0.182812 0.292187 0.182812 0.181250 0.171875 0.179688 0.165625
0 0.646875 0.134375 0.084375 0.134375 0.056250 0.181250 0.046875 0.218750 0.048438 0.264062 0.039062 0.303125 0.034375 0.295312 0.034375 0.309375 0.040625 0.312500 0.043750 0.328125 0.025000 0.432812 0.025000 0.464062 0.029687 0.475000 0.054688 0.501563 0.092188 0.512500 0.096875 0.520312 0.348438 0.520312 0.350000 0.514062 0.367188 0.512500 0.425000 0.514062 0.426563 0.520312 0.582812 0.520312 0.614062 0.484375 0.631250 0.451562 0.706250 0.217188 0.714063 0.212500 0.714063 0.187500 0.706250 0.184375 0.698438 0.164062 0.685937 0.151562 0.656250 0.140625 0.654687 0.134375
0 0.931055 0.434375 0.682813 0.434375 0.682813 0.440625 0.646875 0.471875 0.646875 0.521875 0.654687 0.525000 0.667188 0.548438 0.692187 0.609375 0.712500 0.631250 0.779687 0.751563 0.817187 0.831250 0.851562 0.870313 0.867188 0.875000 0.998437 0.875000 0.998437 0.554688 0.984375 0.484375 0.973437 0.465625 0.940625 0.442188 0.939063 0.434375
0 0.620105 0.534375 0.507812 0.534375 0.507812 0.539062 0.478125 0.564063 0.450000 0.640625 0.435937 0.695312 0.415625 0.725000 0.398438 0.779687 0.390625 0.781250 0.390625 0.859375 0.396875 0.859375 0.407813 0.870313 0.407813 0.876563 0.764062 0.876563 0.781250 0.848437 0.789062 0.845313 0.789062 0.793750 0.781250 0.790625 0.734375 0.714063 0.665625 0.576562 0.628125 0.534375
7 0.578125 0.209375 0.559375 0.209375 0.559375 0.214062 0.537500 0.231250 0.520312 0.264062 0.492188 0.300000 0.485938 0.320312 0.487500 0.332813 0.535937 0.343750 0.546875 0.359375 0.496875 0.412500 0.478125 0.401562 0.467187 0.403125 0.460938 0.410938 0.440625 0.464062 0.445312 0.478125 0.465625 0.490625 0.493750 0.496875 0.507812 0.484375 0.520312 0.484375 0.553125 0.501563 0.554688 0.507812 0.562500 0.507812 0.564063 0.501563 0.584375 0.493750 0.609375 0.451562 0.623437 0.406250 0.621875 0.384375 0.662500 0.270313 0.670312 0.265625 0.670312 0.228125 0.625000 0.215625 0.592187 0.217188 0.587500 0.209375
0 0.895312 0.146875 0.754687 0.146875 0.734375 0.184375 0.692187 0.321875 0.684375 0.326562 0.684375 0.395313 0.717187 0.418750 0.720313 0.426563 0.929688 0.426563 0.929688 0.421875 0.946875 0.407813 0.959375 0.376563 0.950000 0.198437 0.942187 0.179688 0.924322 0.157575 0.903125 0.146875
5 0.245089 0.346875 0.196875 0.346875 0.193750 0.354687 0.156250 0.364063 0.090625 0.362500 0.090625 0.470313 0.100000 0.475000 0.114062 0.498437 0.148438 0.500000 0.209375 0.489063 0.293750 0.484375 0.346875 0.459375 0.392188 0.414062 0.401562 0.412500 0.401562 0.382812 0.353125 0.368750 0.259375 0.354687 0.253125 0.346875
1 0.114062 0.540625 0.112500 0.546875 0.090625 0.548438 0.071875 0.557813 0.056250 0.575000 0.046875 0.595313 0.043750 0.676562 0.040625 0.693750 0.034375 0.695312 0.034375 0.781250 0.051562 0.775000 0.093750 0.778125 0.120313 0.793750 0.123438 0.804688 0.117188 0.820312 0.107813 0.829688 0.092188 0.834375 0.092188 0.839063 0.328125 0.839063 0.326562 0.831250 0.312500 0.826562 0.281250 0.828125 0.259375 0.817187 0.248438 0.823438 0.234375 0.817187 0.204687 0.821875 0.198437 0.809375 0.200000 0.796875 0.220312 0.784375 0.240625 0.787500 0.273438 0.779687 0.301563 0.785937 0.315625 0.803125 0.310937 0.807813 0.314063 0.810937 0.340625 0.809375 0.425000 0.615625 0.432812 0.612500 0.432812 0.575000 0.425000 0.571875 0.401562 0.540625 0.123438 0.540625 0.121875 0.546875 0.117188 0.546875 0.115625 0.540625
0 0.388942 0.534375 0.087500 0.534375 0.084375 0.542188 0.059375 0.553125 0.040625 0.571875 0.023438 0.615625 0.015625 0.618750 0.015625 0.853125 0.023438 0.856250 0.031250 0.870313 0.075000 0.875000 0.328125 0.871875 0.351562 0.839063 0.367188 0.782813 0.401562 0.695312 0.431250 0.626563 0.439063 0.623437 0.439063 0.576562 0.434375 0.576562 0.396875 0.534375
