4 0.535625 0.121875 0.503125 0.121875 0.503125 0.128125 0.487500 0.146875 0.478125 0.151562 0.478125 0.339062 0.484375 0.340625 0.489063 0.389062 0.498437 0.406250 0.520312 0.420312 0.521875 0.426563 0.535937 0.426563 0.537500 0.420312 0.582812 0.400000 0.615625 0.392188 0.784375 0.303125 0.800000 0.293750 0.832812 0.256250 0.839063 0.256250 0.839063 0.239063 0.832812 0.239063 0.810937 0.212500 0.784375 0.195312 0.793750 0.189062 0.798438 0.178125 0.792188 0.153125 0.750000 0.137500 0.735938 0.126562 0.735938 0.121875 0.714063 0.121875 0.710938 0.129688 0.695312 0.135937 0.670312 0.134375 0.653125 0.139063 0.617188 0.137500 0.603125 0.126562 0.603125 0.121875 0.575000 0.121875 0.567187 0.131250 0.545312 0.129688 0.543750 0.121875
7 0.382142 0.115625 0.331250 0.115625 0.331250 0.121875 0.314063 0.132812 0.270313 0.123438 0.237500 0.142187 0.209375 0.176563 0.203125 0.178125 0.203125 0.275000 0.209375 0.276562 0.221875 0.306250 0.235937 0.321875 0.301563 0.345313 0.318750 0.345313 0.346875 0.335938 0.364063 0.367188 0.395313 0.381250 0.398438 0.389062 0.409375 0.389062 0.412500 0.381250 0.439063 0.370312 0.445312 0.357812 0.434375 0.310937 0.446875 0.282813 0.450000 0.239063 0.457813 0.218750 0.464062 0.217188 0.464062 0.185938 0.456250 0.182812 0.450000 0.164062 0.440625 0.153125 0.410938 0.129688 0.392188 0.121875 0.390625 0.115625
0 0.660244 0.609375 0.592187 0.609375 0.589063 0.618750 0.571875 0.631250 0.571875 0.903125 0.579688 0.906250 0.603125 0.939063 0.662500 0.939063 0.668750 0.931250 0.715625 0.925000 0.756250 0.926562 0.798438 0.915625 0.821875 0.895312 0.831250 0.873437 0.832812 0.851562 0.839063 0.850000 0.839063 0.770312 0.832812 0.768750 0.832812 0.712500 0.821875 0.678125 0.801562 0.664062 0.676562 0.618750 0.668750 0.609375
0 0.265039 0.353125 0.206250 0.353125 0.201563 0.362500 0.171875 0.385937 0.171875 0.540625 0.178125 0.542188 0.182812 0.593750 0.182812 0.717187 0.195312 0.939063 0.210938 0.960938 0.229687 0.970313 0.231250 0.976562 0.259375 0.976562 0.265625 0.968750 0.315625 0.960938 0.493750 0.948438 0.529687 0.940625 0.550000 0.925000 0.557813 0.900000 0.564063 0.898438 0.564063 0.717187 0.557813 0.715625 0.557813 0.612500 0.546875 0.478125 0.534375 0.460938 0.514062 0.445312 0.296875 0.368750 0.276562 0.360938 0.273438 0.353125
0 0.401331 0.103125 0.192188 0.103125 0.168750 0.132812 0.159375 0.137500 0.159375 0.287500 0.170313 0.290625 0.201563 0.320312 0.242188 0.339062 0.382812 0.387500 0.387500 0.395313 0.434375 0.395313 0.462500 0.359375 0.470313 0.356250 0.470313 0.181250 0.464062 0.179688 0.459375 0.156250 0.443750 0.128125 0.426563 0.114062 0.410938 0.109375 0.409375 0.103125
0 0.794063 0.321875 0.757812 0.321875 0.757812 0.328125 0.750000 0.334375 0.600000 0.414062 0.565625 0.442188 0.565625 0.550000 0.571875 0.550000 0.578125 0.560937 0.600000 0.578125 0.768750 0.637500 0.771875 0.645312 0.790625 0.645312 0.790625 0.640625 0.820312 0.615625 0.831250 0.589063 0.826562 0.484375 0.829688 0.375000 0.826562 0.357812 0.803125 0.321875
0 0.760795 0.115625 0.506250 0.115625 0.485938 0.142187 0.478125 0.145313 0.478125 0.387500 0.484375 0.389062 0.492188 0.407813 0.517188 0.425000 0.520312 0.432812 0.553125 0.432812 0.556250 0.425000 0.800000 0.296875 0.825000 0.275000 0.834375 0.259375 0.839063 0.259375 0.839063 0.187500 0.832812 0.185938 0.826562 0.151562 0.807813 0.129688 0.773438 0.123438 0.768750 0.115625
5 0.342187 0.759375 0.209375 0.759375 0.209375 0.918750 0.239063 0.923438 0.245312 0.939063 0.251563 0.939063 0.253125 0.931250 0.264062 0.923438 0.373437 0.921875 0.428125 0.903125 0.451562 0.892188 0.478125 0.870313 0.498437 0.845313 0.514062 0.812500 0.520312 0.810937 0.520312 0.796875 0.457813 0.787500 0.390625 0.770312 0.354687 0.767188 0.350000 0.759375
5 0.271875 0.515625 0.267188 0.525000 0.246875 0.531250 0.246875 0.584375 0.254688 0.589063 0.262500 0.626563 0.350000 0.626563 0.351562 0.620313 0.481250 0.598437 0.526563 0.576562 0.526563 0.542188 0.504687 0.543750 0.482812 0.532813 0.451562 0.525000 0.429688 0.525000 0.421875 0.515625 0.321875 0.515625 0.320312 0.521875 0.304688 0.523438 0.298438 0.515625 0.292187 0.515625 0.290625 0.521875 0.281250 0.515625 0.278125 0.523438 0.271875 0.521875
5 0.520072 0.615625 0.318750 0.615625 0.317188 0.621875 0.281250 0.623437 0.259375 0.629687 0.226562 0.660937 0.209375 0.668750 0.209375 0.748437 0.243750 0.757812 0.300000 0.757812 0.381250 0.767188 0.481250 0.790625 0.545312 0.790625 0.557813 0.784375 0.557813 0.779687 0.550000 0.773438 0.539062 0.664062 0.528125 0.615625
1 0.641406 0.609375 0.598437 0.609375 0.598437 0.615625 0.585938 0.629687 0.578125 0.631250 0.578125 0.909375 0.584375 0.909375 0.607812 0.928125 0.646875 0.929688 0.682813 0.907813 0.726562 0.906250 0.751563 0.914062 0.796875 0.907813 0.817187 0.890625 0.828125 0.867188 0.831250 0.781250 0.832812 0.770312 0.839063 0.768750 0.839063 0.757812 0.834375 0.757812 0.831250 0.750000 0.826562 0.695312 0.806250 0.670312 0.790625 0.662500 0.654687 0.617188 0.650000 0.609375
5 0.267045 0.428125 0.187500 0.428125 0.185938 0.446875 0.178125 0.451562 0.178125 0.493750 0.184375 0.495312 0.192188 0.509375 0.210938 0.514062 0.312500 0.514062 0.471875 0.529687 0.503125 0.546875 0.496875 0.557813 0.485938 0.551562 0.465625 0.556250 0.431250 0.551562 0.420312 0.556250 0.418750 0.564063 0.526563 0.564063 0.526563 0.528125 0.518750 0.525000 0.512500 0.510938 0.482812 0.490625 0.385937 0.456250 0.279687 0.435937 0.275000 0.428125
2 0.762500 0.334375 0.756250 0.340625 0.754687 0.340625 0.751563 0.343750 0.750000 0.343750 0.748437 0.345313 0.746875 0.345313 0.745313 0.346875 0.743750 0.346875 0.740625 0.350000 0.739062 0.350000 0.734375 0.354687 0.732812 0.354687 0.728125 0.359375 0.726562 0.359375 0.723437 0.362500 0.723437 0.364063 0.720313 0.367188 0.718750 0.367188 0.717187 0.368750 0.715625 0.368750 0.714063 0.370312 0.709375 0.370312 0.707812 0.371875 0.703125 0.371875 0.700000 0.375000 0.698438 0.375000 0.695312 0.378125 0.693750 0.378125 0.692187 0.379688 0.690625 0.379688 0.689063 0.381250 0.685937 0.381250 0.682813 0.384375 0.681250 0.384375 0.679688 0.385937 0.678125 0.385937 0.676562 0.387500 0.673438 0.387500 0.671875 0.389062 0.670312 0.389062 0.668750 0.390625 0.665625 0.390625 0.662500 0.393750 0.660937 0.393750 0.659375 0.395313 0.657813 0.395313 0.656250 0.396875 0.653125 0.396875 0.651563 0.398438 0.650000 0.398438 0.648438 0.400000 0.646875 0.400000 0.645312 0.401562 0.643750 0.401562 0.642188 0.403125 0.637500 0.403125 0.635938 0.404687 0.634375 0.404687 0.631250 0.407813 0.629687 0.407813 0.628125 0.409375 0.626563 0.409375 0.625000 0.410938 0.623437 0.410938 0.621875 0.412500 0.620313 0.412500 0.618750 0.414062 0.617188 0.414062 0.615625 0.415625 0.614062 0.415625 0.612500 0.417187 0.609375 0.417187 0.607812 0.418750 0.606250 0.418750 0.601562 0.423438 0.600000 0.423438 0.598437 0.425000 0.589063 0.425000 0.584375 0.429688 0.582812 0.429688 0.578125 0.434375 0.576562 0.434375 0.571875 0.439063 0.571875 0.548438 0.575000 0.548438 0.582812 0.556250 0.582812 0.557813 0.590625 0.565625 0.592187 0.565625 0.595313 0.568750 0.596875 0.568750 0.598437 0.570312 0.600000 0.570312 0.601562 0.571875 0.603125 0.571875 0.606250 0.575000 0.607812 0.575000 0.609375 0.576562 0.612500 0.576562 0.614062 0.578125 0.617188 0.578125 0.618750 0.579688 0.621875 0.579688 0.623437 0.581250 0.626563 0.581250 0.628125 0.582812 0.631250 0.582812 0.632812 0.584375 0.635938 0.584375 0.637500 0.585938 0.640625 0.585938 0.642188 0.587500 0.645312 0.587500 0.646875 0.589063 0.650000 0.589063 0.651563 0.590625 0.654687 0.590625 0.656250 0.592187 0.659375 0.592187 0.660937 0.593750 0.664062 0.593750 0.665625 0.595313 0.668750 0.595313 0.670312 0.596875 0.673438 0.596875 0.675000 0.598437 0.678125 0.598437 0.679688 0.600000 0.682813 0.600000 0.684375 0.601562 0.687500 0.601562 0.689063 0.603125 0.692187 0.603125 0.693750 0.604688 0.696875 0.604688 0.698438 0.606250 0.701562 0.606250 0.703125 0.607812 0.706250 0.607812 0.707812 0.609375 0.710938 0.609375 0.712500 0.610938 0.715625 0.610938 0.717187 0.612500 0.720313 0.612500 0.721875 0.614062 0.725000 0.614062 0.726562 0.615625 0.729688 0.615625 0.731250 0.617188 0.734375 0.617188 0.735938 0.618750 0.739062 0.618750 0.740625 0.620313 0.743750 0.620313 0.745313 0.621875 0.748437 0.621875 0.754687 0.628125 0.754687 0.629687 0.756250 0.631250 0.785937 0.631250 0.789062 0.628125 0.789062 0.626563 0.792188 0.623437 0.792188 0.621875 0.795312 0.618750 0.795312 0.617188 0.798438 0.614062 0.798438 0.612500 0.801562 0.609375 0.801562 0.607812 0.806250 0.603125 0.806250 0.601562 0.809375 0.598437 0.809375 0.596875 0.812500 0.593750 0.812500 0.570312 0.810937 0.568750 0.810937 0.523438 0.809375 0.521875 0.809375 0.493750 0.810937 0.492188 0.810937 0.485938 0.812500 0.484375 0.812500 0.482812 0.814063 0.481250 0.814063 0.479687 0.807813 0.473438 0.812500 0.468750 0.812500 0.467187 0.810937 0.465625 0.810937 0.464062 0.807813 0.460938 0.807813 0.459375 0.806250 0.457813 0.806250 0.445312 0.804688 0.443750 0.804688 0.426563 0.806250 0.425000 0.806250 0.415625 0.807813 0.414062 0.807813 0.403125 0.809375 0.401562 0.809375 0.390625 0.810937 0.389062 0.810937 0.379688 0.812500 0.378125 0.812500 0.371875 0.809375 0.368750 0.809375 0.367188 0.806250 0.364063 0.806250 0.362500 0.803125 0.359375 0.803125 0.357812 0.800000 0.354687 0.800000 0.353125 0.796875 0.350000 0.796875 0.348438 0.792188 0.343750 0.792188 0.342187 0.789062 0.339062 0.789062 0.337500 0.785937 0.334375
